ts_code,trade_date,adj_factor
000001.SZ,20190703,109.169
000002.SZ,20190703,142.668
000004.SZ,20190703,4.064
000005.SZ,20190703,9.268
000006.SZ,20190703,35.426
000007.SZ,20190703,8.284
000008.SZ,20190703,22.333
000009.SZ,20190703,7.364
000010.SZ,20190703,10.775
000011.SZ,20190703,3.603
000012.SZ,20190703,26.405
000014.SZ,20190703,5.421
000016.SZ,20190703,21.174
000017.SZ,20190703,2.683
000018.SZ,20190703,6.719
000019.SZ,20190703,4.11
000020.SZ,20190703,1.752
000021.SZ,20190703,14.002
000023.SZ,20190703,2.654
000025.SZ,20190703,2.731
000026.SZ,20190703,7.354
000027.SZ,20190703,13.536
000028.SZ,20190703,3.943
000029.SZ,20190703,2.202
000030.SZ,20190703,3.316
000031.SZ,20190703,14.224
000032.SZ,20190703,4.146
000034.SZ,20190703,3.014
000035.SZ,20190703,4.612
000036.SZ,20190703,10.994
000037.SZ,20190703,5.659
000038.SZ,20190703,2.924
000039.SZ,20190703,30.346
000040.SZ,20190703,4.301
000042.SZ,20190703,13.204
000043.SZ,20190703,8.333
000045.SZ,20190703,2.928
000046.SZ,20190703,32.39
000048.SZ,20190703,5.901
000049.SZ,20190703,5.42
000050.SZ,20190703,8.323
000055.SZ,20190703,9.67
000056.SZ,20190703,4.697
000058.SZ,20190703,3.243
000059.SZ,20190703,1.623
000060.SZ,20190703,37.072
000061.SZ,20190703,21.313
000062.SZ,20190703,7.163
000063.SZ,20190703,15.787
000065.SZ,20190703,15.142
000066.SZ,20190703,10.757
000068.SZ,20190703,2.28
000069.SZ,20190703,40.462
000070.SZ,20190703,3.458
000078.SZ,20190703,20.3674
000088.SZ,20190703,7.357
000089.SZ,20190703,6.955
000090.SZ,20190703,7.037
000096.SZ,20190703,2.65
000099.SZ,20190703,3.776
000100.SZ,20190703,3.094
000150.SZ,20190703,3.944
000151.SZ,20190703,2.753
000153.SZ,20190703,5.56
000155.SZ,20190703,1.568
000156.SZ,20190703,1.004
000157.SZ,20190703,68.268
000158.SZ,20190703,2.952
000159.SZ,20190703,3.18
000166.SZ,20190703,1.429
000301.SZ,20190703,2.247
000333.SZ,20190703,4.513
000338.SZ,20190703,18.751
000400.SZ,20190703,7.638
000401.SZ,20190703,3.936
000402.SZ,20190703,35.734
000403.SZ,20190703,4.217
000404.SZ,20190703,3.317
000407.SZ,20190703,10.883
000408.SZ,20190703,5.675
000409.SZ,20190703,2.15
000410.SZ,20190703,2.889
000411.SZ,20190703,2.563
000413.SZ,20190703,4.529
000415.SZ,20190703,20.919
000416.SZ,20190703,9.569
000417.SZ,20190703,17.193
000419.SZ,20190703,13.955
000420.SZ,20190703,6.352
000421.SZ,20190703,6.711
000422.SZ,20190703,14.787
000423.SZ,20190703,9.752
000425.SZ,20190703,38.052
000426.SZ,20190703,16.932
000428.SZ,20190703,12.139
000429.SZ,20190703,3.553
000430.SZ,20190703,4.612
000488.SZ,20190703,8.852
000498.SZ,20190703,2.757
000501.SZ,20190703,6.584
000502.SZ,20190703,3.113
000503.SZ,20190703,7.615
000504.SZ,20190703,2.103
000505.SZ,20190703,3.312
000506.SZ,20190703,2.872
000507.SZ,20190703,4.518
000509.SZ,20190703,9.7463
000510.SZ,20190703,10.422
000513.SZ,20190703,8.171
000514.SZ,20190703,4.32
000516.SZ,20190703,39.873
000517.SZ,20190703,12.884
000518.SZ,20190703,8.377
000519.SZ,20190703,7.901
000520.SZ,20190703,6.855
000521.SZ,20190703,5.133
000523.SZ,20190703,6.641
000524.SZ,20190703,4.831
000525.SZ,20190703,7.436
000526.SZ,20190703,2.471
000528.SZ,20190703,11.447
000529.SZ,20190703,3.123
000530.SZ,20190703,9.662
000531.SZ,20190703,12.228
000532.SZ,20190703,4.407
000533.SZ,20190703,2.258
000534.SZ,20190703,4.133
000536.SZ,20190703,3.673
000537.SZ,20190703,5.863
000538.SZ,20190703,17.639
000539.SZ,20190703,17.55
000540.SZ,20190703,79.839
000541.SZ,20190703,28.905
000543.SZ,20190703,4.493
000544.SZ,20190703,3.383
000545.SZ,20190703,4.252
000546.SZ,20190703,1.804
000547.SZ,20190703,10.532
000548.SZ,20190703,3.536
000550.SZ,20190703,3.095
000551.SZ,20190703,7.726
000552.SZ,20190703,6.567
000553.SZ,20190703,4.14
000554.SZ,20190703,4.896
000555.SZ,20190703,3.133
000557.SZ,20190703,7.328
000558.SZ,20190703,5.957
000559.SZ,20190703,33.628
000560.SZ,20190703,5.202
000561.SZ,20190703,2.52
000563.SZ,20190703,17.192
000564.SZ,20190703,3.02
000565.SZ,20190703,7.555
000566.SZ,20190703,9.514
000567.SZ,20190703,4.748
000568.SZ,20190703,31.782
000570.SZ,20190703,4.499
000571.SZ,20190703,7.613
000572.SZ,20190703,4.656
000573.SZ,20190703,7.371
000576.SZ,20190703,6.187
000581.SZ,20190703,4.79
000582.SZ,20190703,4.79
000584.SZ,20190703,4.835
000585.SZ,20190703,1.277
000586.SZ,20190703,3.698
000587.SZ,20190703,12.655
000589.SZ,20190703,4.965
000590.SZ,20190703,4.764
000591.SZ,20190703,13.153
000592.SZ,20190703,6.375
000593.SZ,20190703,5.6
000595.SZ,20190703,4.958
000596.SZ,20190703,3.384
000597.SZ,20190703,2.157
000598.SZ,20190703,24.678
000599.SZ,20190703,4.856
000600.SZ,20190703,6.795
000601.SZ,20190703,9.613
000603.SZ,20190703,4.234
000605.SZ,20190703,3.535
000606.SZ,20190703,6.443
000607.SZ,20190703,3.754
000608.SZ,20190703,11.125
000609.SZ,20190703,6.029
000610.SZ,20190703,3.013
000611.SZ,20190703,4.596
000612.SZ,20190703,9.694
000613.SZ,20190703,1.43
000615.SZ,20190703,9.093
000616.SZ,20190703,28.319
000617.SZ,20190703,4.931
000619.SZ,20190703,9.196
000620.SZ,20190703,2.179
000622.SZ,20190703,2.525
000623.SZ,20190703,20.903
000625.SZ,20190703,7.783
000626.SZ,20190703,10.678
000627.SZ,20190703,27.252
000628.SZ,20190703,3.123
000629.SZ,20190703,7.789
000630.SZ,20190703,26.688
000631.SZ,20190703,17.793
000632.SZ,20190703,7.527
000633.SZ,20190703,7.479
000635.SZ,20190703,4.069
000636.SZ,20190703,17.34
000637.SZ,20190703,16.52
000638.SZ,20190703,4.42
000639.SZ,20190703,7.718
000650.SZ,20190703,21.222
000651.SZ,20190703,151.537
000652.SZ,20190703,27.284
000655.SZ,20190703,5.716
000656.SZ,20190703,6.535
000657.SZ,20190703,4.24
000659.SZ,20190703,16.527
000661.SZ,20190703,3.711
000662.SZ,20190703,6.043
000663.SZ,20190703,4.049
000665.SZ,20190703,4.066
000666.SZ,20190703,1.587
000667.SZ,20190703,25.348
000668.SZ,20190703,3.662
000669.SZ,20190703,3.651
000670.SZ,20190703,10.09
000671.SZ,20190703,31.274
000672.SZ,20190703,5.815
000673.SZ,20190703,11.508
000676.SZ,20190703,8.268
000677.SZ,20190703,18.3
000678.SZ,20190703,4.96
000679.SZ,20190703,5.763
000680.SZ,20190703,5.42
000681.SZ,20190703,5.017
000682.SZ,20190703,15.625
000683.SZ,20190703,7.556
000685.SZ,20190703,13.95
000686.SZ,20190703,12.883
000687.SZ,20190703,3.319
000688.SZ,20190703,4.947
000690.SZ,20190703,40.856
000691.SZ,20190703,3.055
000692.SZ,20190703,12.19
000693.SZ,20190703,2.15
000695.SZ,20190703,2.55
000697.SZ,20190703,3.675
000698.SZ,20190703,3.031
000700.SZ,20190703,15.107
000701.SZ,20190703,1.723
000702.SZ,20190703,2.553
000703.SZ,20190703,6.896
000705.SZ,20190703,5.376
000707.SZ,20190703,3.038
000708.SZ,20190703,2.045
000709.SZ,20190703,9.793
000710.SZ,20190703,3.497
000711.SZ,20190703,9.759
000712.SZ,20190703,13.151
000713.SZ,20190703,4.448
000715.SZ,20190703,3.279
000716.SZ,20190703,3.766
000717.SZ,20190703,4.493
000718.SZ,20190703,7.417
000719.SZ,20190703,4.328
000720.SZ,20190703,7.26
000721.SZ,20190703,4.69
000722.SZ,20190703,3.883
000723.SZ,20190703,6.703
000725.SZ,20190703,4.859
000726.SZ,20190703,7.937
000727.SZ,20190703,5.635
000728.SZ,20190703,2.227
000729.SZ,20190703,8.061
000731.SZ,20190703,11.2
000732.SZ,20190703,2.186
000733.SZ,20190703,2.197
000735.SZ,20190703,5.818
000736.SZ,20190703,2.271
000737.SZ,20190703,3.636
000738.SZ,20190703,1.794
000739.SZ,20190703,12.169
000750.SZ,20190703,11.422
000751.SZ,20190703,3.371
000752.SZ,20190703,4.771
000753.SZ,20190703,10.74
000755.SZ,20190703,2.567
000756.SZ,20190703,1.949
000757.SZ,20190703,4.024
000758.SZ,20190703,16.822
000759.SZ,20190703,6.953
000760.SZ,20190703,8.186
000761.SZ,20190703,1.897
000762.SZ,20190703,5.38
000766.SZ,20190703,3.268
000767.SZ,20190703,10.762
000768.SZ,20190703,8.39
000776.SZ,20190703,5.405
000777.SZ,20190703,6.938
000778.SZ,20190703,12.26
000779.SZ,20190703,2.278
000780.SZ,20190703,4.632
000782.SZ,20190703,3.368
000783.SZ,20190703,5.388
000785.SZ,20190703,6.359
000786.SZ,20190703,10.578
000788.SZ,20190703,3.754
000789.SZ,20190703,5.574
000790.SZ,20190703,12.227
000791.SZ,20190703,3.601
000792.SZ,20190703,7.369
000793.SZ,20190703,12.769
000795.SZ,20190703,4.284
000796.SZ,20190703,4.026
000797.SZ,20190703,5.382
000798.SZ,20190703,2.302
000799.SZ,20190703,2.02
000800.SZ,20190703,2.378
000801.SZ,20190703,14.457
000802.SZ,20190703,3.328
000803.SZ,20190703,3.005
000806.SZ,20190703,8.502
000807.SZ,20190703,6.803
000809.SZ,20190703,2.896
000810.SZ,20190703,5.233
000811.SZ,20190703,15.154
000812.SZ,20190703,7.363
000813.SZ,20190703,3.775
000815.SZ,20190703,3.446
000816.SZ,20190703,7.31
000818.SZ,20190703,2.036
000819.SZ,20190703,7.554
000820.SZ,20190703,1.925
000821.SZ,20190703,2.462
000822.SZ,20190703,2.344
000823.SZ,20190703,2.841
000825.SZ,20190703,7.064
000826.SZ,20190703,8.299
000828.SZ,20190703,3.435
000829.SZ,20190703,14.836
000830.SZ,20190703,6.378
000831.SZ,20190703,3.987
000833.SZ,20190703,1.653
000835.SZ,20190703,7.462
000836.SZ,20190703,8.029
000837.SZ,20190703,4.035
000838.SZ,20190703,12.36
000839.SZ,20190703,22.611
000848.SZ,20190703,22.392
000850.SZ,20190703,7.962
000851.SZ,20190703,2.392
000852.SZ,20190703,4.212
000856.SZ,20190703,1.878
000858.SZ,20190703,17.323
000859.SZ,20190703,3.669
000860.SZ,20190703,2.994
000861.SZ,20190703,18.501
000862.SZ,20190703,2.698
000863.SZ,20190703,5.589
000868.SZ,20190703,6.73
000869.SZ,20190703,4.47
000875.SZ,20190703,1.406
000876.SZ,20190703,18.07
000877.SZ,20190703,6.471
000878.SZ,20190703,2.792
000880.SZ,20190703,3.216
000881.SZ,20190703,4.917
000882.SZ,20190703,2.945
000883.SZ,20190703,5.247
000885.SZ,20190703,1.832
000886.SZ,20190703,2.954
000887.SZ,20190703,6.943
000888.SZ,20190703,6.196
000889.SZ,20190703,3.594
000890.SZ,20190703,3.602
000892.SZ,20190703,2.486
000893.SZ,20190703,2.035
000895.SZ,20190703,20.809
000897.SZ,20190703,5.945
000898.SZ,20190703,2.947
000899.SZ,20190703,3.467
000900.SZ,20190703,12.424
000901.SZ,20190703,5.45
000902.SZ,20190703,3.499
000903.SZ,20190703,11.816
000905.SZ,20190703,2.607
000906.SZ,20190703,4.366
000908.SZ,20190703,2.83
000909.SZ,20190703,2.124
000910.SZ,20190703,2.432
000911.SZ,20190703,1.889
000912.SZ,20190703,2.301
000913.SZ,20190703,2.616
000915.SZ,20190703,3.189
000917.SZ,20190703,7.866
000918.SZ,20190703,2.466
000919.SZ,20190703,3.518
000920.SZ,20190703,3.033
000921.SZ,20190703,1.286
000922.SZ,20190703,2.235
000923.SZ,20190703,1.644
000925.SZ,20190703,3.007
000926.SZ,20190703,3.359
000927.SZ,20190703,1.588
000928.SZ,20190703,2.095
000929.SZ,20190703,2.498
000930.SZ,20190703,5.697
000931.SZ,20190703,1.54
000932.SZ,20190703,2.024
000933.SZ,20190703,12.11
000935.SZ,20190703,3.06
000936.SZ,20190703,6.466
000937.SZ,20190703,7.509
000938.SZ,20190703,4.991
000939.SZ,20190703,18.944
000948.SZ,20190703,2.51
000949.SZ,20190703,4.739
000950.SZ,20190703,2.339
000951.SZ,20190703,3.203
000952.SZ,20190703,2.097
000953.SZ,20190703,2.608
000955.SZ,20190703,2.46
000957.SZ,20190703,5.113
000958.SZ,20190703,4.46
000959.SZ,20190703,2.242
000960.SZ,20190703,3.384
000961.SZ,20190703,5.423
000962.SZ,20190703,3.362
000963.SZ,20190703,12.404
000965.SZ,20190703,2.822
000966.SZ,20190703,3.735
000967.SZ,20190703,4.986
000968.SZ,20190703,1.86
000969.SZ,20190703,6.743
000970.SZ,20190703,15.989
000971.SZ,20190703,3.789
000972.SZ,20190703,3.266
000973.SZ,20190703,3.818
000975.SZ,20190703,6.94
000976.SZ,20190703,3.673
000977.SZ,20190703,6.056
000978.SZ,20190703,3.12
000980.SZ,20190703,2.078
000981.SZ,20190703,5.281
000982.SZ,20190703,16.841
000983.SZ,20190703,6.532
000985.SZ,20190703,1.644
000987.SZ,20190703,4.095
000988.SZ,20190703,9.995
000989.SZ,20190703,4.397
000990.SZ,20190703,3.058
000993.SZ,20190703,1.82
000995.SZ,20190703,1.686
000996.SZ,20190703,4.059
000997.SZ,20190703,10.7
000998.SZ,20190703,11.107
000999.SZ,20190703,1.975
001696.SZ,20190703,23.433
001872.SZ,20190703,4.189
001896.SZ,20190703,1.387
001914.SZ,20190703,8.334
001965.SZ,20190703,1.026
001979.SZ,20190703,1.072
002001.SZ,20190703,26.814
002002.SZ,20190703,10.716
002003.SZ,20190703,15.009
002004.SZ,20190703,18.276
002005.SZ,20190703,10.037
002006.SZ,20190703,7.733
002007.SZ,20190703,31.54
002008.SZ,20190703,12.762
002009.SZ,20190703,5.342
002010.SZ,20190703,8.363
002011.SZ,20190703,6.2
002012.SZ,20190703,5.195
002013.SZ,20190703,29.064
002014.SZ,20190703,8.572
002015.SZ,20190703,5.792
002016.SZ,20190703,6.531
002017.SZ,20190703,6.247
002018.SZ,20190703,16.466
002019.SZ,20190703,14.601
002020.SZ,20190703,9.254
002021.SZ,20190703,9.202
002022.SZ,20190703,12.151
002023.SZ,20190703,10.217
002024.SZ,20190703,87.572
002025.SZ,20190703,6.5
002026.SZ,20190703,3.608
002027.SZ,20190703,12.551
002028.SZ,20190703,19.65
002029.SZ,20190703,9.702
002030.SZ,20190703,13.29
002031.SZ,20190703,14.861
002032.SZ,20190703,8.227
002033.SZ,20190703,5.351
002034.SZ,20190703,3.355
002035.SZ,20190703,15.7
002036.SZ,20190703,5.427
002037.SZ,20190703,4.049
002038.SZ,20190703,13.986
002039.SZ,20190703,2.438
002040.SZ,20190703,2.288
002041.SZ,20190703,13.495
002042.SZ,20190703,6.833
002043.SZ,20190703,7.055
002044.SZ,20190703,8.066
002045.SZ,20190703,5.727
002046.SZ,20190703,4.928
002047.SZ,20190703,3.236
002048.SZ,20190703,6.292
002049.SZ,20190703,4.41
002050.SZ,20190703,11.051
002051.SZ,20190703,5.269
002052.SZ,20190703,6.818
002053.SZ,20190703,2.145
002054.SZ,20190703,3.339
002055.SZ,20190703,5.95
002056.SZ,20190703,8.641
002057.SZ,20190703,5.551
002058.SZ,20190703,2.384
002059.SZ,20190703,2.108
002060.SZ,20190703,3.811
002061.SZ,20190703,2.184
002062.SZ,20190703,9.538
002063.SZ,20190703,7.795
002064.SZ,20190703,10.996
002065.SZ,20190703,30.28
002066.SZ,20190703,3.162
002067.SZ,20190703,2.728
002068.SZ,20190703,5.736
002069.SZ,20190703,6.663
002070.SZ,20190703,4.681
002071.SZ,20190703,1.537
002072.SZ,20190703,1.107
002073.SZ,20190703,9.219
002074.SZ,20190703,4.473
002075.SZ,20190703,2.817
002076.SZ,20190703,5.764
002077.SZ,20190703,1.47
002078.SZ,20190703,8.435
002079.SZ,20190703,4.898
002080.SZ,20190703,4.734
002081.SZ,20190703,28.625
002082.SZ,20190703,2.838
002083.SZ,20190703,2.444
002084.SZ,20190703,2.514
002085.SZ,20190703,7.573
002086.SZ,20190703,4.127
002087.SZ,20190703,2.326
002088.SZ,20190703,3.655
002089.SZ,20190703,15.968
002090.SZ,20190703,5.707
002091.SZ,20190703,6.644
002092.SZ,20190703,3.373
002093.SZ,20190703,12.131
002094.SZ,20190703,5.304
002095.SZ,20190703,4.397
002096.SZ,20190703,4.929
002097.SZ,20190703,4.765
002098.SZ,20190703,2.329
002099.SZ,20190703,6.813
002100.SZ,20190703,11.338
002101.SZ,20190703,3.97
002102.SZ,20190703,9.212
002103.SZ,20190703,2.374
002104.SZ,20190703,6.535
002105.SZ,20190703,1.563
002106.SZ,20190703,3.522
002107.SZ,20190703,4.579
002108.SZ,20190703,16.496
002109.SZ,20190703,3.681
002110.SZ,20190703,1.975
002111.SZ,20190703,3.394
002112.SZ,20190703,2.578
002113.SZ,20190703,10.891
002114.SZ,20190703,1.82
002115.SZ,20190703,6.208
002116.SZ,20190703,4.373
002117.SZ,20190703,5.437
002118.SZ,20190703,12.43
002119.SZ,20190703,3.754
002120.SZ,20190703,4.813
002121.SZ,20190703,15.516
002122.SZ,20190703,8.472
002123.SZ,20190703,7.338
002124.SZ,20190703,11.188
002125.SZ,20190703,4.128
002126.SZ,20190703,5.486
002127.SZ,20190703,9.978
002128.SZ,20190703,2.557
002129.SZ,20190703,4.206
002130.SZ,20190703,20.311
002131.SZ,20190703,43.648
002132.SZ,20190703,5.642
002133.SZ,20190703,2.92
002134.SZ,20190703,1.251
002135.SZ,20190703,3.111
002136.SZ,20190703,2.059
002137.SZ,20190703,3.301
002138.SZ,20190703,6.56
002139.SZ,20190703,16.581
002140.SZ,20190703,8.498
002141.SZ,20190703,8.059
002142.SZ,20190703,2.021
002143.SZ,20190703,3.197
002144.SZ,20190703,1.107
002145.SZ,20190703,3.027
002146.SZ,20190703,10.151
002147.SZ,20190703,3.44
002148.SZ,20190703,10.451
002149.SZ,20190703,3.123
002150.SZ,20190703,5.575
002151.SZ,20190703,5.814
002152.SZ,20190703,16.231
002153.SZ,20190703,17.328
002154.SZ,20190703,11.69
002155.SZ,20190703,2.679
002156.SZ,20190703,2.796
002157.SZ,20190703,15.331
002158.SZ,20190703,3.88
002159.SZ,20190703,1.522
002160.SZ,20190703,2.11
002161.SZ,20190703,10.704
002162.SZ,20190703,2.206
002163.SZ,20190703,4.664
002164.SZ,20190703,3.154
002165.SZ,20190703,7.481
002166.SZ,20190703,7.126
002167.SZ,20190703,7.859
002168.SZ,20190703,14.975
002169.SZ,20190703,7.512
002170.SZ,20190703,8.053
002171.SZ,20190703,5.002
002172.SZ,20190703,3.012
002173.SZ,20190703,3.043
002174.SZ,20190703,3.099
002175.SZ,20190703,6.466
002176.SZ,20190703,12.957
002177.SZ,20190703,8.827
002178.SZ,20190703,6.538
002179.SZ,20190703,7.75
002180.SZ,20190703,4.77
002181.SZ,20190703,2.159
002182.SZ,20190703,3.244
002183.SZ,20190703,14.893
002184.SZ,20190703,2.15
002185.SZ,20190703,9.307
002186.SZ,20190703,2.364
002187.SZ,20190703,2.319
002188.SZ,20190703,1.978
002189.SZ,20190703,1.023
002190.SZ,20190703,2.629
002191.SZ,20190703,6.169
002192.SZ,20190703,3.047
002193.SZ,20190703,2.067
002194.SZ,20190703,3.035
002195.SZ,20190703,29.644
002196.SZ,20190703,2.797
002197.SZ,20190703,4.09
002198.SZ,20190703,5.082
002199.SZ,20190703,2.632
002200.SZ,20190703,1.815
002201.SZ,20190703,3.757
002202.SZ,20190703,7.536
002203.SZ,20190703,3.706
002204.SZ,20190703,4.732
002205.SZ,20190703,1.309
002206.SZ,20190703,10.428
002207.SZ,20190703,2.053
002208.SZ,20190703,5.325
002209.SZ,20190703,1.555
002210.SZ,20190703,10.352
002211.SZ,20190703,1.524
002212.SZ,20190703,3.256
002213.SZ,20190703,2.098
002214.SZ,20190703,4.188
002215.SZ,20190703,7.729
002216.SZ,20190703,8.338
002217.SZ,20190703,5.652
002218.SZ,20190703,5.545
002219.SZ,20190703,16.233
002220.SZ,20190703,8.282
002221.SZ,20190703,4.125
002222.SZ,20190703,2.603
002223.SZ,20190703,8.876
002224.SZ,20190703,6.941
002225.SZ,20190703,1.832
002226.SZ,20190703,8.977
002227.SZ,20190703,2.074
002228.SZ,20190703,9.426
002229.SZ,20190703,5.186
002230.SZ,20190703,13.391
002231.SZ,20190703,3.094
002232.SZ,20190703,3.121
002233.SZ,20190703,2.539
002234.SZ,20190703,2.079
002235.SZ,20190703,4.574
002236.SZ,20190703,42.296
002237.SZ,20190703,8.233
002238.SZ,20190703,2.222
002239.SZ,20190703,9.08
002240.SZ,20190703,1.617
002241.SZ,20190703,22.892
002242.SZ,20190703,4.508
002243.SZ,20190703,1.702
002244.SZ,20190703,5.767
002245.SZ,20190703,13.755
002246.SZ,20190703,1.584
002247.SZ,20190703,6.487
002248.SZ,20190703,2.028
002249.SZ,20190703,11.915
002250.SZ,20190703,5.998
002251.SZ,20190703,4.78
002252.SZ,20190703,24.103
002253.SZ,20190703,3.792
002254.SZ,20190703,5.682
002255.SZ,20190703,4.157
002256.SZ,20190703,15.226
002258.SZ,20190703,3.646
002259.SZ,20190703,2.585
002260.SZ,20190703,2.31
002261.SZ,20190703,10.138
002262.SZ,20190703,8.44
002263.SZ,20190703,4.525
002264.SZ,20190703,4.725
002265.SZ,20190703,1.003
002266.SZ,20190703,10.933
002267.SZ,20190703,2.427
002268.SZ,20190703,8.494
002269.SZ,20190703,4.487
002270.SZ,20190703,2.087
002271.SZ,20190703,22.133
002272.SZ,20190703,3.415
002273.SZ,20190703,10.574
002274.SZ,20190703,3.177
002275.SZ,20190703,1.655
002276.SZ,20190703,3.766
002277.SZ,20190703,6.303
002278.SZ,20190703,2.152
002279.SZ,20190703,9.994
002280.SZ,20190703,13.509
002281.SZ,20190703,3.223
002282.SZ,20190703,2.094
002283.SZ,20190703,4.156
002284.SZ,20190703,6.476
002285.SZ,20190703,14.584
002286.SZ,20190703,3.529
002287.SZ,20190703,1.129
002288.SZ,20190703,7.455
002289.SZ,20190703,1.524
002290.SZ,20190703,2.657
002291.SZ,20190703,1.726
002292.SZ,20190703,7.912
002293.SZ,20190703,6.607
002294.SZ,20190703,10.935
002295.SZ,20190703,1.569
002296.SZ,20190703,5.097
002297.SZ,20190703,3.015
002298.SZ,20190703,3.117
002299.SZ,20190703,2.228
002300.SZ,20190703,5.861
002301.SZ,20190703,4.771
002302.SZ,20190703,4.092
002303.SZ,20190703,8.674
002304.SZ,20190703,4.106
002305.SZ,20190703,3.356
002306.SZ,20190703,4.174
002307.SZ,20190703,4.193
002308.SZ,20190703,4.334
002309.SZ,20190703,3.772
002310.SZ,20190703,45.743
002311.SZ,20190703,6.883
002312.SZ,20190703,18.207
002313.SZ,20190703,2.686
002314.SZ,20190703,2.266
002315.SZ,20190703,2.428
002316.SZ,20190703,3.336
002317.SZ,20190703,10.407
002318.SZ,20190703,5.405
002319.SZ,20190703,2.051
002320.SZ,20190703,5.827
002321.SZ,20190703,2.061
002322.SZ,20190703,4.504
002323.SZ,20190703,4.298
002324.SZ,20190703,4.195
002325.SZ,20190703,8.753
002326.SZ,20190703,5.225
002327.SZ,20190703,9.455
002328.SZ,20190703,2.762
002329.SZ,20190703,5.864
002330.SZ,20190703,2.048
002331.SZ,20190703,5.362
002332.SZ,20190703,2.537
002333.SZ,20190703,3.562
002334.SZ,20190703,11.901
002335.SZ,20190703,3.291
002336.SZ,20190703,1.19
002337.SZ,20190703,5.2
002338.SZ,20190703,3.228
002339.SZ,20190703,5.453
002340.SZ,20190703,23.711
002341.SZ,20190703,8.272
002342.SZ,20190703,2.481
002343.SZ,20190703,3.201
002344.SZ,20190703,4.367
002345.SZ,20190703,6.607
002346.SZ,20190703,2.106
002347.SZ,20190703,3.755
002348.SZ,20190703,6.867
002349.SZ,20190703,7.831
002350.SZ,20190703,4.34
002351.SZ,20190703,4.562
002352.SZ,20190703,3.457
002353.SZ,20190703,8.147
002354.SZ,20190703,2.874
002355.SZ,20190703,2.086
002356.SZ,20190703,5.513
002357.SZ,20190703,4.259
002358.SZ,20190703,8.417
002359.SZ,20190703,5.171
002360.SZ,20190703,6.642
002361.SZ,20190703,8.739
002362.SZ,20190703,2.0
002363.SZ,20190703,2.402
002364.SZ,20190703,6.403
002365.SZ,20190703,3.272
002366.SZ,20190703,2.321
002367.SZ,20190703,7.322
002368.SZ,20190703,3.848
002369.SZ,20190703,4.294
002370.SZ,20190703,3.53
002371.SZ,20190703,4.742
002372.SZ,20190703,7.779
002373.SZ,20190703,4.079
002374.SZ,20190703,6.631
002375.SZ,20190703,6.062
002376.SZ,20190703,4.439
002377.SZ,20190703,4.175
002378.SZ,20190703,2.09
002379.SZ,20190703,8.017
002380.SZ,20190703,3.223
002381.SZ,20190703,5.108
002382.SZ,20190703,6.465
002383.SZ,20190703,4.798
002384.SZ,20190703,7.28
002385.SZ,20190703,9.89
002386.SZ,20190703,1.741
002387.SZ,20190703,3.558
002388.SZ,20190703,3.739
002389.SZ,20190703,6.154
002390.SZ,20190703,10.279
002391.SZ,20190703,5.499
002392.SZ,20190703,8.367
002393.SZ,20190703,1.155
002394.SZ,20190703,4.179
002395.SZ,20190703,2.131
002396.SZ,20190703,3.229
002397.SZ,20190703,11.987
002398.SZ,20190703,6.127
002399.SZ,20190703,3.672
002400.SZ,20190703,18.435
002401.SZ,20190703,5.827
002402.SZ,20190703,12.031
002403.SZ,20190703,1.448
002404.SZ,20190703,4.799
002405.SZ,20190703,4.0
002406.SZ,20190703,3.668
002407.SZ,20190703,5.516
002408.SZ,20190703,6.09
002409.SZ,20190703,3.146
002410.SZ,20190703,12.613
002411.SZ,20190703,4.166
002412.SZ,20190703,7.274
002413.SZ,20190703,4.964
002414.SZ,20190703,3.169
002415.SZ,20190703,20.523
002416.SZ,20190703,2.698
002417.SZ,20190703,2.293
002418.SZ,20190703,4.997
002419.SZ,20190703,3.818
002420.SZ,20190703,1.018
002421.SZ,20190703,17.81
002422.SZ,20190703,6.355
002423.SZ,20190703,1.018
002424.SZ,20190703,10.54
002425.SZ,20190703,4.359
002426.SZ,20190703,5.267
002427.SZ,20190703,1.864
002428.SZ,20190703,5.289
002429.SZ,20190703,8.958
002430.SZ,20190703,2.167
002431.SZ,20190703,9.844
002432.SZ,20190703,3.063
002433.SZ,20190703,4.192
002434.SZ,20190703,6.662
002435.SZ,20190703,4.236
002436.SZ,20190703,13.002
002437.SZ,20190703,15.848
002438.SZ,20190703,4.11
002439.SZ,20190703,8.208
002440.SZ,20190703,4.821
002441.SZ,20190703,4.433
002442.SZ,20190703,2.536
002443.SZ,20190703,3.433
002444.SZ,20190703,4.306
002445.SZ,20190703,7.212
002446.SZ,20190703,4.954
002447.SZ,20190703,18.403
002448.SZ,20190703,5.432
002449.SZ,20190703,2.942
002450.SZ,20190703,14.677
002451.SZ,20190703,3.062
002452.SZ,20190703,5.519
002453.SZ,20190703,4.132
002454.SZ,20190703,2.832
002455.SZ,20190703,6.001
002456.SZ,20190703,20.41
002457.SZ,20190703,2.525
002458.SZ,20190703,4.622
002459.SZ,20190703,1.324
002460.SZ,20190703,9.398
002461.SZ,20190703,2.08
002462.SZ,20190703,1.619
002463.SZ,20190703,2.748
002464.SZ,20190703,3.798
002465.SZ,20190703,6.678
002466.SZ,20190703,6.524
002467.SZ,20190703,11.053
002468.SZ,20190703,2.228
002469.SZ,20190703,8.078
002470.SZ,20190703,4.269
002471.SZ,20190703,6.901
002472.SZ,20190703,5.096
002473.SZ,20190703,2.077
002474.SZ,20190703,6.253
002475.SZ,20190703,19.871
002476.SZ,20190703,5.236
002477.SZ,20190703,20.437
002478.SZ,20190703,2.387
002479.SZ,20190703,3.785
002480.SZ,20190703,4.104
002481.SZ,20190703,18.388
002482.SZ,20190703,8.454
002483.SZ,20190703,3.071
002484.SZ,20190703,4.658
002485.SZ,20190703,2.958
002486.SZ,20190703,4.183
002487.SZ,20190703,4.578
002488.SZ,20190703,6.162
002489.SZ,20190703,11.127
002490.SZ,20190703,2.044
002491.SZ,20190703,4.176
002492.SZ,20190703,3.179
002493.SZ,20190703,9.833
002494.SZ,20190703,2.701
002495.SZ,20190703,9.673
002496.SZ,20190703,14.262
002497.SZ,20190703,6.576
002498.SZ,20190703,7.869
002499.SZ,20190703,2.575
002500.SZ,20190703,1.083
002501.SZ,20190703,7.536
002502.SZ,20190703,6.66
002503.SZ,20190703,37.956
002504.SZ,20190703,3.395
002505.SZ,20190703,15.185
002506.SZ,20190703,5.097
002507.SZ,20190703,5.47
002508.SZ,20190703,6.625
002509.SZ,20190703,14.488
002510.SZ,20190703,4.337
002511.SZ,20190703,8.027
002512.SZ,20190703,6.929
002513.SZ,20190703,2.981
002514.SZ,20190703,6.661
002515.SZ,20190703,10.888
002516.SZ,20190703,7.834
002517.SZ,20190703,6.234
002518.SZ,20190703,5.424
002519.SZ,20190703,11.513
002520.SZ,20190703,8.754
002521.SZ,20190703,3.316
002522.SZ,20190703,8.266
002523.SZ,20190703,7.289
002524.SZ,20190703,4.586
002526.SZ,20190703,5.952
002527.SZ,20190703,2.733
002528.SZ,20190703,6.444
002529.SZ,20190703,1.299
002530.SZ,20190703,3.346
002531.SZ,20190703,7.815
002532.SZ,20190703,7.016
002533.SZ,20190703,4.408
002534.SZ,20190703,2.08
002535.SZ,20190703,3.529
002536.SZ,20190703,5.126
002537.SZ,20190703,6.888
002538.SZ,20190703,4.423
002539.SZ,20190703,5.83
002540.SZ,20190703,7.525
002541.SZ,20190703,3.145
002542.SZ,20190703,18.508
002543.SZ,20190703,3.419
002544.SZ,20190703,6.277
002545.SZ,20190703,5.018
002546.SZ,20190703,9.785
002547.SZ,20190703,6.12
002548.SZ,20190703,3.728
002549.SZ,20190703,8.218
002550.SZ,20190703,9.031
002551.SZ,20190703,8.227
002552.SZ,20190703,3.135
002553.SZ,20190703,4.514
002554.SZ,20190703,7.08
002555.SZ,20190703,11.562
002556.SZ,20190703,5.296
002557.SZ,20190703,3.186
002558.SZ,20190703,4.109
002559.SZ,20190703,6.897
002560.SZ,20190703,4.129
002561.SZ,20190703,1.314
002562.SZ,20190703,6.751
002563.SZ,20190703,5.061
002564.SZ,20190703,3.245
002565.SZ,20190703,8.357
002566.SZ,20190703,3.064
002567.SZ,20190703,5.007
002568.SZ,20190703,4.337
002569.SZ,20190703,1.558
002570.SZ,20190703,2.579
002571.SZ,20190703,4.022
002572.SZ,20190703,17.884
002573.SZ,20190703,7.642
002574.SZ,20190703,2.323
002575.SZ,20190703,4.485
002576.SZ,20190703,1.35
002577.SZ,20190703,2.343
002578.SZ,20190703,5.152
002579.SZ,20190703,3.805
002580.SZ,20190703,4.133
002581.SZ,20190703,2.887
002582.SZ,20190703,4.158
002583.SZ,20190703,5.621
002584.SZ,20190703,2.68
002585.SZ,20190703,3.663
002586.SZ,20190703,5.947
002587.SZ,20190703,7.281
002588.SZ,20190703,9.427
002589.SZ,20190703,9.433
002590.SZ,20190703,4.524
002591.SZ,20190703,3.465
002592.SZ,20190703,2.572
002593.SZ,20190703,3.244
002594.SZ,20190703,1.016
002595.SZ,20190703,4.617
002596.SZ,20190703,4.958
002597.SZ,20190703,4.777
002598.SZ,20190703,2.316
002599.SZ,20190703,2.06
002600.SZ,20190703,4.183
002601.SZ,20190703,8.725
002602.SZ,20190703,8.035
002603.SZ,20190703,2.709
002604.SZ,20190703,2.736
002605.SZ,20190703,4.317
002606.SZ,20190703,4.163
002607.SZ,20190703,8.176
002608.SZ,20190703,2.604
002609.SZ,20190703,5.454
002610.SZ,20190703,12.505
002611.SZ,20190703,6.946
002612.SZ,20190703,2.32
002613.SZ,20190703,3.652
002614.SZ,20190703,4.739
002615.SZ,20190703,5.088
002616.SZ,20190703,4.414
002617.SZ,20190703,7.821
002618.SZ,20190703,3.02
002619.SZ,20190703,6.141
002620.SZ,20190703,3.95
002621.SZ,20190703,5.862
002622.SZ,20190703,5.812
002623.SZ,20190703,1.021
002624.SZ,20190703,2.073
002625.SZ,20190703,6.637
002626.SZ,20190703,7.534
002627.SZ,20190703,1.896
002628.SZ,20190703,3.801
002629.SZ,20190703,3.727
002630.SZ,20190703,5.905
002631.SZ,20190703,4.2
002632.SZ,20190703,5.667
002633.SZ,20190703,1.523
002634.SZ,20190703,6.96
002635.SZ,20190703,4.746
002636.SZ,20190703,2.623
002637.SZ,20190703,4.305
002638.SZ,20190703,5.047
002639.SZ,20190703,3.084
002640.SZ,20190703,12.205
002641.SZ,20190703,5.974
002642.SZ,20190703,4.631
002643.SZ,20190703,5.589
002644.SZ,20190703,5.553
002645.SZ,20190703,5.379
002646.SZ,20190703,1.084
002647.SZ,20190703,3.398
002648.SZ,20190703,4.301
002649.SZ,20190703,4.792
002650.SZ,20190703,7.996
002651.SZ,20190703,2.969
002652.SZ,20190703,5.035
002653.SZ,20190703,3.169
002654.SZ,20190703,6.222
002655.SZ,20190703,3.042
002656.SZ,20190703,5.299
002657.SZ,20190703,3.637
002658.SZ,20190703,4.616
002659.SZ,20190703,2.029
002660.SZ,20190703,2.648
002661.SZ,20190703,3.371
002662.SZ,20190703,4.707
002663.SZ,20190703,8.163
002664.SZ,20190703,3.096
002665.SZ,20190703,13.8
002666.SZ,20190703,4.594
002667.SZ,20190703,3.464
002668.SZ,20190703,4.94
002669.SZ,20190703,2.104
002670.SZ,20190703,2.333
002671.SZ,20190703,4.073
002672.SZ,20190703,5.917
002673.SZ,20190703,2.476
002674.SZ,20190703,1.163
002675.SZ,20190703,4.961
002676.SZ,20190703,4.681
002677.SZ,20190703,3.751
002678.SZ,20190703,2.732
002679.SZ,20190703,1.775
002680.SZ,20190703,3.607
002681.SZ,20190703,10.623
002682.SZ,20190703,2.523
002683.SZ,20190703,2.679
002684.SZ,20190703,6.645
002685.SZ,20190703,2.871
002686.SZ,20190703,4.67
002687.SZ,20190703,4.14
002688.SZ,20190703,5.579
002689.SZ,20190703,3.753
002690.SZ,20190703,3.724
002691.SZ,20190703,1.717
002692.SZ,20190703,4.155
002693.SZ,20190703,3.503
002694.SZ,20190703,4.097
002695.SZ,20190703,4.171
002696.SZ,20190703,3.605
002697.SZ,20190703,7.141
002698.SZ,20190703,2.658
002699.SZ,20190703,8.272
002700.SZ,20190703,5.886
002701.SZ,20190703,8.624
002702.SZ,20190703,6.986
002703.SZ,20190703,2.546
002705.SZ,20190703,1.913
002706.SZ,20190703,8.775
002707.SZ,20190703,12.113
002708.SZ,20190703,3.14
002709.SZ,20190703,4.089
002711.SZ,20190703,7.187
002712.SZ,20190703,5.207
002713.SZ,20190703,3.755
002714.SZ,20190703,7.583
002715.SZ,20190703,1.003
002716.SZ,20190703,3.816
002717.SZ,20190703,13.423
002718.SZ,20190703,2.523
002719.SZ,20190703,1.619
002721.SZ,20190703,3.046
002722.SZ,20190703,1.029
002723.SZ,20190703,2.039
002724.SZ,20190703,1.873
002725.SZ,20190703,2.681
002726.SZ,20190703,3.481
002727.SZ,20190703,2.102
002728.SZ,20190703,2.158
002729.SZ,20190703,1.009
002730.SZ,20190703,2.237
002731.SZ,20190703,1.011
002732.SZ,20190703,1.054
002733.SZ,20190703,2.332
002734.SZ,20190703,2.39
002735.SZ,20190703,1.733
002736.SZ,20190703,1.085
002737.SZ,20190703,4.427
002738.SZ,20190703,1.521
002739.SZ,20190703,3.04
002740.SZ,20190703,3.026
002741.SZ,20190703,3.058
002742.SZ,20190703,4.597
002743.SZ,20190703,2.024
002745.SZ,20190703,2.074
002746.SZ,20190703,2.66
002747.SZ,20190703,6.159
002748.SZ,20190703,2.075
002749.SZ,20190703,5.442
002750.SZ,20190703,6.155
002751.SZ,20190703,2.009
002752.SZ,20190703,1.982
002753.SZ,20190703,3.522
002755.SZ,20190703,1.726
002756.SZ,20190703,2.021
002757.SZ,20190703,1.548
002758.SZ,20190703,3.845
002759.SZ,20190703,2.53
002760.SZ,20190703,1.004
002761.SZ,20190703,2.9
002762.SZ,20190703,5.393
002763.SZ,20190703,1.979
002765.SZ,20190703,2.042
002766.SZ,20190703,2.016
002767.SZ,20190703,1.514
002768.SZ,20190703,3.048
002769.SZ,20190703,5.077
002770.SZ,20190703,3.836
002771.SZ,20190703,2.656
002772.SZ,20190703,2.111
002773.SZ,20190703,1.984
002774.SZ,20190703,1.013
002775.SZ,20190703,3.621
002776.SZ,20190703,4.582
002777.SZ,20190703,2.677
002778.SZ,20190703,1.01
002779.SZ,20190703,1.509
002780.SZ,20190703,1.956
002781.SZ,20190703,1.008
002782.SZ,20190703,2.575
002783.SZ,20190703,4.182
002785.SZ,20190703,1.001
002786.SZ,20190703,3.027
002787.SZ,20190703,2.095
002788.SZ,20190703,2.624
002789.SZ,20190703,1.713
002790.SZ,20190703,2.733
002791.SZ,20190703,1.537
002792.SZ,20190703,2.281
002793.SZ,20190703,2.085
002795.SZ,20190703,2.104
002796.SZ,20190703,1.543
002797.SZ,20190703,1.614
002798.SZ,20190703,2.976
002799.SZ,20190703,1.51
002800.SZ,20190703,1.01
002801.SZ,20190703,2.065
002802.SZ,20190703,1.02
002803.SZ,20190703,1.748
002805.SZ,20190703,1.509
002806.SZ,20190703,1.716
002807.SZ,20190703,1.239
002808.SZ,20190703,2.268
002809.SZ,20190703,1.537
002810.SZ,20190703,1.945
002811.SZ,20190703,1.021
002812.SZ,20190703,2.037
002813.SZ,20190703,1.009
002815.SZ,20190703,2.097
002816.SZ,20190703,1.004
002817.SZ,20190703,1.011
002818.SZ,20190703,1.837
002819.SZ,20190703,1.308
002820.SZ,20190703,1.66
002821.SZ,20190703,2.025
002822.SZ,20190703,2.033
002823.SZ,20190703,2.073
002824.SZ,20190703,1.519
002825.SZ,20190703,1.423
002826.SZ,20190703,1.009
002827.SZ,20190703,1.04
002828.SZ,20190703,1.713
002829.SZ,20190703,2.006
002830.SZ,20190703,2.04
002831.SZ,20190703,2.262
002832.SZ,20190703,1.731
002833.SZ,20190703,1.024
002835.SZ,20190703,2.015
002836.SZ,20190703,2.093
002837.SZ,20190703,2.502
002838.SZ,20190703,4.865
002839.SZ,20190703,1.046
002840.SZ,20190703,1.509
002841.SZ,20190703,1.632
002842.SZ,20190703,2.752
002843.SZ,20190703,1.627
002845.SZ,20190703,2.015
002846.SZ,20190703,1.621
002847.SZ,20190703,1.016
002848.SZ,20190703,1.002
002849.SZ,20190703,1.51
002850.SZ,20190703,1.534
002851.SZ,20190703,2.268
002852.SZ,20190703,3.006
002853.SZ,20190703,2.551
002855.SZ,20190703,1.007
002856.SZ,20190703,1.206
002857.SZ,20190703,1.617
002858.SZ,20190703,2.012
002859.SZ,20190703,2.545
002860.SZ,20190703,1.524
002861.SZ,20190703,1.038
002862.SZ,20190703,1.003
002863.SZ,20190703,1.714
002864.SZ,20190703,1.005
002865.SZ,20190703,1.01
002866.SZ,20190703,1.723
002867.SZ,20190703,1.04
002868.SZ,20190703,1.037
002869.SZ,20190703,1.017
002870.SZ,20190703,1.009
002871.SZ,20190703,1.726
002872.SZ,20190703,1.521
002873.SZ,20190703,1.713
002875.SZ,20190703,1.32
002876.SZ,20190703,1.31
002877.SZ,20190703,2.738
002878.SZ,20190703,1.733
002879.SZ,20190703,1.427
002880.SZ,20190703,1.017
002881.SZ,20190703,1.707
002882.SZ,20190703,1.02
002883.SZ,20190703,1.608
002884.SZ,20190703,2.751
002885.SZ,20190703,2.262
002886.SZ,20190703,1.508
002887.SZ,20190703,2.652
002888.SZ,20190703,1.54
002889.SZ,20190703,1.0
002890.SZ,20190703,1.002
002891.SZ,20190703,1.71
002892.SZ,20190703,1.719
002893.SZ,20190703,1.32
002895.SZ,20190703,1.024
002896.SZ,20190703,1.004
002897.SZ,20190703,1.626
002898.SZ,20190703,1.004
002899.SZ,20190703,1.009
002900.SZ,20190703,1.599
002901.SZ,20190703,1.027
002902.SZ,20190703,1.508
002903.SZ,20190703,1.52
002905.SZ,20190703,1.63
002906.SZ,20190703,1.013
002907.SZ,20190703,1.004
002908.SZ,20190703,1.522
002909.SZ,20190703,1.438
002910.SZ,20190703,1.003
002911.SZ,20190703,1.036
002912.SZ,20190703,1.622
002913.SZ,20190703,1.017
002915.SZ,20190703,1.009
002916.SZ,20190703,1.216
002917.SZ,20190703,1.616
002918.SZ,20190703,2.604
002919.SZ,20190703,1.514
002920.SZ,20190703,1.017
002921.SZ,20190703,1.006
002922.SZ,20190703,1.017
002923.SZ,20190703,1.874
002925.SZ,20190703,1.034
002926.SZ,20190703,1.004
002927.SZ,20190703,1.834
002928.SZ,20190703,1.515
002929.SZ,20190703,1.003
002930.SZ,20190703,1.418
002931.SZ,20190703,1.007
002932.SZ,20190703,1.015
002933.SZ,20190703,1.011
002935.SZ,20190703,1.507
002936.SZ,20190703,1.03
002937.SZ,20190703,1.613
002938.SZ,20190703,1.02
002939.SZ,20190703,1.013
002940.SZ,20190703,1.022
002941.SZ,20190703,1.0
002942.SZ,20190703,1.012
002943.SZ,20190703,1.003
002945.SZ,20190703,1.003
002946.SZ,20190703,1.0
002947.SZ,20190703,1.005
002948.SZ,20190703,1.0
002949.SZ,20190703,1.012
002950.SZ,20190703,1.006
002951.SZ,20190703,1.0
002952.SZ,20190703,1.519
002953.SZ,20190703,1.0
002955.SZ,20190703,1.0
002956.SZ,20190703,1.0
002958.SZ,20190703,1.02
300001.SZ,20190703,6.912
300002.SZ,20190703,15.389
300003.SZ,20190703,4.306
300004.SZ,20190703,4.075
300005.SZ,20190703,11.956
300006.SZ,20190703,7.524
300007.SZ,20190703,4.12
300008.SZ,20190703,11.498
300009.SZ,20190703,11.431
300010.SZ,20190703,5.187
300011.SZ,20190703,8.409
300012.SZ,20190703,19.321
300013.SZ,20190703,3.064
300014.SZ,20190703,9.341
300015.SZ,20190703,22.148
300016.SZ,20190703,7.278
300017.SZ,20190703,23.397
300018.SZ,20190703,6.603
300019.SZ,20190703,7.093
300020.SZ,20190703,6.796
300021.SZ,20190703,10.282
300022.SZ,20190703,4.054
300023.SZ,20190703,3.768
300024.SZ,20190703,23.724
300025.SZ,20190703,7.955
300026.SZ,20190703,47.568
300027.SZ,20190703,15.103
300028.SZ,20190703,2.413
300029.SZ,20190703,1.023
300030.SZ,20190703,4.09
300031.SZ,20190703,6.542
300032.SZ,20190703,4.231
300033.SZ,20190703,8.631
300034.SZ,20190703,3.701
300035.SZ,20190703,8.345
300036.SZ,20190703,5.304
300037.SZ,20190703,3.434
300038.SZ,20190703,4.34
300039.SZ,20190703,11.296
300040.SZ,20190703,4.274
300041.SZ,20190703,5.948
300042.SZ,20190703,3.157
300043.SZ,20190703,20.768
300044.SZ,20190703,7.613
300045.SZ,20190703,8.192
300046.SZ,20190703,4.311
300047.SZ,20190703,5.198
300048.SZ,20190703,8.319
300049.SZ,20190703,3.608
300050.SZ,20190703,8.337
300051.SZ,20190703,6.285
300052.SZ,20190703,2.682
300053.SZ,20190703,5.123
300054.SZ,20190703,12.833
300055.SZ,20190703,7.987
300056.SZ,20190703,5.971
300057.SZ,20190703,2.567
300058.SZ,20190703,18.84
300059.SZ,20190703,38.658
300061.SZ,20190703,5.378
300062.SZ,20190703,4.201
300063.SZ,20190703,7.861
300064.SZ,20190703,4.124
300065.SZ,20190703,5.828
300066.SZ,20190703,20.61
300067.SZ,20190703,8.015
300068.SZ,20190703,2.587
300069.SZ,20190703,2.011
300070.SZ,20190703,18.22
300071.SZ,20190703,11.13
300072.SZ,20190703,20.206
300073.SZ,20190703,4.093
300074.SZ,20190703,13.441
300075.SZ,20190703,6.948
300076.SZ,20190703,8.312
300077.SZ,20190703,5.149
300078.SZ,20190703,12.661
300079.SZ,20190703,12.497
300080.SZ,20190703,2.637
300081.SZ,20190703,5.073
300082.SZ,20190703,7.316
300083.SZ,20190703,8.23
300084.SZ,20190703,4.482
300085.SZ,20190703,10.979
300086.SZ,20190703,4.895
300087.SZ,20190703,8.142
300088.SZ,20190703,16.966
300089.SZ,20190703,3.794
300090.SZ,20190703,7.283
300091.SZ,20190703,12.143
300092.SZ,20190703,2.559
300093.SZ,20190703,1.823
300094.SZ,20190703,2.441
300095.SZ,20190703,4.045
300096.SZ,20190703,5.124
300097.SZ,20190703,3.65
300098.SZ,20190703,15.356
300099.SZ,20190703,14.032
300100.SZ,20190703,3.354
300101.SZ,20190703,8.164
300102.SZ,20190703,5.4
300103.SZ,20190703,5.065
300104.SZ,20190703,35.208
300105.SZ,20190703,5.931
300106.SZ,20190703,1.525
300107.SZ,20190703,8.535
300108.SZ,20190703,6.151
300109.SZ,20190703,4.326
300110.SZ,20190703,5.36
300111.SZ,20190703,2.244
300112.SZ,20190703,3.582
300113.SZ,20190703,11.454
300114.SZ,20190703,5.904
300115.SZ,20190703,10.115
300116.SZ,20190703,9.017
300117.SZ,20190703,6.745
300118.SZ,20190703,3.328
300119.SZ,20190703,5.729
300120.SZ,20190703,3.271
300121.SZ,20190703,5.885
300122.SZ,20190703,4.2
300123.SZ,20190703,6.054
300124.SZ,20190703,15.96
300125.SZ,20190703,4.575
300126.SZ,20190703,3.866
300127.SZ,20190703,2.372
300128.SZ,20190703,9.961
300129.SZ,20190703,5.894
300130.SZ,20190703,6.821
300131.SZ,20190703,18.532
300132.SZ,20190703,6.037
300133.SZ,20190703,25.299
300134.SZ,20190703,4.327
300135.SZ,20190703,12.199
300136.SZ,20190703,13.05
300137.SZ,20190703,4.406
300138.SZ,20190703,4.949
300139.SZ,20190703,5.161
300140.SZ,20190703,4.186
300141.SZ,20190703,4.683
300142.SZ,20190703,14.335
300143.SZ,20190703,4.251
300144.SZ,20190703,8.362
300145.SZ,20190703,19.436
300146.SZ,20190703,27.593
300147.SZ,20190703,5.202
300148.SZ,20190703,5.894
300149.SZ,20190703,6.533
300150.SZ,20190703,4.675
300151.SZ,20190703,8.128
300152.SZ,20190703,6.887
300153.SZ,20190703,4.318
300154.SZ,20190703,4.625
300155.SZ,20190703,8.095
300156.SZ,20190703,9.192
300157.SZ,20190703,6.137
300158.SZ,20190703,4.333
300159.SZ,20190703,18.306
300160.SZ,20190703,7.071
300161.SZ,20190703,1.545
300162.SZ,20190703,5.29
300163.SZ,20190703,6.352
300164.SZ,20190703,6.011
300165.SZ,20190703,6.695
300166.SZ,20190703,18.602
300167.SZ,20190703,6.974
300168.SZ,20190703,8.176
300169.SZ,20190703,3.084
300170.SZ,20190703,6.563
300171.SZ,20190703,8.586
300172.SZ,20190703,5.348
300173.SZ,20190703,5.327
300174.SZ,20190703,3.764
300175.SZ,20190703,4.454
300176.SZ,20190703,4.561
300177.SZ,20190703,12.233
300178.SZ,20190703,4.546
300179.SZ,20190703,6.445
300180.SZ,20190703,4.664
300181.SZ,20190703,7.238
300182.SZ,20190703,30.863
300183.SZ,20190703,4.898
300184.SZ,20190703,8.713
300185.SZ,20190703,8.274
300187.SZ,20190703,9.139
300188.SZ,20190703,13.145
300189.SZ,20190703,6.505
300190.SZ,20190703,10.943
300191.SZ,20190703,4.081
300192.SZ,20190703,3.42
300193.SZ,20190703,2.441
300194.SZ,20190703,6.273
300195.SZ,20190703,3.339
300196.SZ,20190703,3.428
300197.SZ,20190703,31.601
300198.SZ,20190703,10.195
300199.SZ,20190703,8.33
300200.SZ,20190703,2.327
300201.SZ,20190703,10.643
300202.SZ,20190703,6.75
300203.SZ,20190703,1.053
300204.SZ,20190703,7.842
300205.SZ,20190703,5.631
300206.SZ,20190703,6.34
300207.SZ,20190703,6.841
300208.SZ,20190703,10.242
300209.SZ,20190703,3.008
300210.SZ,20190703,5.977
300211.SZ,20190703,6.434
300212.SZ,20190703,7.087
300213.SZ,20190703,6.233
300214.SZ,20190703,3.254
300215.SZ,20190703,17.382
300216.SZ,20190703,5.352
300217.SZ,20190703,12.918
300218.SZ,20190703,2.109
300219.SZ,20190703,5.322
300220.SZ,20190703,3.619
300221.SZ,20190703,4.212
300222.SZ,20190703,6.35
300223.SZ,20190703,2.637
300224.SZ,20190703,4.574
300225.SZ,20190703,7.874
300226.SZ,20190703,3.935
300227.SZ,20190703,3.062
300228.SZ,20190703,6.454
300229.SZ,20190703,3.516
300230.SZ,20190703,6.51
300231.SZ,20190703,9.739
300232.SZ,20190703,9.628
300233.SZ,20190703,2.162
300234.SZ,20190703,3.364
300235.SZ,20190703,3.681
300236.SZ,20190703,1.679
300237.SZ,20190703,17.031
300238.SZ,20190703,4.074
300239.SZ,20190703,5.384
300240.SZ,20190703,3.552
300241.SZ,20190703,4.061
300242.SZ,20190703,5.154
300243.SZ,20190703,4.366
300244.SZ,20190703,9.464
300245.SZ,20190703,4.047
300246.SZ,20190703,3.751
300247.SZ,20190703,6.305
300248.SZ,20190703,10.007
300249.SZ,20190703,5.097
300250.SZ,20190703,4.204
300251.SZ,20190703,25.676
300252.SZ,20190703,4.951
300253.SZ,20190703,26.982
300254.SZ,20190703,1.492
300255.SZ,20190703,7.837
300256.SZ,20190703,4.594
300257.SZ,20190703,6.41
300258.SZ,20190703,4.341
300259.SZ,20190703,14.047
300260.SZ,20190703,3.079
300261.SZ,20190703,9.002
300262.SZ,20190703,8.436
300263.SZ,20190703,8.264
300264.SZ,20190703,4.141
300265.SZ,20190703,2.582
300266.SZ,20190703,19.148
300267.SZ,20190703,10.206
300268.SZ,20190703,2.027
300269.SZ,20190703,4.233
300270.SZ,20190703,6.701
300271.SZ,20190703,8.482
300272.SZ,20190703,5.577
300273.SZ,20190703,5.796
300274.SZ,20190703,6.747
300275.SZ,20190703,2.881
300276.SZ,20190703,8.974
300277.SZ,20190703,5.26
300278.SZ,20190703,4.057
300279.SZ,20190703,5.773
300280.SZ,20190703,1.02
300281.SZ,20190703,6.183
300282.SZ,20190703,4.512
300283.SZ,20190703,6.151
300284.SZ,20190703,3.655
300285.SZ,20190703,12.318
300286.SZ,20190703,6.586
300287.SZ,20190703,12.397
300288.SZ,20190703,6.094
300289.SZ,20190703,2.572
300290.SZ,20190703,6.199
300291.SZ,20190703,8.145
300292.SZ,20190703,9.413
300293.SZ,20190703,4.744
300294.SZ,20190703,4.759
300295.SZ,20190703,3.834
300296.SZ,20190703,18.706
300297.SZ,20190703,8.927
300298.SZ,20190703,6.077
300299.SZ,20190703,8.086
300300.SZ,20190703,6.648
300301.SZ,20190703,5.572
300302.SZ,20190703,6.896
300303.SZ,20190703,15.228
300304.SZ,20190703,8.205
300305.SZ,20190703,3.814
300306.SZ,20190703,4.191
300307.SZ,20190703,2.198
300308.SZ,20190703,4.64
300309.SZ,20190703,7.301
300310.SZ,20190703,7.701
300311.SZ,20190703,7.347
300312.SZ,20190703,3.032
300313.SZ,20190703,2.027
300314.SZ,20190703,3.749
300315.SZ,20190703,12.246
300316.SZ,20190703,9.142
300317.SZ,20190703,2.767
300318.SZ,20190703,6.444
300319.SZ,20190703,7.819
300320.SZ,20190703,8.381
300321.SZ,20190703,2.084
300322.SZ,20190703,4.405
300323.SZ,20190703,3.441
300324.SZ,20190703,24.856
300325.SZ,20190703,10.275
300326.SZ,20190703,11.041
300327.SZ,20190703,2.216
300328.SZ,20190703,3.701
300329.SZ,20190703,3.711
300330.SZ,20190703,2.167
300331.SZ,20190703,3.078
300332.SZ,20190703,2.05
300333.SZ,20190703,3.312
300334.SZ,20190703,2.265
300335.SZ,20190703,2.416
300336.SZ,20190703,6.878
300337.SZ,20190703,4.441
300338.SZ,20190703,4.396
300339.SZ,20190703,6.324
300340.SZ,20190703,3.639
300341.SZ,20190703,4.179
300342.SZ,20190703,4.211
300343.SZ,20190703,7.661
300344.SZ,20190703,3.387
300345.SZ,20190703,4.308
300346.SZ,20190703,8.452
300347.SZ,20190703,12.37
300348.SZ,20190703,7.737
300349.SZ,20190703,5.65
300350.SZ,20190703,3.645
300351.SZ,20190703,4.49
300352.SZ,20190703,19.287
300353.SZ,20190703,6.544
300354.SZ,20190703,3.204
300355.SZ,20190703,9.95
300356.SZ,20190703,3.829
300357.SZ,20190703,5.406
300358.SZ,20190703,5.232
300359.SZ,20190703,8.32
300360.SZ,20190703,4.737
300362.SZ,20190703,3.002
300363.SZ,20190703,3.81
300364.SZ,20190703,4.982
300365.SZ,20190703,10.956
300366.SZ,20190703,6.073
300367.SZ,20190703,12.614
300368.SZ,20190703,8.112
300369.SZ,20190703,8.181
300370.SZ,20190703,16.348
300371.SZ,20190703,3.639
300373.SZ,20190703,5.166
300374.SZ,20190703,2.183
300375.SZ,20190703,6.575
300376.SZ,20190703,22.856
300377.SZ,20190703,10.419
300378.SZ,20190703,2.271
300379.SZ,20190703,4.042
300380.SZ,20190703,2.028
300381.SZ,20190703,6.193
300382.SZ,20190703,10.837
300383.SZ,20190703,20.249
300384.SZ,20190703,5.478
300385.SZ,20190703,1.519
300386.SZ,20190703,4.506
300387.SZ,20190703,4.059
300388.SZ,20190703,5.553
300389.SZ,20190703,4.139
300390.SZ,20190703,6.173
300391.SZ,20190703,3.786
300392.SZ,20190703,6.02
300393.SZ,20190703,2.377
300394.SZ,20190703,2.638
300395.SZ,20190703,4.689
300396.SZ,20190703,4.675
300397.SZ,20190703,2.002
300398.SZ,20190703,5.548
300399.SZ,20190703,2.481
300400.SZ,20190703,3.019
300401.SZ,20190703,5.077
300402.SZ,20190703,1.004
300403.SZ,20190703,5.082
300404.SZ,20190703,2.605
300405.SZ,20190703,2.94
300406.SZ,20190703,4.191
300407.SZ,20190703,4.041
300408.SZ,20190703,4.186
300409.SZ,20190703,5.541
300410.SZ,20190703,4.902
300411.SZ,20190703,3.623
300412.SZ,20190703,4.633
300413.SZ,20190703,1.009
300414.SZ,20190703,3.854
300415.SZ,20190703,3.82
300416.SZ,20190703,2.037
300417.SZ,20190703,2.073
300418.SZ,20190703,3.981
300419.SZ,20190703,7.691
300420.SZ,20190703,7.085
300421.SZ,20190703,2.06
300422.SZ,20190703,5.035
300423.SZ,20190703,3.308
300424.SZ,20190703,1.819
300425.SZ,20190703,8.092
300426.SZ,20190703,5.036
300427.SZ,20190703,3.24
300428.SZ,20190703,3.787
300429.SZ,20190703,5.996
300430.SZ,20190703,3.874
300431.SZ,20190703,2.644
300432.SZ,20190703,3.131
300433.SZ,20190703,5.536
300434.SZ,20190703,3.662
300435.SZ,20190703,3.085
300436.SZ,20190703,2.027
300437.SZ,20190703,2.886
300438.SZ,20190703,3.043
300439.SZ,20190703,3.067
300440.SZ,20190703,4.122
300441.SZ,20190703,6.631
300442.SZ,20190703,1.004
300443.SZ,20190703,4.068
300444.SZ,20190703,4.036
300445.SZ,20190703,4.09
300446.SZ,20190703,2.066
300447.SZ,20190703,3.428
300448.SZ,20190703,7.694
300449.SZ,20190703,2.006
300450.SZ,20190703,12.256
300451.SZ,20190703,9.084
300452.SZ,20190703,3.091
300453.SZ,20190703,3.272
300454.SZ,20190703,1.002
300455.SZ,20190703,3.705
300456.SZ,20190703,3.011
300457.SZ,20190703,3.79
300458.SZ,20190703,2.051
300459.SZ,20190703,13.77
300460.SZ,20190703,1.008
300461.SZ,20190703,1.822
300462.SZ,20190703,2.019
300463.SZ,20190703,3.056
300464.SZ,20190703,2.515
300465.SZ,20190703,3.205
300466.SZ,20190703,5.421
300467.SZ,20190703,4.017
300468.SZ,20190703,1.828
300469.SZ,20190703,1.811
300470.SZ,20190703,3.699
300471.SZ,20190703,5.123
300472.SZ,20190703,1.506
300473.SZ,20190703,1.051
300474.SZ,20190703,2.017
300475.SZ,20190703,1.022
300476.SZ,20190703,4.699
300477.SZ,20190703,4.588
300478.SZ,20190703,1.919
300479.SZ,20190703,2.02
300480.SZ,20190703,2.021
300481.SZ,20190703,3.121
300482.SZ,20190703,3.669
300483.SZ,20190703,1.005
300484.SZ,20190703,4.058
300485.SZ,20190703,4.126
300486.SZ,20190703,1.006
300487.SZ,20190703,2.534
300488.SZ,20190703,2.634
300489.SZ,20190703,2.007
300490.SZ,20190703,2.026
300491.SZ,20190703,1.815
300492.SZ,20190703,1.03
300493.SZ,20190703,3.839
300494.SZ,20190703,2.044
300495.SZ,20190703,7.583
300496.SZ,20190703,3.947
300497.SZ,20190703,3.731
300498.SZ,20190703,1.575
300499.SZ,20190703,2.737
300500.SZ,20190703,2.65
300501.SZ,20190703,2.953
300502.SZ,20190703,3.048
300503.SZ,20190703,2.533
300504.SZ,20190703,1.012
300505.SZ,20190703,1.008
300506.SZ,20190703,4.818
300507.SZ,20190703,3.298
300508.SZ,20190703,1.61
300509.SZ,20190703,2.997
300510.SZ,20190703,6.221
300511.SZ,20190703,2.928
300512.SZ,20190703,2.163
300513.SZ,20190703,1.604
300514.SZ,20190703,2.005
300515.SZ,20190703,2.043
300516.SZ,20190703,1.515
300517.SZ,20190703,1.009
300518.SZ,20190703,1.005
300519.SZ,20190703,2.076
300520.SZ,20190703,2.211
300521.SZ,20190703,1.816
300522.SZ,20190703,1.846
300523.SZ,20190703,1.809
300525.SZ,20190703,2.736
300526.SZ,20190703,2.01
300527.SZ,20190703,1.896
300528.SZ,20190703,1.214
300529.SZ,20190703,1.024
300530.SZ,20190703,1.031
300531.SZ,20190703,3.516
300532.SZ,20190703,3.317
300533.SZ,20190703,1.029
300534.SZ,20190703,3.513
300535.SZ,20190703,1.696
300536.SZ,20190703,3.188
300537.SZ,20190703,1.625
300538.SZ,20190703,2.733
300539.SZ,20190703,2.218
300540.SZ,20190703,1.507
300541.SZ,20190703,1.514
300542.SZ,20190703,2.569
300543.SZ,20190703,2.039
300545.SZ,20190703,2.018
300546.SZ,20190703,2.53
300547.SZ,20190703,3.805
300548.SZ,20190703,1.011
300549.SZ,20190703,2.061
300550.SZ,20190703,1.408
300551.SZ,20190703,1.507
300552.SZ,20190703,1.01
300553.SZ,20190703,1.016
300554.SZ,20190703,1.816
300555.SZ,20190703,2.517
300556.SZ,20190703,1.014
300557.SZ,20190703,1.018
300558.SZ,20190703,1.008
300559.SZ,20190703,3.652
300560.SZ,20190703,2.716
300561.SZ,20190703,4.58
300562.SZ,20190703,3.217
300563.SZ,20190703,1.012
300565.SZ,20190703,1.32
300566.SZ,20190703,1.975
300567.SZ,20190703,3.046
300568.SZ,20190703,1.637
300569.SZ,20190703,2.765
300570.SZ,20190703,1.871
300571.SZ,20190703,3.027
300572.SZ,20190703,2.931
300573.SZ,20190703,1.02
300575.SZ,20190703,1.846
300576.SZ,20190703,1.522
300577.SZ,20190703,3.291
300578.SZ,20190703,1.824
300579.SZ,20190703,2.287
300580.SZ,20190703,1.026
300581.SZ,20190703,3.832
300582.SZ,20190703,1.513
300583.SZ,20190703,1.009
300584.SZ,20190703,1.532
300585.SZ,20190703,2.046
300586.SZ,20190703,2.548
300587.SZ,20190703,1.013
300588.SZ,20190703,1.612
300589.SZ,20190703,2.349
300590.SZ,20190703,2.054
300591.SZ,20190703,1.305
300592.SZ,20190703,1.008
300593.SZ,20190703,1.411
300594.SZ,20190703,1.0
300595.SZ,20190703,5.884
300596.SZ,20190703,1.518
300597.SZ,20190703,1.004
300598.SZ,20190703,1.004
300599.SZ,20190703,1.031
300600.SZ,20190703,1.624
300601.SZ,20190703,1.503
300602.SZ,20190703,3.018
300603.SZ,20190703,1.712
300604.SZ,20190703,3.631
300605.SZ,20190703,1.302
300606.SZ,20190703,1.003
300607.SZ,20190703,1.824
300608.SZ,20190703,1.587
300609.SZ,20190703,1.02
300610.SZ,20190703,1.525
300611.SZ,20190703,2.027
300612.SZ,20190703,2.289
300613.SZ,20190703,1.005
300615.SZ,20190703,2.382
300616.SZ,20190703,1.822
300617.SZ,20190703,1.553
300618.SZ,20190703,1.606
300619.SZ,20190703,1.008
300620.SZ,20190703,1.011
300621.SZ,20190703,1.508
300622.SZ,20190703,1.458
300623.SZ,20190703,2.907
300624.SZ,20190703,1.007
300625.SZ,20190703,1.058
300626.SZ,20190703,1.808
300627.SZ,20190703,2.01
300628.SZ,20190703,4.067
300629.SZ,20190703,1.504
300630.SZ,20190703,2.26
300631.SZ,20190703,1.616
300632.SZ,20190703,1.567
300633.SZ,20190703,1.005
300634.SZ,20190703,1.003
300635.SZ,20190703,1.611
300636.SZ,20190703,1.006
300637.SZ,20190703,1.957
300638.SZ,20190703,1.511
300639.SZ,20190703,2.44
300640.SZ,20190703,2.777
300641.SZ,20190703,1.735
300642.SZ,20190703,1.51
300643.SZ,20190703,1.016
300644.SZ,20190703,1.006
300645.SZ,20190703,1.92
300647.SZ,20190703,1.817
300648.SZ,20190703,2.004
300649.SZ,20190703,2.02
300650.SZ,20190703,1.725
300651.SZ,20190703,1.707
300652.SZ,20190703,1.013
300653.SZ,20190703,1.021
300654.SZ,20190703,1.514
300655.SZ,20190703,1.719
300656.SZ,20190703,1.668
300657.SZ,20190703,1.735
300658.SZ,20190703,1.537
300659.SZ,20190703,1.614
300660.SZ,20190703,2.601
300661.SZ,20190703,1.305
300662.SZ,20190703,1.004
300663.SZ,20190703,2.25
300664.SZ,20190703,1.006
300665.SZ,20190703,1.603
300666.SZ,20190703,1.002
300667.SZ,20190703,1.506
300668.SZ,20190703,2.547
300669.SZ,20190703,1.017
300670.SZ,20190703,2.716
300671.SZ,20190703,1.4
300672.SZ,20190703,1.601
300673.SZ,20190703,1.841
300674.SZ,20190703,1.0
300675.SZ,20190703,1.007
300676.SZ,20190703,1.007
300677.SZ,20190703,2.024
300678.SZ,20190703,1.806
300679.SZ,20190703,2.369
300680.SZ,20190703,1.005
300681.SZ,20190703,1.014
300682.SZ,20190703,1.007
300683.SZ,20190703,1.013
300684.SZ,20190703,2.905
300685.SZ,20190703,1.811
300686.SZ,20190703,1.607
300687.SZ,20190703,2.723
300688.SZ,20190703,1.406
300689.SZ,20190703,1.011
300690.SZ,20190703,1.667
300691.SZ,20190703,2.602
300692.SZ,20190703,1.506
300693.SZ,20190703,1.512
300694.SZ,20190703,1.003
300695.SZ,20190703,1.04
300696.SZ,20190703,1.719
300697.SZ,20190703,1.328
300698.SZ,20190703,1.001
300699.SZ,20190703,1.422
300700.SZ,20190703,1.008
300701.SZ,20190703,1.525
300702.SZ,20190703,1.503
300703.SZ,20190703,2.316
300705.SZ,20190703,2.013
300706.SZ,20190703,1.804
300707.SZ,20190703,2.016
300708.SZ,20190703,1.003
300709.SZ,20190703,1.012
300710.SZ,20190703,1.008
300711.SZ,20190703,1.004
300712.SZ,20190703,1.316
300713.SZ,20190703,2.704
300715.SZ,20190703,1.811
300716.SZ,20190703,1.508
300717.SZ,20190703,1.613
300718.SZ,20190703,2.03
300719.SZ,20190703,1.553
300720.SZ,20190703,1.526
300721.SZ,20190703,1.014
300722.SZ,20190703,1.425
300723.SZ,20190703,1.008
300724.SZ,20190703,1.006
300725.SZ,20190703,1.958
300726.SZ,20190703,1.014
300727.SZ,20190703,1.315
300729.SZ,20190703,1.015
300730.SZ,20190703,1.703
300731.SZ,20190703,1.009
300732.SZ,20190703,2.558
300733.SZ,20190703,1.017
300735.SZ,20190703,1.331
300736.SZ,20190703,2.466
300737.SZ,20190703,1.009
300738.SZ,20190703,1.809
300739.SZ,20190703,2.296
300740.SZ,20190703,2.57
300741.SZ,20190703,1.099
300742.SZ,20190703,1.0
300743.SZ,20190703,1.518
300745.SZ,20190703,1.004
300746.SZ,20190703,1.004
300747.SZ,20190703,1.0
300748.SZ,20190703,1.004
300749.SZ,20190703,1.812
300750.SZ,20190703,1.0
300751.SZ,20190703,1.005
300752.SZ,20190703,1.632
300753.SZ,20190703,1.01
300755.SZ,20190703,1.007
300756.SZ,20190703,1.82
300757.SZ,20190703,1.308
300758.SZ,20190703,1.011
300759.SZ,20190703,1.0
300760.SZ,20190703,1.007
300761.SZ,20190703,1.021
300762.SZ,20190703,1.0
300763.SZ,20190703,1.0
300765.SZ,20190703,1.0
300766.SZ,20190703,1.0
300767.SZ,20190703,1.0
300768.SZ,20190703,1.0
300769.SZ,20190703,1.0
300770.SZ,20190703,1.0
300771.SZ,20190703,1.0
300772.SZ,20190703,1.0
300773.SZ,20190703,1.0
300775.SZ,20190703,1.0
300776.SZ,20190703,1.0
300777.SZ,20190703,1.0
300778.SZ,20190703,1.0
300779.SZ,20190703,1.0
300780.SZ,20190703,1.0
300781.SZ,20190703,1.0
300782.SZ,20190703,1.0
600000.SH,20190703,12.714
600004.SH,20190703,2.556
600006.SH,20190703,3.607
600007.SH,20190703,1.754
600008.SH,20190703,7.608
600009.SH,20190703,3.017
600010.SH,20190703,8.281
600011.SH,20190703,4.638
600012.SH,20190703,2.163
600015.SH,20190703,4.274
600016.SH,20190703,24.409
600017.SH,20190703,3.265
600018.SH,20190703,1.394
600019.SH,20190703,2.448
600020.SH,20190703,3.972
600021.SH,20190703,2.163
600022.SH,20190703,5.551
600023.SH,20190703,1.619
600025.SH,20190703,1.017
600026.SH,20190703,1.695
600027.SH,20190703,1.695
600028.SH,20190703,3.032
600029.SH,20190703,1.689
600030.SH,20190703,5.398
600031.SH,20190703,46.437
600033.SH,20190703,7.065
600035.SH,20190703,2.909
600036.SH,20190703,4.78
600037.SH,20190703,5.259
600038.SH,20190703,3.009
600039.SH,20190703,7.639
600048.SH,20190703,20.474
600050.SH,20190703,1.571
600051.SH,20190703,4.532
600052.SH,20190703,3.309
600053.SH,20190703,2.257
600054.SH,20190703,4.376
600055.SH,20190703,14.549
600056.SH,20190703,9.24
600057.SH,20190703,9.292
600058.SH,20190703,4.763
600059.SH,20190703,8.217
600060.SH,20190703,5.721
600061.SH,20190703,5.892
600062.SH,20190703,7.522
600063.SH,20190703,13.313
600064.SH,20190703,16.636
600066.SH,20190703,41.28
600067.SH,20190703,22.067
600068.SH,20190703,5.948
600069.SH,20190703,6.415
600070.SH,20190703,9.902
600071.SH,20190703,5.748
600072.SH,20190703,4.19
600073.SH,20190703,3.106
600074.SH,20190703,9.579
600075.SH,20190703,10.565
600076.SH,20190703,3.249
600077.SH,20190703,8.276
600078.SH,20190703,6.638
600079.SH,20190703,13.35
600080.SH,20190703,5.128
600081.SH,20190703,9.369
600082.SH,20190703,5.981
600083.SH,20190703,1.0
600084.SH,20190703,7.186
600085.SH,20190703,11.001
600086.SH,20190703,9.639
600088.SH,20190703,3.588
600089.SH,20190703,36.97
600090.SH,20190703,5.068
600091.SH,20190703,2.575
600093.SH,20190703,3.316
600094.SH,20190703,2.727
600095.SH,20190703,3.337
600096.SH,20190703,2.467
600097.SH,20190703,1.456
600098.SH,20190703,5.387
600099.SH,20190703,2.735
600100.SH,20190703,21.192
600101.SH,20190703,5.471
600103.SH,20190703,5.352
600104.SH,20190703,8.799
600105.SH,20190703,11.101
600106.SH,20190703,7.093
600107.SH,20190703,2.589
600108.SH,20190703,9.725
600109.SH,20190703,8.613
600110.SH,20190703,14.09
600111.SH,20190703,19.627
600112.SH,20190703,4.034
600113.SH,20190703,4.63
600114.SH,20190703,6.299
600115.SH,20190703,1.372
600116.SH,20190703,6.116
600117.SH,20190703,2.75
600118.SH,20190703,16.706
600119.SH,20190703,2.945
600120.SH,20190703,30.21
600121.SH,20190703,4.059
600122.SH,20190703,5.893
600123.SH,20190703,7.341
600125.SH,20190703,16.224
600126.SH,20190703,5.119
600127.SH,20190703,5.087
600128.SH,20190703,2.971
600129.SH,20190703,3.125
600130.SH,20190703,6.031
600131.SH,20190703,5.158
600132.SH,20190703,5.395
600133.SH,20190703,4.132
600135.SH,20190703,2.857
600136.SH,20190703,2.487
600137.SH,20190703,1.507
600138.SH,20190703,5.33
600139.SH,20190703,8.959
600141.SH,20190703,3.304
600143.SH,20190703,18.941
600145.SH,20190703,15.305
600146.SH,20190703,1.32
600148.SH,20190703,2.781
600149.SH,20190703,2.889
600150.SH,20190703,3.3
600151.SH,20190703,4.769
600152.SH,20190703,3.065
600153.SH,20190703,15.272
600155.SH,20190703,2.904
600156.SH,20190703,1.897
600157.SH,20190703,50.759
600158.SH,20190703,6.465
600159.SH,20190703,4.924
600160.SH,20190703,10.496
600161.SH,20190703,10.897
600162.SH,20190703,7.25
600163.SH,20190703,2.351
600165.SH,20190703,4.972
600166.SH,20190703,26.217
600167.SH,20190703,3.647
600168.SH,20190703,2.166
600169.SH,20190703,10.144
600170.SH,20190703,14.398
600171.SH,20190703,2.741
600172.SH,20190703,9.345
600173.SH,20190703,2.209
600175.SH,20190703,17.024
600176.SH,20190703,14.587
600177.SH,20190703,36.572
600178.SH,20190703,2.108
600179.SH,20190703,2.261
600180.SH,20190703,2.807
600182.SH,20190703,1.172
600183.SH,20190703,11.828
600184.SH,20190703,3.244
600185.SH,20190703,7.18
600186.SH,20190703,5.023
600187.SH,20190703,4.558
600188.SH,20190703,2.875
600189.SH,20190703,2.744
600190.SH,20190703,2.67
600191.SH,20190703,2.546
600192.SH,20190703,1.777
600193.SH,20190703,6.699
600195.SH,20190703,3.639
600196.SH,20190703,13.738
600197.SH,20190703,3.782
600198.SH,20190703,1.814
600199.SH,20190703,4.713
600200.SH,20190703,11.086
600201.SH,20190703,15.052
600202.SH,20190703,4.919
600203.SH,20190703,1.685
600206.SH,20190703,4.152
600207.SH,20190703,1.555
600208.SH,20190703,6.683
600209.SH,20190703,3.497
600210.SH,20190703,7.402
600211.SH,20190703,1.57
600212.SH,20190703,2.718
600213.SH,20190703,1.571
600215.SH,20190703,2.175
600216.SH,20190703,5.792
600217.SH,20190703,4.518
600218.SH,20190703,2.022
600219.SH,20190703,6.948
600220.SH,20190703,8.487
600221.SH,20190703,3.21
600222.SH,20190703,4.073
600223.SH,20190703,1.847
600225.SH,20190703,2.683
600226.SH,20190703,28.423
600227.SH,20190703,5.75
600228.SH,20190703,2.169
600229.SH,20190703,1.425
600230.SH,20190703,2.175
600231.SH,20190703,8.459
600232.SH,20190703,2.731
600233.SH,20190703,5.01
600234.SH,20190703,2.353
600235.SH,20190703,2.2
600236.SH,20190703,4.994
600237.SH,20190703,4.203
600238.SH,20190703,4.012
600239.SH,20190703,18.652
600240.SH,20190703,7.974
600241.SH,20190703,2.512
600242.SH,20190703,1.088
600243.SH,20190703,1.597
600246.SH,20190703,12.219
600247.SH,20190703,4.678
600248.SH,20190703,3.7
600249.SH,20190703,4.419
600250.SH,20190703,2.71
600251.SH,20190703,8.528
600252.SH,20190703,36.928
600255.SH,20190703,13.598
600256.SH,20190703,42.581
600257.SH,20190703,6.544
600258.SH,20190703,2.453
600259.SH,20190703,1.051
600260.SH,20190703,4.35
600261.SH,20190703,18.447
600262.SH,20190703,1.478
600265.SH,20190703,1.659
600266.SH,20190703,4.974
600267.SH,20190703,6.824
600268.SH,20190703,7.137
600269.SH,20190703,11.271
600271.SH,20190703,19.025
600272.SH,20190703,1.264
600273.SH,20190703,1.566
600275.SH,20190703,2.756
600276.SH,20190703,44.357
600277.SH,20190703,4.021
600278.SH,20190703,2.126
600279.SH,20190703,2.412
600280.SH,20190703,11.473
600281.SH,20190703,1.933
600282.SH,20190703,5.802
600283.SH,20190703,1.624
600284.SH,20190703,3.326
600285.SH,20190703,6.89
600287.SH,20190703,4.992
600288.SH,20190703,4.552
600289.SH,20190703,7.365
600290.SH,20190703,5.03
600291.SH,20190703,3.228
600292.SH,20190703,4.214
600293.SH,20190703,3.323
600295.SH,20190703,3.018
600297.SH,20190703,6.54
600298.SH,20190703,8.034
600299.SH,20190703,2.928
600300.SH,20190703,7.172
600301.SH,20190703,1.764
600302.SH,20190703,2.973
600303.SH,20190703,6.533
600305.SH,20190703,7.525
600306.SH,20190703,1.719
600307.SH,20190703,4.229
600308.SH,20190703,6.992
600309.SH,20190703,36.915
600310.SH,20190703,8.294
600311.SH,20190703,4.499
600312.SH,20190703,6.495
600313.SH,20190703,4.197
600315.SH,20190703,5.419
600316.SH,20190703,4.361
600317.SH,20190703,10.986
600318.SH,20190703,3.177
600319.SH,20190703,1.471
600320.SH,20190703,13.223
600321.SH,20190703,7.747
600322.SH,20190703,3.15
600323.SH,20190703,3.613
600325.SH,20190703,8.251
600326.SH,20190703,7.968
600327.SH,20190703,12.966
600328.SH,20190703,3.003
600329.SH,20190703,3.053
600330.SH,20190703,4.883
600331.SH,20190703,9.0
600332.SH,20190703,1.471
600333.SH,20190703,2.631
600335.SH,20190703,5.358
600336.SH,20190703,3.05
600337.SH,20190703,13.881
600338.SH,20190703,1.841
600339.SH,20190703,3.97
600340.SH,20190703,17.118
600343.SH,20190703,3.05
600345.SH,20190703,1.943
600346.SH,20190703,9.668
600348.SH,20190703,8.152
600350.SH,20190703,2.104
600351.SH,20190703,7.315
600352.SH,20190703,18.293
600353.SH,20190703,7.442
600354.SH,20190703,2.983
600355.SH,20190703,5.819
600356.SH,20190703,2.02
600358.SH,20190703,3.527
600359.SH,20190703,1.583
600360.SH,20190703,7.767
600361.SH,20190703,5.204
600362.SH,20190703,1.578
600363.SH,20190703,3.234
600365.SH,20190703,2.635
600366.SH,20190703,11.566
600367.SH,20190703,4.327
600368.SH,20190703,3.326
600369.SH,20190703,4.642
600370.SH,20190703,6.453
600371.SH,20190703,2.971
600372.SH,20190703,2.991
600373.SH,20190703,4.228
600375.SH,20190703,3.748
600376.SH,20190703,8.467
600377.SH,20190703,2.647
600378.SH,20190703,3.615
600379.SH,20190703,1.918
600380.SH,20190703,11.043
600381.SH,20190703,1.019
600382.SH,20190703,3.944
600383.SH,20190703,15.016
600385.SH,20190703,2.42
600386.SH,20190703,5.437
600387.SH,20190703,2.86
600388.SH,20190703,8.279
600389.SH,20190703,3.123
600390.SH,20190703,4.752
600391.SH,20190703,2.35
600392.SH,20190703,9.867
600393.SH,20190703,9.075
600395.SH,20190703,4.616
600396.SH,20190703,6.566
600397.SH,20190703,3.985
600398.SH,20190703,7.981
600399.SH,20190703,3.441
600400.SH,20190703,12.139
600401.SH,20190703,18.868
600403.SH,20190703,5.173
600405.SH,20190703,7.101
600406.SH,20190703,26.502
600408.SH,20190703,4.214
600409.SH,20190703,6.52
600410.SH,20190703,12.608
600415.SH,20190703,40.394
600416.SH,20190703,3.428
600418.SH,20190703,6.304
600419.SH,20190703,2.787
600420.SH,20190703,9.055
600421.SH,20190703,1.921
600422.SH,20190703,9.828
600423.SH,20190703,3.636
600425.SH,20190703,5.899
600426.SH,20190703,8.847
600428.SH,20190703,6.324
600429.SH,20190703,1.428
600433.SH,20190703,6.368
600435.SH,20190703,13.457
600436.SH,20190703,6.508
600438.SH,20190703,10.768
600439.SH,20190703,15.477
600444.SH,20190703,1.995
600446.SH,20190703,16.41
600448.SH,20190703,1.822
600449.SH,20190703,3.689
600452.SH,20190703,3.123
600455.SH,20190703,1.13
600456.SH,20190703,2.621
600458.SH,20190703,8.028
600459.SH,20190703,3.994
600460.SH,20190703,14.832
600461.SH,20190703,4.147
600462.SH,20190703,4.519
600463.SH,20190703,2.929
600466.SH,20190703,6.425
600467.SH,20190703,8.997
600468.SH,20190703,12.161
600469.SH,20190703,2.62
600470.SH,20190703,2.436
600475.SH,20190703,2.502
600476.SH,20190703,2.053
600477.SH,20190703,30.317
600478.SH,20190703,10.226
600479.SH,20190703,11.821
600480.SH,20190703,2.05
600481.SH,20190703,9.371
600482.SH,20190703,2.892
600483.SH,20190703,2.465
600485.SH,20190703,2.826
600486.SH,20190703,3.714
600487.SH,20190703,10.53
600488.SH,20190703,7.045
600489.SH,20190703,11.71
600490.SH,20190703,13.974
600491.SH,20190703,10.588
600493.SH,20190703,2.576
600495.SH,20190703,7.48
600496.SH,20190703,9.825
600497.SH,20190703,20.759
600498.SH,20190703,3.572
600499.SH,20190703,29.406
600500.SH,20190703,6.294
600501.SH,20190703,4.727
600502.SH,20190703,12.403
600503.SH,20190703,3.012
600505.SH,20190703,3.304
600506.SH,20190703,1.327
600507.SH,20190703,12.593
600508.SH,20190703,3.245
600509.SH,20190703,6.223
600510.SH,20190703,5.466
600511.SH,20190703,5.471
600512.SH,20190703,6.313
600513.SH,20190703,6.284
600515.SH,20190703,2.216
600516.SH,20190703,8.966
600517.SH,20190703,21.068
600518.SH,20190703,44.891
600519.SH,20190703,7.319
600520.SH,20190703,2.342
600521.SH,20190703,16.498
600522.SH,20190703,8.33
600523.SH,20190703,2.022
600525.SH,20190703,12.706
600526.SH,20190703,3.902
600527.SH,20190703,19.97
600528.SH,20190703,4.379
600529.SH,20190703,7.926
600530.SH,20190703,6.396
600531.SH,20190703,10.267
600532.SH,20190703,2.339
600533.SH,20190703,8.528
600535.SH,20190703,11.392
600536.SH,20190703,5.296
600537.SH,20190703,4.435
600538.SH,20190703,3.082
600539.SH,20190703,1.214
600540.SH,20190703,3.453
600543.SH,20190703,2.457
600545.SH,20190703,4.17
600546.SH,20190703,8.103
600547.SH,20190703,11.11
600548.SH,20190703,2.301
600549.SH,20190703,12.979
600550.SH,20190703,7.636
600551.SH,20190703,3.681
600552.SH,20190703,8.057
600555.SH,20190703,4.286
600556.SH,20190703,4.879
600557.SH,20190703,8.768
600558.SH,20190703,6.934
600559.SH,20190703,6.795
600560.SH,20190703,4.538
600561.SH,20190703,2.774
600562.SH,20190703,7.051
600563.SH,20190703,2.746
600565.SH,20190703,11.669
600566.SH,20190703,2.038
600567.SH,20190703,3.976
600568.SH,20190703,12.719
600569.SH,20190703,2.58
600570.SH,20190703,18.702
600571.SH,20190703,10.519
600572.SH,20190703,15.136
600573.SH,20190703,1.311
600575.SH,20190703,17.619
600576.SH,20190703,3.15
600577.SH,20190703,23.104
600578.SH,20190703,5.131
600579.SH,20190703,1.883
600580.SH,20190703,7.113
600581.SH,20190703,6.617
600582.SH,20190703,36.87
600583.SH,20190703,19.692
600584.SH,20190703,4.783
600585.SH,20190703,4.581
600586.SH,20190703,12.688
600587.SH,20190703,5.514
600588.SH,20190703,42.254
600589.SH,20190703,4.257
600590.SH,20190703,4.395
600592.SH,20190703,3.321
600593.SH,20190703,1.921
600594.SH,20190703,15.038
600595.SH,20190703,7.997
600596.SH,20190703,7.867
600597.SH,20190703,2.451
600598.SH,20190703,2.439
600599.SH,20190703,2.205
600600.SH,20190703,1.657
600601.SH,20190703,5799.034
600602.SH,20190703,522.596
600603.SH,20190703,159.907
600604.SH,20190703,52.481
600605.SH,20190703,35.096
600606.SH,20190703,124.367
600608.SH,20190703,96.539
600609.SH,20190703,25.927
600610.SH,20190703,79.35
600611.SH,20190703,658.965
600612.SH,20190703,124.321
600613.SH,20190703,27.775
600614.SH,20190703,167.722
600615.SH,20190703,54.797
600616.SH,20190703,288.564
600617.SH,20190703,42.891
600618.SH,20190703,24.542
600619.SH,20190703,53.148
600620.SH,20190703,420.497
600621.SH,20190703,290.154
600622.SH,20190703,224.439
600623.SH,20190703,28.18
600624.SH,20190703,17.574
600626.SH,20190703,10.651
600628.SH,20190703,46.693
600629.SH,20190703,5.533
600630.SH,20190703,3.199
600633.SH,20190703,7.706
600634.SH,20190703,8.783
600635.SH,20190703,139.28
600636.SH,20190703,13.157
600637.SH,20190703,4.582
600638.SH,20190703,14.62
600639.SH,20190703,5.924
600640.SH,20190703,8.408
600641.SH,20190703,17.071
600642.SH,20190703,9.021
600643.SH,20190703,7.438
600644.SH,20190703,11.618
600645.SH,20190703,18.139
600647.SH,20190703,16.025
600648.SH,20190703,6.584
600649.SH,20190703,14.278
600650.SH,20190703,4.206
600651.SH,20190703,5951.086
600652.SH,20190703,5440.222
600653.SH,20190703,10055.64
600654.SH,20190703,1506.964
600655.SH,20190703,195.888
600657.SH,20190703,16.115
600658.SH,20190703,6.398
600660.SH,20190703,78.355
600661.SH,20190703,5.11
600662.SH,20190703,57.955
600663.SH,20190703,12.17
600664.SH,20190703,10.007
600665.SH,20190703,4.223
600666.SH,20190703,11.327
600667.SH,20190703,4.972
600668.SH,20190703,6.25
600671.SH,20190703,3.269
600673.SH,20190703,13.692
600674.SH,20190703,18.534
600675.SH,20190703,39.143
600676.SH,20190703,13.722
600677.SH,20190703,6.329
600678.SH,20190703,4.222
600679.SH,20190703,2.503
600681.SH,20190703,8.137
600682.SH,20190703,12.651
600683.SH,20190703,6.438
600684.SH,20190703,14.89
600685.SH,20190703,2.019
600686.SH,20190703,12.973
600687.SH,20190703,10.814
600688.SH,20190703,3.528
600689.SH,20190703,2.544
600690.SH,20190703,36.133
600691.SH,20190703,9.458
600692.SH,20190703,8.374
600693.SH,20190703,10.508
600694.SH,20190703,4.723
600695.SH,20190703,2.321
600696.SH,20190703,3.304
600697.SH,20190703,2.781
600698.SH,20190703,5.222
600699.SH,20190703,2.966
600701.SH,20190703,4.76
600702.SH,20190703,3.448
600703.SH,20190703,20.861
600704.SH,20190703,18.48
600705.SH,20190703,49.589
600706.SH,20190703,1.965
600707.SH,20190703,2.273
600708.SH,20190703,12.081
600710.SH,20190703,5.961
600711.SH,20190703,9.891
600712.SH,20190703,6.357
600713.SH,20190703,10.226
600714.SH,20190703,2.623
600715.SH,20190703,3.888
600716.SH,20190703,4.526
600717.SH,20190703,21.415
600718.SH,20190703,17.03
600719.SH,20190703,5.458
600720.SH,20190703,11.149
600721.SH,20190703,1.452
600722.SH,20190703,5.892
600723.SH,20190703,3.083
600724.SH,20190703,11.57
600725.SH,20190703,8.235
600726.SH,20190703,3.597
600727.SH,20190703,5.275
600728.SH,20190703,12.809
600729.SH,20190703,3.098
600730.SH,20190703,5.499
600731.SH,20190703,6.409
600732.SH,20190703,4.863
600733.SH,20190703,9.36
600734.SH,20190703,3.659
600735.SH,20190703,5.413
600736.SH,20190703,27.089
600737.SH,20190703,11.227
600738.SH,20190703,7.076
600739.SH,20190703,30.466
600740.SH,20190703,7.592
600741.SH,20190703,42.638
600742.SH,20190703,14.14
600743.SH,20190703,12.135
600744.SH,20190703,4.106
600745.SH,20190703,2.129
600746.SH,20190703,7.353
600747.SH,20190703,15.915
600748.SH,20190703,6.177
600749.SH,20190703,3.127
600750.SH,20190703,13.102
600751.SH,20190703,4.621
600753.SH,20190703,2.246
600754.SH,20190703,3.011
600755.SH,20190703,19.765
600756.SH,20190703,5.216
600757.SH,20190703,6.533
600758.SH,20190703,2.778
600759.SH,20190703,4.465
600760.SH,20190703,4.905
600761.SH,20190703,11.912
600763.SH,20190703,2.415
600764.SH,20190703,8.101
600765.SH,20190703,9.009
600766.SH,20190703,4.225
600767.SH,20190703,3.774
600768.SH,20190703,3.339
600769.SH,20190703,5.58
600770.SH,20190703,21.002
600771.SH,20190703,7.446
600773.SH,20190703,6.216
600774.SH,20190703,6.396
600775.SH,20190703,1.446
600776.SH,20190703,4.722
600777.SH,20190703,30.515
600778.SH,20190703,3.766
600779.SH,20190703,6.377
600780.SH,20190703,10.994
600781.SH,20190703,2.14
600782.SH,20190703,10.871
600783.SH,20190703,6.033
600784.SH,20190703,7.155
600785.SH,20190703,4.606
600787.SH,20190703,30.503
600789.SH,20190703,2.777
600790.SH,20190703,11.056
600791.SH,20190703,7.27
600792.SH,20190703,6.756
600793.SH,20190703,1.733
600794.SH,20190703,20.612
600795.SH,20190703,259.362
600796.SH,20190703,8.519
600797.SH,20190703,12.475
600798.SH,20190703,7.957
600800.SH,20190703,9.904
600801.SH,20190703,9.246
600802.SH,20190703,2.775
600803.SH,20190703,6.077
600804.SH,20190703,8.058
600805.SH,20190703,14.398
600807.SH,20190703,6.536
600808.SH,20190703,1.94
600809.SH,20190703,4.348
600810.SH,20190703,3.09
600811.SH,20190703,15.624
600812.SH,20190703,3.974
600814.SH,20190703,5.972
600815.SH,20190703,6.148
600816.SH,20190703,30.964
600817.SH,20190703,4.465
600818.SH,20190703,2.139
600819.SH,20190703,3.349
600820.SH,20190703,18.245
600821.SH,20190703,4.462
600822.SH,20190703,2.728
600823.SH,20190703,31.987
600824.SH,20190703,25.938
600825.SH,20190703,12.667
600826.SH,20190703,4.935
600827.SH,20190703,8.325
600828.SH,20190703,10.199
600829.SH,20190703,9.478
600830.SH,20190703,9.89
600831.SH,20190703,6.397
600833.SH,20190703,7.297
600834.SH,20190703,3.912
600835.SH,20190703,4.979
600836.SH,20190703,13.65
600837.SH,20190703,22.27
600838.SH,20190703,8.943
600839.SH,20190703,27.683
600841.SH,20190703,2.853
600843.SH,20190703,2.805
600844.SH,20190703,6.935
600845.SH,20190703,5.688
600846.SH,20190703,14.862
600847.SH,20190703,1.862
600848.SH,20190703,2.261
600850.SH,20190703,6.934
600851.SH,20190703,11.764
600853.SH,20190703,1.992
600854.SH,20190703,5.973
600855.SH,20190703,1.616
600856.SH,20190703,5.616
600857.SH,20190703,5.706
600858.SH,20190703,6.878
600859.SH,20190703,4.52
600860.SH,20190703,1.661
600861.SH,20190703,2.408
600862.SH,20190703,7.126
600863.SH,20190703,17.011
600864.SH,20190703,10.4
600865.SH,20190703,4.902
600866.SH,20190703,14.624
600867.SH,20190703,33.393
600868.SH,20190703,27.974
600869.SH,20190703,10.667
600870.SH,20190703,8.269
600871.SH,20190703,2.464
600872.SH,20190703,10.948
600873.SH,20190703,6.178
600874.SH,20190703,1.647
600875.SH,20190703,2.984
600876.SH,20190703,1.427
600877.SH,20190703,4.641
600879.SH,20190703,36.271
600880.SH,20190703,29.148
600881.SH,20190703,46.915
600882.SH,20190703,2.379
600883.SH,20190703,4.701
600884.SH,20190703,18.666
600885.SH,20190703,3.935
600886.SH,20190703,45.719
600887.SH,20190703,73.743
600888.SH,20190703,10.959
600889.SH,20190703,4.621
600890.SH,20190703,5.544
600891.SH,20190703,3.442
600892.SH,20190703,6.323
600893.SH,20190703,3.284
600894.SH,20190703,3.319
600895.SH,20190703,19.61
600896.SH,20190703,4.938
600897.SH,20190703,4.928
600898.SH,20190703,2.708
600900.SH,20190703,2.962
600901.SH,20190703,1.045
600903.SH,20190703,1.406
600908.SH,20190703,1.068
600909.SH,20190703,1.027
600917.SH,20190703,1.067
600919.SH,20190703,1.049
600926.SH,20190703,2.042
600928.SH,20190703,1.019
600929.SH,20190703,1.003
600933.SH,20190703,1.046
600936.SH,20190703,1.02
600939.SH,20190703,1.01
600958.SH,20190703,1.064
600959.SH,20190703,1.352
600960.SH,20190703,4.399
600961.SH,20190703,1.504
600962.SH,20190703,1.893
600963.SH,20190703,3.426
600965.SH,20190703,2.047
600966.SH,20190703,6.908
600967.SH,20190703,5.167
600968.SH,20190703,1.0
600969.SH,20190703,2.032
600970.SH,20190703,12.449
600971.SH,20190703,8.82
600973.SH,20190703,8.663
600975.SH,20190703,7.233
600976.SH,20190703,2.894
600977.SH,20190703,1.034
600978.SH,20190703,4.999
600979.SH,20190703,4.045
600980.SH,20190703,1.778
600981.SH,20190703,4.684
600982.SH,20190703,3.966
600983.SH,20190703,2.439
600984.SH,20190703,1.902
600985.SH,20190703,3.452
600986.SH,20190703,5.8
600987.SH,20190703,5.975
600988.SH,20190703,5.458
600989.SH,20190703,1.0
600990.SH,20190703,2.789
600992.SH,20190703,1.548
600993.SH,20190703,11.385
600995.SH,20190703,8.637
600996.SH,20190703,1.027
600997.SH,20190703,3.851
600998.SH,20190703,1.038
600999.SH,20190703,1.553
601000.SH,20190703,4.877
601001.SH,20190703,2.146
601002.SH,20190703,1.086
601003.SH,20190703,4.672
601005.SH,20190703,1.051
601006.SH,20190703,1.778
601007.SH,20190703,1.094
601008.SH,20190703,1.657
601009.SH,20190703,4.876
601010.SH,20190703,4.433
601011.SH,20190703,2.607
601012.SH,20190703,9.668
601015.SH,20190703,1.98
601016.SH,20190703,2.087
601018.SH,20190703,1.198
601019.SH,20190703,1.066
601020.SH,20190703,1.029
601021.SH,20190703,2.042
601028.SH,20190703,2.388
601038.SH,20190703,1.038
601058.SH,20190703,4.949
601066.SH,20190703,1.017
601068.SH,20190703,1.0
601069.SH,20190703,1.006
601086.SH,20190703,1.031
601088.SH,20190703,1.605
601098.SH,20190703,1.222
601099.SH,20190703,2.852
601100.SH,20190703,2.257
601101.SH,20190703,3.051
601106.SH,20190703,1.008
601107.SH,20190703,1.249
601108.SH,20190703,1.017
601111.SH,20190703,1.127
601113.SH,20190703,2.095
601116.SH,20190703,1.145
601117.SH,20190703,1.121
601118.SH,20190703,1.034
601126.SH,20190703,2.34
601127.SH,20190703,1.034
601128.SH,20190703,1.069
601137.SH,20190703,2.171
601138.SH,20190703,1.011
601139.SH,20190703,2.266
601155.SH,20190703,1.43
601158.SH,20190703,1.428
601162.SH,20190703,1.001
601163.SH,20190703,1.037
601166.SH,20190703,4.124
601168.SH,20190703,1.117
601169.SH,20190703,3.252
601177.SH,20190703,1.023
601179.SH,20190703,1.112
601186.SH,20190703,1.193
601188.SH,20190703,1.105
601198.SH,20190703,1.039
601199.SH,20190703,4.436
601200.SH,20190703,1.314
601208.SH,20190703,2.259
601211.SH,20190703,1.085
601212.SH,20190703,1.004
601216.SH,20190703,12.61
601218.SH,20190703,2.219
601222.SH,20190703,4.609
601225.SH,20190703,1.104
601226.SH,20190703,1.527
601228.SH,20190703,1.016
601229.SH,20190703,2.586
601231.SH,20190703,2.148
601233.SH,20190703,3.045
601238.SH,20190703,1.643
601258.SH,20190703,5.022
601288.SH,20190703,1.565
601298.SH,20190703,1.0
601311.SH,20190703,2.147
601318.SH,20190703,2.385
601319.SH,20190703,1.0
601326.SH,20190703,1.024
601328.SH,20190703,1.756
601330.SH,20190703,1.006
601333.SH,20190703,1.286
601336.SH,20190703,1.054
601339.SH,20190703,2.327
601360.SH,20190703,2.018
601366.SH,20190703,1.03
601368.SH,20190703,1.061
601369.SH,20190703,1.969
601375.SH,20190703,1.028
601377.SH,20190703,2.366
601388.SH,20190703,5.146
601390.SH,20190703,1.139
601398.SH,20190703,1.776
601500.SH,20190703,1.028
601515.SH,20190703,3.078
601518.SH,20190703,1.141
601519.SH,20190703,2.911
601555.SH,20190703,1.088
601558.SH,20190703,6.245
601566.SH,20190703,1.461
601567.SH,20190703,4.874
601577.SH,20190703,1.0
601579.SH,20190703,1.033
601588.SH,20190703,1.187
601595.SH,20190703,1.027
601598.SH,20190703,1.0
601599.SH,20190703,3.242
601600.SH,20190703,1.019
601601.SH,20190703,1.246
601606.SH,20190703,1.0
601607.SH,20190703,9.357
601608.SH,20190703,1.578
601611.SH,20190703,1.012
601615.SH,20190703,1.0
601616.SH,20190703,1.966
601618.SH,20190703,1.108
601619.SH,20190703,1.013
601628.SH,20190703,1.204
601633.SH,20190703,3.62
601636.SH,20190703,3.146
601666.SH,20190703,2.524
601668.SH,20190703,1.82
601669.SH,20190703,1.17
601677.SH,20190703,1.084
601678.SH,20190703,4.061
601688.SH,20190703,1.159
601689.SH,20190703,1.029
601698.SH,20190703,1.0
601699.SH,20190703,5.802
601700.SH,20190703,6.024
601717.SH,20190703,2.248
601718.SH,20190703,1.101
601727.SH,20190703,1.111
601766.SH,20190703,1.186
601777.SH,20190703,1.175
601788.SH,20190703,1.197
601789.SH,20190703,2.236
601798.SH,20190703,1.074
601799.SH,20190703,1.254
601800.SH,20190703,1.215
601801.SH,20190703,2.284
601808.SH,20190703,1.139
601811.SH,20190703,1.088
601818.SH,20190703,1.428
601828.SH,20190703,1.044
601838.SH,20190703,1.026
601857.SH,20190703,1.324
601858.SH,20190703,1.018
601860.SH,20190703,1.014
601865.SH,20190703,1.0
601866.SH,20190703,1.008
601869.SH,20190703,1.013
601872.SH,20190703,1.212
601877.SH,20190703,1.741
601878.SH,20190703,1.022
601880.SH,20190703,2.566
601881.SH,20190703,1.038
601882.SH,20190703,1.014
601886.SH,20190703,2.271
601888.SH,20190703,2.17
601890.SH,20190703,2.795
601898.SH,20190703,1.154
601899.SH,20190703,1.892
601900.SH,20190703,1.041
601901.SH,20190703,1.033
601908.SH,20190703,4.207
601918.SH,20190703,1.51
601919.SH,20190703,1.043
601928.SH,20190703,1.136
601929.SH,20190703,2.176
601933.SH,20190703,8.96
601939.SH,20190703,1.693
601949.SH,20190703,1.019
601952.SH,20190703,1.359
601958.SH,20190703,1.345
601965.SH,20190703,1.627
601966.SH,20190703,1.041
601968.SH,20190703,1.004
601969.SH,20190703,1.008
601975.SH,20190703,1.0
601985.SH,20190703,1.047
601988.SH,20190703,1.806
601989.SH,20190703,1.682
601990.SH,20190703,1.0
601991.SH,20190703,2.491
601992.SH,20190703,2.153
601996.SH,20190703,4.323
601997.SH,20190703,1.509
601998.SH,20190703,1.413
601999.SH,20190703,1.053
603000.SH,20190703,4.129
603001.SH,20190703,1.209
603002.SH,20190703,1.587
603003.SH,20190703,1.012
603005.SH,20190703,1.019
603006.SH,20190703,2.034
603007.SH,20190703,2.526
603008.SH,20190703,1.57
603009.SH,20190703,2.579
603010.SH,20190703,3.162
603011.SH,20190703,2.083
603012.SH,20190703,2.038
603013.SH,20190703,1.024
603015.SH,20190703,2.107
603016.SH,20190703,1.026
603017.SH,20190703,4.198
603018.SH,20190703,4.633
603019.SH,20190703,2.829
603020.SH,20190703,2.13
603021.SH,20190703,2.656
603022.SH,20190703,2.54
603023.SH,20190703,5.652
603025.SH,20190703,2.219
603026.SH,20190703,1.065
603027.SH,20190703,2.868
603028.SH,20190703,1.006
603029.SH,20190703,1.014
603030.SH,20190703,3.038
603031.SH,20190703,1.416
603032.SH,20190703,1.207
603033.SH,20190703,2.003
603035.SH,20190703,1.03
603036.SH,20190703,1.011
603037.SH,20190703,1.359
603038.SH,20190703,2.027
603039.SH,20190703,2.201
603040.SH,20190703,1.336
603041.SH,20190703,1.017
603042.SH,20190703,1.007
603043.SH,20190703,1.028
603045.SH,20190703,1.406
603050.SH,20190703,1.236
603055.SH,20190703,1.446
603056.SH,20190703,1.022
603058.SH,20190703,1.011
603059.SH,20190703,1.255
603060.SH,20190703,1.438
603063.SH,20190703,1.011
603066.SH,20190703,3.071
603067.SH,20190703,2.015
603068.SH,20190703,1.0
603069.SH,20190703,1.02
603076.SH,20190703,1.015
603077.SH,20190703,13.946
603078.SH,20190703,1.84
603079.SH,20190703,1.414
603080.SH,20190703,1.006
603081.SH,20190703,1.017
603083.SH,20190703,1.308
603085.SH,20190703,2.623
603086.SH,20190703,1.407
603088.SH,20190703,2.038
603089.SH,20190703,1.501
603090.SH,20190703,1.019
603096.SH,20190703,1.027
603098.SH,20190703,1.228
603099.SH,20190703,1.021
603100.SH,20190703,1.062
603101.SH,20190703,1.419
603103.SH,20190703,1.424
603105.SH,20190703,1.008
603106.SH,20190703,1.439
603108.SH,20190703,5.453
603110.SH,20190703,1.437
603111.SH,20190703,2.576
603113.SH,20190703,1.031
603116.SH,20190703,1.5
603117.SH,20190703,1.441
603118.SH,20190703,2.368
603121.SH,20190703,1.207
603123.SH,20190703,1.147
603126.SH,20190703,1.554
603127.SH,20190703,1.976
603128.SH,20190703,2.113
603129.SH,20190703,1.028
603131.SH,20190703,2.854
603133.SH,20190703,1.011
603136.SH,20190703,1.494
603138.SH,20190703,1.832
603139.SH,20190703,1.01
603156.SH,20190703,2.132
603157.SH,20190703,1.056
603158.SH,20190703,2.091
603159.SH,20190703,1.433
603160.SH,20190703,1.013
603161.SH,20190703,1.033
603165.SH,20190703,1.465
603166.SH,20190703,1.299
603167.SH,20190703,1.206
603168.SH,20190703,4.733
603169.SH,20190703,1.627
603177.SH,20190703,1.012
603178.SH,20190703,1.018
603179.SH,20190703,1.455
603180.SH,20190703,1.024
603181.SH,20190703,1.436
603183.SH,20190703,1.985
603185.SH,20190703,1.0
603186.SH,20190703,1.018
603187.SH,20190703,1.418
603188.SH,20190703,2.16
603189.SH,20190703,1.01
603192.SH,20190703,1.013
603196.SH,20190703,1.021
603197.SH,20190703,1.449
603198.SH,20190703,1.146
603199.SH,20190703,1.023
603200.SH,20190703,1.398
603203.SH,20190703,1.725
603208.SH,20190703,1.047
603214.SH,20190703,1.013
603217.SH,20190703,1.0
603218.SH,20190703,1.338
603220.SH,20190703,1.005
603222.SH,20190703,2.027
603223.SH,20190703,1.997
603225.SH,20190703,1.991
603226.SH,20190703,1.742
603227.SH,20190703,2.025
603228.SH,20190703,1.452
603229.SH,20190703,1.008
603232.SH,20190703,2.023
603233.SH,20190703,1.326
603238.SH,20190703,1.017
603239.SH,20190703,3.226
603258.SH,20190703,1.028
603259.SH,20190703,1.409
603260.SH,20190703,1.006
603266.SH,20190703,2.008
603267.SH,20190703,1.0
603268.SH,20190703,1.426
603269.SH,20190703,1.014
603277.SH,20190703,1.012
603278.SH,20190703,1.413
603283.SH,20190703,1.022
603286.SH,20190703,1.011
603288.SH,20190703,3.909
603289.SH,20190703,1.332
603297.SH,20190703,1.314
603298.SH,20190703,1.059
603299.SH,20190703,1.024
603300.SH,20190703,2.008
603301.SH,20190703,1.416
603303.SH,20190703,2.116
603305.SH,20190703,1.013
603306.SH,20190703,2.134
603308.SH,20190703,1.016
603309.SH,20190703,2.056
603311.SH,20190703,1.036
603313.SH,20190703,1.373
603315.SH,20190703,2.02
603316.SH,20190703,1.013
603317.SH,20190703,1.005
603318.SH,20190703,3.018
603319.SH,20190703,1.343
603320.SH,20190703,1.013
603321.SH,20190703,1.016
603322.SH,20190703,1.973
603323.SH,20190703,1.488
603326.SH,20190703,1.412
603327.SH,20190703,1.0
603328.SH,20190703,2.331
603329.SH,20190703,1.024
603330.SH,20190703,1.867
603331.SH,20190703,1.026
603332.SH,20190703,1.024
603333.SH,20190703,1.516
603335.SH,20190703,1.701
603336.SH,20190703,1.723
603337.SH,20190703,2.219
603338.SH,20190703,4.984
603339.SH,20190703,1.016
603345.SH,20190703,1.026
603348.SH,20190703,1.015
603351.SH,20190703,1.417
603355.SH,20190703,1.11
603356.SH,20190703,1.02
603357.SH,20190703,1.447
603358.SH,20190703,2.101
603359.SH,20190703,1.434
603360.SH,20190703,1.466
603363.SH,20190703,1.002
603365.SH,20190703,1.045
603366.SH,20190703,2.359
603367.SH,20190703,1.023
603368.SH,20190703,1.917
603369.SH,20190703,2.657
603377.SH,20190703,1.454
603378.SH,20190703,1.02
603379.SH,20190703,1.0
603380.SH,20190703,1.025
603383.SH,20190703,1.423
603385.SH,20190703,1.358
603386.SH,20190703,1.015
603387.SH,20190703,1.993
603388.SH,20190703,2.858
603389.SH,20190703,1.216
603393.SH,20190703,1.504
603396.SH,20190703,1.428
603398.SH,20190703,2.226
603399.SH,20190703,1.416
603416.SH,20190703,1.413
603421.SH,20190703,1.02
603429.SH,20190703,3.679
603444.SH,20190703,1.081
603456.SH,20190703,3.786
603458.SH,20190703,1.51
603466.SH,20190703,2.033
603477.SH,20190703,1.007
603486.SH,20190703,1.414
603488.SH,20190703,1.039
603496.SH,20190703,1.403
603499.SH,20190703,1.421
603500.SH,20190703,1.436
603501.SH,20190703,1.001
603505.SH,20190703,1.016
603506.SH,20190703,1.724
603507.SH,20190703,1.009
603508.SH,20190703,1.021
603515.SH,20190703,1.34
603516.SH,20190703,1.428
603517.SH,20190703,1.446
603518.SH,20190703,1.451
603519.SH,20190703,3.041
603520.SH,20190703,1.469
603527.SH,20190703,1.439
603528.SH,20190703,3.079
603533.SH,20190703,1.008
603535.SH,20190703,1.013
603536.SH,20190703,1.434
603538.SH,20190703,1.212
603555.SH,20190703,1.099
603556.SH,20190703,1.36
603557.SH,20190703,1.005
603558.SH,20190703,3.899
603559.SH,20190703,1.505
603566.SH,20190703,2.099
603567.SH,20190703,2.094
603568.SH,20190703,2.105
603569.SH,20190703,1.436
603577.SH,20190703,1.525
603578.SH,20190703,1.018
603579.SH,20190703,2.059
603580.SH,20190703,1.406
603583.SH,20190703,1.477
603585.SH,20190703,1.899
603586.SH,20190703,1.036
603587.SH,20190703,1.075
603588.SH,20190703,4.048
603589.SH,20190703,1.061
603590.SH,20190703,1.013
603595.SH,20190703,1.968
603596.SH,20190703,1.003
603598.SH,20190703,2.013
603599.SH,20190703,2.038
603600.SH,20190703,2.759
603601.SH,20190703,9.189
603602.SH,20190703,1.97
603603.SH,20190703,1.007
603605.SH,20190703,1.016
603606.SH,20190703,3.943
603607.SH,20190703,1.434
603608.SH,20190703,1.521
603609.SH,20190703,1.568
603611.SH,20190703,3.05
603612.SH,20190703,1.433
603615.SH,20190703,1.053
603616.SH,20190703,2.005
603617.SH,20190703,1.423
603618.SH,20190703,3.088
603619.SH,20190703,1.01
603626.SH,20190703,2.054
603628.SH,20190703,1.006
603629.SH,20190703,1.008
603630.SH,20190703,1.348
603633.SH,20190703,1.315
603636.SH,20190703,4.682
603637.SH,20190703,1.738
603638.SH,20190703,2.235
603639.SH,20190703,1.415
603648.SH,20190703,1.008
603650.SH,20190703,1.0
603655.SH,20190703,1.01
603656.SH,20190703,1.997
603657.SH,20190703,1.029
603658.SH,20190703,1.046
603659.SH,20190703,1.014
603660.SH,20190703,1.981
603661.SH,20190703,1.027
603663.SH,20190703,1.427
603665.SH,20190703,1.013
603666.SH,20190703,1.414
603667.SH,20190703,1.351
603668.SH,20190703,1.42
603669.SH,20190703,2.121
603676.SH,20190703,1.008
603677.SH,20190703,2.475
603678.SH,20190703,2.553
603679.SH,20190703,1.006
603680.SH,20190703,1.413
603681.SH,20190703,1.01
603683.SH,20190703,1.002
603685.SH,20190703,1.736
603686.SH,20190703,2.077
603688.SH,20190703,1.564
603689.SH,20190703,1.028
603690.SH,20190703,1.009
603693.SH,20190703,1.031
603696.SH,20190703,2.168
603697.SH,20190703,1.0
603698.SH,20190703,1.33
603699.SH,20190703,1.075
603700.SH,20190703,1.02
603701.SH,20190703,2.669
603703.SH,20190703,2.524
603706.SH,20190703,1.016
603707.SH,20190703,1.306
603708.SH,20190703,1.789
603709.SH,20190703,1.011
603711.SH,20190703,1.013
603712.SH,20190703,1.003
603713.SH,20190703,1.004
603716.SH,20190703,3.508
603717.SH,20190703,1.415
603718.SH,20190703,2.32
603721.SH,20190703,1.321
603722.SH,20190703,1.016
603725.SH,20190703,1.423
603726.SH,20190703,2.077
603727.SH,20190703,1.02
603728.SH,20190703,1.308
603729.SH,20190703,1.408
603730.SH,20190703,1.039
603733.SH,20190703,1.026
603737.SH,20190703,1.873
603738.SH,20190703,2.426
603739.SH,20190703,1.007
603757.SH,20190703,2.027
603758.SH,20190703,1.013
603766.SH,20190703,2.929
603767.SH,20190703,1.456
603768.SH,20190703,1.012
603773.SH,20190703,1.0
603776.SH,20190703,1.999
603777.SH,20190703,1.435
603778.SH,20190703,6.295
603779.SH,20190703,1.016
603787.SH,20190703,1.028
603788.SH,20190703,1.573
603789.SH,20190703,1.322
603790.SH,20190703,1.316
603797.SH,20190703,1.428
603798.SH,20190703,2.071
603799.SH,20190703,1.849
603800.SH,20190703,1.048
603801.SH,20190703,1.457
603803.SH,20190703,1.033
603806.SH,20190703,1.405
603808.SH,20190703,2.082
603809.SH,20190703,2.08
603810.SH,20190703,1.013
603811.SH,20190703,1.459
603813.SH,20190703,1.016
603816.SH,20190703,1.47
603817.SH,20190703,1.006
603818.SH,20190703,2.034
603819.SH,20190703,1.442
603822.SH,20190703,1.021
603823.SH,20190703,1.03
603825.SH,20190703,1.439
603826.SH,20190703,1.319
603828.SH,20190703,3.564
603829.SH,20190703,1.007
603833.SH,20190703,1.015
603838.SH,20190703,2.039
603839.SH,20190703,1.489
603843.SH,20190703,1.006
603848.SH,20190703,1.022
603855.SH,20190703,1.069
603856.SH,20190703,1.337
603858.SH,20190703,1.388
603859.SH,20190703,1.011
603860.SH,20190703,1.01
603861.SH,20190703,1.024
603863.SH,20190703,1.0
603866.SH,20190703,1.48
603867.SH,20190703,1.0
603868.SH,20190703,1.113
603869.SH,20190703,1.029
603871.SH,20190703,1.997
603876.SH,20190703,1.003
603877.SH,20190703,1.1
603878.SH,20190703,1.494
603879.SH,20190703,1.411
603880.SH,20190703,1.721
603881.SH,20190703,1.007
603882.SH,20190703,1.006
603883.SH,20190703,1.025
603885.SH,20190703,2.923
603886.SH,20190703,1.062
603887.SH,20190703,1.415
603888.SH,20190703,2.573
603889.SH,20190703,4.238
603890.SH,20190703,2.011
603895.SH,20190703,1.41
603896.SH,20190703,1.011
603897.SH,20190703,1.007
603898.SH,20190703,3.15
603899.SH,20190703,2.117
603900.SH,20190703,1.496
603901.SH,20190703,4.042
603903.SH,20190703,1.411
603906.SH,20190703,1.46
603908.SH,20190703,1.055
603909.SH,20190703,1.012
603912.SH,20190703,1.436
603915.SH,20190703,1.0
603916.SH,20190703,1.03
603917.SH,20190703,1.408
603918.SH,20190703,2.637
603919.SH,20190703,1.35
603920.SH,20190703,1.072
603922.SH,20190703,1.02
603926.SH,20190703,1.384
603928.SH,20190703,1.041
603929.SH,20190703,1.031
603933.SH,20190703,2.016
603936.SH,20190703,1.417
603937.SH,20190703,1.003
603938.SH,20190703,1.015
603939.SH,20190703,2.053
603955.SH,20190703,1.309
603956.SH,20190703,1.005
603958.SH,20190703,1.028
603959.SH,20190703,1.984
603960.SH,20190703,2.22
603963.SH,20190703,1.707
603966.SH,20190703,1.324
603967.SH,20190703,1.0
603968.SH,20190703,2.154
603969.SH,20190703,4.447
603970.SH,20190703,1.472
603976.SH,20190703,1.429
603977.SH,20190703,1.469
603978.SH,20190703,2.01
603979.SH,20190703,1.594
603980.SH,20190703,1.47
603982.SH,20190703,1.0
603985.SH,20190703,1.873
603986.SH,20190703,2.824
603987.SH,20190703,2.188
603988.SH,20190703,3.099
603989.SH,20190703,2.183
603990.SH,20190703,1.421
603991.SH,20190703,1.012
603993.SH,20190703,3.36
603996.SH,20190703,1.536
603997.SH,20190703,1.628
603998.SH,20190703,3.952
603999.SH,20190703,2.444
832317.BJ,20190703,2.5
920047.BJ,20190703,228.032
920090.BJ,20190703,3.0226
920198.BJ,20190703,2.3709
920418.BJ,20190703,1.8994
920489.BJ,20190703,1.438
920510.BJ,20190703,1.0798
920799.BJ,20190703,4.272
920832.BJ,20190703,1.5891
920839.BJ,20190703,1.0809
920946.BJ,20190703,1.0
920964.BJ,20190703,2.099
920010.BJ,20190703,3.1992
920039.BJ,20190703,1.1653
920405.BJ,20190703,1.4161
920370.BJ,20190703,4.6433
920445.BJ,20190703,2.2669
920689.BJ,20190703,1.1817
920726.BJ,20190703,1.3171
920768.BJ,20190703,1.0123
920932.BJ,20190703,1.0082
920856.BJ,20190703,1.0373
920961.BJ,20190703,3.9413
920000.BJ,20190703,1.0722
920089.BJ,20190703,1.0185
920145.BJ,20190703,7.8101
920171.BJ,20190703,1.9425
920225.BJ,20190703,1.0
920278.BJ,20190703,1.0838
920419.BJ,20190703,1.0182
920566.BJ,20190703,1.1397
920735.BJ,20190703,1.496
920885.BJ,20190703,1.0718
920266.BJ,20190703,1.0671
920427.BJ,20190703,100.0
920454.BJ,20190703,1.0
920509.BJ,20190703,3.7783
920523.BJ,20190703,3.2971
920819.BJ,20190703,1.1627
920873.BJ,20190703,1.9083
833874.BJ,20190703,1.3404
833994.BJ,20190703,1.0
920021.BJ,20190703,6.2657
920415.BJ,20190703,2.0
920475.BJ,20190703,3.3924
920599.BJ,20190703,1.514
920682.BJ,20190703,1.0216
920765.BJ,20190703,1.168
920174.BJ,20190703,1.0701
920179.BJ,20190703,1.0
920184.BJ,20190703,1.0627
920185.BJ,20190703,4.5016
920305.BJ,20190703,3.2584
920368.BJ,20190703,1.1014
920508.BJ,20190703,1.142
920640.BJ,20190703,1.2156
920670.BJ,20190703,2.0809
920077.BJ,20190703,1.0
920149.BJ,20190703,1.0
920260.BJ,20190703,1.0388
920263.BJ,20190703,1.5589
920433.BJ,20190703,1.8114
920675.BJ,20190703,1.0543
920826.BJ,20190703,1.5239
920892.BJ,20190703,7.7551
920092.BJ,20190703,1.5985
920212.BJ,20190703,1.0246
920242.BJ,20190703,4.173
920344.BJ,20190703,1.1304
920030.BJ,20190703,2.3046
920163.BJ,20190703,1.5644
920275.BJ,20190703,1.0204
920924.BJ,20190703,1.0
920167.BJ,20190703,1.0
920680.BJ,20190703,1.0
920729.BJ,20190703,1.0935
920146.BJ,20190703,1.3817
920436.BJ,20190703,1.0824
920396.BJ,20190703,1.2055
920553.BJ,20190703,1.0331
920642.BJ,20190703,1.0
920249.BJ,20190703,4.75
920227.BJ,20190703,6.1711
920834.BJ,20190703,1.9259
920152.BJ,20190703,1.0241
920299.BJ,20190703,1.0
920491.BJ,20190703,1.034
920914.BJ,20190703,1.2724
920267.BJ,20190703,1.472
920870.BJ,20190703,1.0418
920943.BJ,20190703,1.052
920985.BJ,20190703,1.4015
920971.BJ,20190703,1.011
920346.BJ,20190703,1.0327
920046.BJ,20190703,1.0
920790.BJ,20190703,1.0544
920662.BJ,20190703,2.4865
920378.BJ,20190703,2.042
920641.BJ,20190703,2.3208
920808.BJ,20190703,1.0
920533.BJ,20190703,3.7325
920634.BJ,20190703,1.0526
920639.BJ,20190703,1.0272
920271.BJ,20190703,1.3267
920207.BJ,20190703,1.0309
920876.BJ,20190703,2.329
920992.BJ,20190703,1.1088
920580.BJ,20190703,1.2222
920395.BJ,20190703,1.2718
920062.BJ,20190703,1.3206
920199.BJ,20190703,1.0
920374.BJ,20190703,2.0096
920781.BJ,20190703,2.7076
920195.BJ,20190703,1.0103
920087.BJ,20190703,1.1118
920942.BJ,20190703,1.0197
920414.BJ,20190703,1.0
920014.BJ,20190703,1.0819
920110.BJ,20190703,1.0358
920957.BJ,20190703,18.1818
920075.BJ,20190703,1.1599
920230.BJ,20190703,1.3022
920866.BJ,20190703,1.25
920526.BJ,20190703,4.8755
920429.BJ,20190703,2.2885
920571.BJ,20190703,1.0
920810.BJ,20190703,1.0332
920879.BJ,20190703,2.5176
920807.BJ,20190703,1.0
920855.BJ,20190703,1.0
920033.BJ,20190703,1.5196
920351.BJ,20190703,1.0
920541.BJ,20190703,1.0714
920770.BJ,20190703,1.0
920809.BJ,20190703,2.3452
920802.BJ,20190703,1.6086
920023.BJ,20190703,2.0656
920261.BJ,20190703,1.0699
920273.BJ,20190703,1.0204
920974.BJ,20190703,2.0312
920057.BJ,20190703,1.0
920575.BJ,20190703,1.0
920663.BJ,20190703,1.0949
920407.BJ,20190703,1.2353
920792.BJ,20190703,1.0568
920006.BJ,20190703,1.0088
920779.BJ,20190703,1.5726
920471.BJ,20190703,1.0206
920651.BJ,20190703,1.258
920592.BJ,20190703,1.0214
920751.BJ,20190703,11.5
920701.BJ,20190703,1.0204
920394.BJ,20190703,1.0
920970.BJ,20190703,1.0
920982.BJ,20190703,1.5246
920719.BJ,20190703,1.0
920221.BJ,20190703,1.0
920455.BJ,20190703,1.7221
920175.BJ,20190703,1.0
920717.BJ,20190703,1.0
920896.BJ,20190703,1.4237
920504.BJ,20190703,1.0726
920978.BJ,20190703,1.0516
920469.BJ,20190703,1.0
920786.BJ,20190703,1.9976
920519.BJ,20190703,1.027
920627.BJ,20190703,1.0
920976.BJ,20190703,1.0397
920284.BJ,20190703,3.4784
920579.BJ,20190703,1.0101
920522.BJ,20190703,1.0863
920375.BJ,20190703,1.0533
920493.BJ,20190703,1.0
920130.BJ,20190703,2.0
920403.BJ,20190703,1.1385
920496.BJ,20190703,2.051
920438.BJ,20190703,1.0
920123.BJ,20190703,1.012
302132.SZ,20190703,5.904
920017.BJ,20190703,1.007
920139.BJ,20190703,4.9741
920300.BJ,20190703,2.0
920425.BJ,20190703,1.3057
920476.BJ,20190703,3.5989
920478.BJ,20190703,2.3323
920556.BJ,20190703,2.9771
920564.BJ,20190703,1.7155
920685.BJ,20190703,3.7643
920718.BJ,20190703,1.0235
