ts_code,trade_date,open,high,low,close,vol,amount
920370.BJ,20230726,2.47,2.53,2.46,2.5,5828.49,1458.135
920476.BJ,20230726,11.78,11.93,11.72,11.86,577.84,682.147
920879.BJ,20230726,6.48,6.65,6.48,6.61,1094.82,721.33
920837.BJ,20230726,4.69,4.75,4.62,4.63,6842.09,3197.43
920735.BJ,20230726,23.37,23.5,23.06,23.37,487.84,1135.108
920415.BJ,20230726,3.83,3.84,3.76,3.81,2588.28,984.601
920395.BJ,20230726,6.55,6.69,6.49,6.55,272.16,179.359
920422.BJ,20230726,6.1,6.12,6.09,6.1,465.0,283.793
920221.BJ,20230726,8.35,8.35,8.03,8.06,12622.71,10247.917
920394.BJ,20230726,16.51,16.51,16.2,16.45,4076.33,6677.068
920249.BJ,20230726,4.44,4.46,4.39,4.41,5817.04,2569.083
920429.BJ,20230726,6.89,6.96,6.87,6.95,1331.26,922.628
920252.BJ,20230726,7.43,7.5,7.29,7.31,5480.61,4048.707
920725.BJ,20230726,15.24,15.24,14.96,14.97,801.44,1207.916
920001.BJ,20230726,6.69,6.7,6.64,6.64,428.49,285.677
920171.BJ,20230726,3.97,4.08,3.92,3.97,1382.86,547.533
920339.BJ,20230726,4.2,4.23,4.18,4.22,300.92,126.751
920689.BJ,20230726,8.03,8.09,8.01,8.05,362.06,290.969
920719.BJ,20230726,13.6,13.6,13.22,13.22,2979.24,3969.425
920810.BJ,20230726,7.53,7.55,7.49,7.52,444.0,334.286
920699.BJ,20230726,10.07,10.07,9.95,10.05,1628.11,1630.151
920593.BJ,20230726,99.03,100.66,90.8,91.01,12408.31,116798.828
920270.BJ,20230726,15.41,17.07,15.41,16.24,10906.23,18206.153
920857.BJ,20230726,8.26,8.3,8.23,8.29,74.74,61.864
920491.BJ,20230726,10.03,10.14,9.99,10.0,3214.3,3223.712
920237.BJ,20230726,11.43,11.43,11.39,11.4,244.77,279.238
920367.BJ,20230726,9.1,9.1,9.0,9.07,651.87,589.142
920304.BJ,20230726,4.63,4.63,4.57,4.57,3855.29,1770.01
920564.BJ,20230726,6.14,6.25,6.14,6.24,150.99,93.868
920261.BJ,20230726,8.47,8.47,8.38,8.41,2409.66,2023.464
920475.BJ,20230726,7.3,7.38,7.3,7.34,335.19,245.16
920212.BJ,20230726,5.1,5.14,5.06,5.09,481.0,243.788
920870.BJ,20230726,7.76,7.79,7.52,7.61,3544.66,2703.441
920110.BJ,20230726,13.76,13.93,13.76,13.92,141.0,195.889
920184.BJ,20230726,4.1,4.1,4.03,4.1,1374.43,557.424
920275.BJ,20230726,3.05,3.07,2.98,3.02,1653.76,496.594
920425.BJ,20230726,14.1,14.46,14.02,14.08,1793.47,2548.082
920992.BJ,20230726,9.0,9.03,8.89,8.96,1186.42,1064.633
920802.BJ,20230726,6.59,6.63,6.54,6.6,770.49,508.764
920576.BJ,20230726,18.41,18.7,17.7,17.81,23477.41,42506.192
920278.BJ,20230726,5.03,5.06,5.01,5.06,1037.02,521.519
920075.BJ,20230726,8.09,8.1,8.04,8.08,439.05,354.194
920981.BJ,20230726,14.06,14.06,13.83,13.9,933.43,1294.231
920152.BJ,20230726,24.57,24.76,23.93,24.13,3038.09,7343.533
920508.BJ,20230726,6.18,6.23,6.16,6.23,435.73,269.869
920675.BJ,20230726,4.48,4.53,4.46,4.51,423.28,189.989
920720.BJ,20230726,5.85,5.88,5.83,5.87,1205.75,705.288
920768.BJ,20230726,4.46,4.55,4.45,4.55,2557.49,1153.093
920163.BJ,20230726,5.48,5.56,5.48,5.53,111.28,61.66
920510.BJ,20230726,8.49,8.56,8.31,8.41,958.4,811.27
920062.BJ,20230726,4.92,4.96,4.85,4.96,1366.23,673.664
920819.BJ,20230726,4.57,4.6,4.57,4.6,5550.62,2543.442
920527.BJ,20230726,6.62,6.81,6.62,6.81,520.19,353.214
920985.BJ,20230726,6.18,6.19,6.12,6.15,5157.15,3179.062
920533.BJ,20230726,19.5,19.8,18.85,19.47,6068.08,11600.154
920826.BJ,20230726,6.06,6.15,6.04,6.14,907.94,553.273
920729.BJ,20230726,6.7,6.76,6.7,6.73,682.32,458.976
920523.BJ,20230726,11.46,11.53,11.35,11.51,650.47,742.352
920950.BJ,20230726,11.2,11.29,11.2,11.28,134.84,152.058
920344.BJ,20230726,15.99,15.99,15.02,15.79,255.63,402.235
920580.BJ,20230726,4.08,4.08,3.98,4.03,1255.1,502.165
920305.BJ,20230726,18.08,18.29,17.01,17.2,24885.35,43373.084
920509.BJ,20230726,9.6,9.71,9.6,9.7,227.13,218.224
920208.BJ,20230726,31.7,33.56,31.7,32.96,6621.52,21791.758
920726.BJ,20230726,9.38,9.42,9.37,9.42,139.06,130.72
920871.BJ,20230726,4.46,4.53,4.39,4.47,1445.15,643.602
920914.BJ,20230726,9.05,9.08,9.0,9.03,1897.58,1715.316
920378.BJ,20230726,3.2,3.21,3.12,3.15,14986.48,4741.676
920271.BJ,20230726,9.18,9.18,9.06,9.16,1714.54,1562.529
920185.BJ,20230726,22.99,22.99,22.52,22.62,5307.31,12008.246
920662.BJ,20230726,9.82,9.82,9.55,9.56,4330.36,4181.681
920198.BJ,20230726,4.27,4.3,4.27,4.3,528.64,226.301
920039.BJ,20230726,5.09,5.5,5.09,5.22,6710.12,3555.009
920230.BJ,20230726,8.92,8.92,8.83,8.83,274.5,243.196
920765.BJ,20230726,5.87,5.87,5.78,5.83,190.92,111.054
920694.BJ,20230726,15.33,15.72,15.32,15.52,2016.47,3117.719
920641.BJ,20230726,9.13,9.13,8.97,8.97,169.69,153.518
920014.BJ,20230726,8.3,8.3,8.22,8.24,307.15,252.732
920017.BJ,20230726,10.08,10.13,10.05,10.08,2112.72,2131.665
920685.BJ,20230726,10.72,10.72,10.67,10.69,381.74,407.933
920371.BJ,20230726,3.5,3.5,3.47,3.48,3345.47,1164.582
920245.BJ,20230726,8.78,8.78,8.67,8.69,108.29,94.106
920974.BJ,20230726,6.7,6.7,6.66,6.67,993.0,662.095
920207.BJ,20230726,6.12,6.13,6.07,6.12,210.0,127.997
920175.BJ,20230726,9.25,9.25,9.15,9.15,6116.78,5618.284
920227.BJ,20230726,18.89,18.89,18.59,18.75,395.81,738.214
920006.BJ,20230726,13.15,13.88,13.14,13.76,11106.22,15229.723
920961.BJ,20230726,9.72,9.72,9.6,9.66,1108.05,1068.381
920639.BJ,20230726,3.85,3.85,3.82,3.84,1544.4,591.958
920092.BJ,20230726,15.04,15.33,15.04,15.16,385.2,580.753
920541.BJ,20230726,3.27,3.27,3.22,3.26,2162.12,699.568
920770.BJ,20230726,5.43,5.47,5.43,5.46,2006.29,1093.605
920779.BJ,20230726,26.4,26.48,26.1,26.2,2256.71,5919.755
920021.BJ,20230726,2.81,2.83,2.81,2.83,5184.39,1462.403
920223.BJ,20230726,2.88,2.92,2.88,2.91,2137.38,620.904
920090.BJ,20230726,2.5,2.61,2.5,2.57,13972.33,3582.766
920030.BJ,20230726,2.68,2.7,2.67,2.69,1340.24,360.037
920751.BJ,20230726,6.48,6.59,6.19,6.22,37177.86,23609.209
920873.BJ,20230726,3.09,3.58,3.09,3.34,65849.16,22201.465
920489.BJ,20230726,4.6,4.64,4.59,4.62,2729.12,1257.415
920964.BJ,20230726,3.16,3.18,3.15,3.18,3088.31,980.468
920682.BJ,20230726,5.09,5.13,5.07,5.1,926.91,471.47
920368.BJ,20230726,48.7,48.82,48.45,48.6,200.57,974.559
920225.BJ,20230726,12.01,12.48,11.85,12.2,14162.33,17185.116
920832.BJ,20230726,4.5,4.55,4.47,4.55,340.06,153.516
920195.BJ,20230726,8.0,8.05,7.96,8.04,1133.44,908.838
920405.BJ,20230726,9.5,9.6,9.32,9.46,7048.57,6672.575
920418.BJ,20230726,16.52,16.95,16.1,16.69,4472.36,7383.736
920943.BJ,20230726,7.46,7.54,7.36,7.46,3850.98,2872.395
920855.BJ,20230726,6.51,6.57,6.5,6.53,292.76,190.694
920436.BJ,20230726,6.05,6.07,6.0,6.07,69.07,41.517
920781.BJ,20230726,4.75,4.78,4.75,4.75,905.64,430.761
920454.BJ,20230726,5.35,5.41,5.31,5.39,1143.5,613.729
920179.BJ,20230726,21.0,21.21,21.0,21.16,443.67,936.095
920670.BJ,20230726,9.78,9.78,9.62,9.65,2484.26,2409.824
920651.BJ,20230726,10.84,10.86,10.82,10.86,755.56,818.5
920642.BJ,20230726,7.08,7.14,6.97,6.97,454.59,322.788
920701.BJ,20230726,7.95,7.98,7.51,7.53,53676.15,41424.17
920346.BJ,20230726,6.71,6.75,6.7,6.75,78.54,52.632
920057.BJ,20230726,3.24,3.31,3.24,3.29,3651.03,1200.087
920608.BJ,20230726,7.37,7.44,7.35,7.38,206.0,152.175
920174.BJ,20230726,8.15,8.16,8.05,8.07,2158.28,1743.386
920592.BJ,20230726,10.88,11.0,10.45,10.58,14169.0,15046.004
920407.BJ,20230726,6.28,6.32,6.27,6.32,140.16,88.226
920273.BJ,20230726,9.74,9.87,9.74,9.83,626.15,615.297
000672.SZ,20230726,9.94,10.43,9.87,10.09,249694.04,253242.192
000676.SZ,20230726,6.55,6.58,6.43,6.46,182683.08,118194.378
000677.SZ,20230726,2.83,2.87,2.83,2.86,49630.0,14168.815
000678.SZ,20230726,6.94,6.95,6.65,6.68,494300.28,332657.703
000679.SZ,20230726,6.33,6.85,6.01,6.55,722534.04,457793.576
000680.SZ,20230726,5.52,5.53,5.27,5.3,245519.81,131304.959
000681.SZ,20230726,19.48,19.48,18.81,18.96,420478.8,801910.552
000682.SZ,20230726,9.53,9.57,9.28,9.48,188085.3,177039.384
000683.SZ,20230726,7.72,7.8,7.5,7.55,823424.97,628599.009
000685.SZ,20230726,7.8,7.87,7.79,7.86,77465.89,60717.146
000686.SZ,20230726,7.59,7.64,7.48,7.54,269059.39,203243.797
000688.SZ,20230726,14.44,14.51,14.28,14.37,20697.62,29797.915
000690.SZ,20230726,6.44,6.44,6.3,6.32,418382.5,265539.587
000691.SZ,20230726,5.07,5.09,4.95,5.07,101832.35,51118.049
000692.SZ,20230726,2.53,2.54,2.51,2.52,14857.0,3746.924
000695.SZ,20230726,12.59,12.8,12.53,12.62,17586.0,22228.318
000697.SZ,20230726,6.06,6.09,5.99,6.0,32309.02,19461.069
000698.SZ,20230726,4.23,4.29,4.22,4.29,90504.24,38574.847
000700.SZ,20230726,6.15,6.19,5.96,6.0,323285.0,195257.738
000701.SZ,20230726,6.69,6.73,6.56,6.58,124763.0,82570.759
000702.SZ,20230726,5.75,5.98,5.75,5.98,96541.88,56825.006
000703.SZ,20230726,7.11,7.17,7.1,7.16,60642.52,43311.622
000705.SZ,20230726,8.25,8.29,8.22,8.26,30166.0,24904.788
000707.SZ,20230726,8.84,9.34,8.81,9.04,425196.5,384452.866
000708.SZ,20230726,16.07,16.47,16.0,16.4,74291.65,120963.375
000709.SZ,20230726,2.28,2.34,2.27,2.33,1115336.93,257335.382
000710.SZ,20230726,10.79,10.88,10.72,10.86,26913.14,29086.103
000711.SZ,20230726,1.83,1.86,1.77,1.83,254107.8,46133.386
000712.SZ,20230726,12.81,12.88,12.67,12.79,53710.8,68591.014
000713.SZ,20230726,9.22,9.32,9.14,9.3,159731.57,147693.78
000715.SZ,20230726,7.71,7.82,7.48,7.78,135131.52,103716.782
000716.SZ,20230726,7.9,8.25,7.61,7.9,1419830.78,1120377.543
000717.SZ,20230726,2.9,2.97,2.89,2.96,302230.06,88698.084
000718.SZ,20230726,2.96,3.04,2.94,3.0,421038.8,126234.923
000719.SZ,20230726,10.46,10.51,10.08,10.13,156226.6,159381.936
000720.SZ,20230726,4.85,4.92,4.81,4.89,46639.12,22790.488
000721.SZ,20230726,13.46,13.81,13.13,13.67,798142.1,1078238.836
000722.SZ,20230726,12.08,12.32,11.98,12.11,153686.38,186427.136
000723.SZ,20230726,7.51,7.58,7.45,7.5,245659.89,184493.036
000725.SZ,20230726,4.21,4.22,4.13,4.17,2924797.83,1216294.956
000726.SZ,20230726,6.85,6.87,6.82,6.84,41534.08,28408.694
002376.SZ,20230726,8.1,8.1,7.91,7.93,47769.03,38039.806
002377.SZ,20230726,2.53,2.78,2.52,2.78,682493.04,185482.167
002378.SZ,20230726,6.2,6.22,6.13,6.2,54884.04,33885.772
002379.SZ,20230726,4.4,4.41,4.32,4.35,62050.0,26945.904
002380.SZ,20230726,20.91,21.7,20.6,21.68,124221.0,264784.063
002381.SZ,20230726,7.77,7.8,7.72,7.75,23849.0,18503.47
002382.SZ,20230726,7.13,7.18,7.1,7.13,47628.56,33970.75
002383.SZ,20230726,6.97,6.97,6.8,6.81,147352.33,100968.911
002384.SZ,20230726,23.08,23.53,22.55,23.38,282337.78,649902.449
002385.SZ,20230726,6.86,6.89,6.82,6.89,224876.0,154106.528
002386.SZ,20230726,6.31,6.45,6.29,6.4,88894.5,56778.541
002387.SZ,20230726,8.38,8.41,8.14,8.19,83041.0,68194.885
002388.SZ,20230726,6.89,6.92,6.69,6.75,57975.0,39117.546
002389.SZ,20230726,22.12,22.12,21.75,21.91,63889.08,140005.36
002390.SZ,20230726,4.63,4.63,4.59,4.62,60407.43,27879.22
002391.SZ,20230726,7.21,7.24,7.19,7.23,35941.19,25934.649
002392.SZ,20230726,3.81,3.85,3.78,3.8,107947.0,41180.578
002393.SZ,20230726,25.16,25.51,25.1,25.32,11312.0,28665.217
002394.SZ,20230726,8.55,8.63,8.48,8.59,35142.0,30112.712
002395.SZ,20230726,11.84,11.84,11.21,11.21,134083.0,152327.053
002396.SZ,20230726,21.38,21.38,20.95,21.04,100656.16,211821.591
002397.SZ,20230726,3.62,3.66,3.57,3.63,81079.0,29347.162
002398.SZ,20230726,5.85,5.87,5.81,5.84,75666.24,44196.989
002399.SZ,20230726,11.75,11.82,11.71,11.79,13580.81,15981.171
002400.SZ,20230726,6.18,6.54,6.0,6.47,3392032.5,2142471.369
002401.SZ,20230726,23.33,23.34,22.69,22.74,91416.74,209729.813
002402.SZ,20230726,16.45,16.45,16.1,16.16,66516.76,107814.968
002403.SZ,20230726,8.68,8.68,8.51,8.54,57728.0,49443.5
002404.SZ,20230726,6.79,6.8,6.7,6.78,42800.5,28913.727
002405.SZ,20230726,11.24,11.24,11.15,11.18,207983.36,232590.271
002406.SZ,20230726,5.88,5.89,5.68,5.7,127167.0,72973.231
002407.SZ,20230726,19.12,19.24,19.02,19.15,82368.69,157534.044
002408.SZ,20230726,6.5,6.55,6.47,6.51,39099.44,25451.896
002409.SZ,20230726,71.78,72.8,70.93,71.44,74803.86,538134.41
002410.SZ,20230726,30.28,30.6,29.74,30.54,292618.85,885198.52
002412.SZ,20230726,6.74,6.79,6.71,6.76,48639.0,32833.942
002413.SZ,20230726,5.45,5.46,5.29,5.31,340445.91,181822.412
002414.SZ,20230726,8.27,8.43,8.18,8.29,295506.04,245701.629
002415.SZ,20230726,34.4,34.59,33.96,34.11,174767.27,596645.958
002416.SZ,20230726,7.79,7.79,7.68,7.74,43060.2,33314.335
002418.SZ,20230726,3.21,3.22,3.15,3.16,168477.0,53433.345
002419.SZ,20230726,6.33,6.42,6.31,6.39,153384.86,97623.872
300053.SZ,20230726,12.78,12.94,12.3,12.31,218877.45,275903.865
300054.SZ,20230726,22.96,23.59,22.77,23.26,63282.88,147552.02
300055.SZ,20230726,7.49,7.65,7.48,7.62,40698.81,30938.677
300056.SZ,20230726,7.05,7.27,7.01,7.18,83884.83,60155.82
300057.SZ,20230726,7.58,7.95,7.58,7.64,220509.12,170201.072
300058.SZ,20230726,9.11,9.17,8.72,8.77,1160799.36,1027206.447
300059.SZ,20230726,14.98,15.03,14.71,14.84,3468211.09,5154265.976
300061.SZ,20230726,6.5,6.51,6.38,6.4,73239.0,46972.468
300062.SZ,20230726,6.52,6.56,6.4,6.41,98155.14,63305.969
300063.SZ,20230726,4.34,4.34,4.26,4.29,142367.0,61157.028
300065.SZ,20230726,11.7,11.72,11.35,11.45,153318.63,175551.619
300066.SZ,20230726,5.2,5.3,5.13,5.19,52163.0,27103.076
300067.SZ,20230726,3.0,3.08,2.99,3.04,124541.59,37821.245
300068.SZ,20230726,18.62,18.68,17.75,18.06,183508.77,332656.864
300069.SZ,20230726,13.97,14.25,13.82,14.23,10437.0,14690.765
300070.SZ,20230726,5.41,5.55,5.4,5.48,307264.1,168896.05
300071.SZ,20230726,4.06,4.07,3.99,4.01,150530.61,60525.433
300072.SZ,20230726,3.53,3.58,3.52,3.57,119302.32,42452.327
300073.SZ,20230726,47.81,48.34,47.79,47.84,32749.97,157100.709
300074.SZ,20230726,4.36,4.38,4.3,4.34,85605.0,37109.509
300075.SZ,20230726,19.56,19.68,19.15,19.21,149949.71,290118.511
300076.SZ,20230726,5.09,5.15,5.04,5.11,50923.0,25945.792
300077.SZ,20230726,13.55,13.63,13.4,13.42,63591.88,85713.134
300078.SZ,20230726,4.43,4.46,4.37,4.4,63546.84,27947.14
300079.SZ,20230726,5.94,5.95,5.83,5.84,174562.58,102284.624
300080.SZ,20230726,5.14,5.14,5.08,5.11,45467.0,23189.618
300081.SZ,20230726,9.4,9.4,9.07,9.11,265870.99,244477.286
300082.SZ,20230726,7.81,7.97,7.81,7.95,34586.84,27365.211
300083.SZ,20230726,6.79,6.8,6.68,6.69,130771.0,87845.447
300084.SZ,20230726,6.48,6.5,6.38,6.39,23104.0,14796.223
300085.SZ,20230726,12.02,12.07,11.58,11.6,176605.77,206893.378
300086.SZ,20230726,6.17,6.24,6.08,6.18,79185.5,49049.864
300087.SZ,20230726,10.82,10.99,10.75,10.95,118855.18,129386.207
300088.SZ,20230726,6.22,6.22,6.07,6.1,262039.29,160321.131
300091.SZ,20230726,2.98,3.01,2.92,2.95,292145.73,86123.831
300092.SZ,20230726,16.12,16.14,15.67,15.82,29993.0,47526.678
300093.SZ,20230726,23.76,23.9,23.2,23.38,23461.04,55236.248
300094.SZ,20230726,5.05,5.11,4.99,5.06,521841.68,263373.164
300095.SZ,20230726,9.29,9.3,9.16,9.18,35021.0,32286.389
300096.SZ,20230726,6.08,6.12,5.97,5.98,69409.0,41763.344
300097.SZ,20230726,7.0,7.0,6.7,6.75,83518.38,56958.476
300098.SZ,20230726,3.63,3.65,3.52,3.54,291874.29,103807.269
300759.SZ,20230726,38.33,39.5,38.23,38.86,161832.93,629697.703
300760.SZ,20230726,299.02,304.02,299.0,303.4,21756.1,657804.455
300761.SZ,20230726,18.92,19.07,18.68,19.05,16978.65,32107.179
300762.SZ,20230726,13.44,14.0,13.17,13.39,459264.25,620470.586
300763.SZ,20230726,96.4,98.99,96.1,96.4,58511.74,569727.393
300765.SZ,20230726,13.05,13.14,12.96,13.06,28806.15,37580.209
300766.SZ,20230726,16.25,16.36,15.57,15.64,77448.0,122177.419
300767.SZ,20230726,24.93,25.29,24.55,25.02,85606.48,213347.833
300768.SZ,20230726,16.53,16.56,16.2,16.26,17207.31,28169.917
300769.SZ,20230726,103.89,106.33,102.9,103.88,37778.24,395313.543
300770.SZ,20230726,44.26,44.26,43.05,43.23,21744.93,94631.675
300771.SZ,20230726,11.45,11.45,11.2,11.21,28201.5,31810.997
300772.SZ,20230726,13.22,13.34,13.14,13.2,41568.6,54985.982
300773.SZ,20230726,19.2,19.38,18.95,19.05,112421.23,215095.772
300774.SZ,20230726,12.28,12.61,12.23,12.5,51607.71,64521.589
300775.SZ,20230726,32.0,32.16,31.63,31.85,40459.25,128938.719
300776.SZ,20230726,63.52,64.23,62.82,63.23,18961.1,120646.458
300777.SZ,20230726,41.5,41.68,41.21,41.35,21366.02,88334.297
300778.SZ,20230726,18.36,20.93,18.36,20.4,364358.15,721578.063
300779.SZ,20230726,49.7,50.85,48.74,49.04,20666.73,102512.058
300780.SZ,20230726,16.46,16.48,15.9,16.09,75690.0,122069.016
300781.SZ,20230726,23.12,23.12,22.45,22.53,13673.0,31013.311
300782.SZ,20230726,114.51,117.22,113.62,115.4,38923.53,450004.488
300783.SZ,20230726,20.05,20.38,19.87,20.27,47864.0,96385.884
300785.SZ,20230726,25.97,26.04,25.25,25.7,38532.5,98439.124
300786.SZ,20230726,17.72,17.75,17.31,17.55,16781.71,29411.896
300787.SZ,20230726,19.15,19.28,18.64,18.97,13837.9,26255.25
300788.SZ,20230726,30.77,31.11,29.7,29.88,28131.94,84918.122
300789.SZ,20230726,21.76,21.79,21.38,21.59,7798.5,16828.798
300790.SZ,20230726,14.94,14.94,14.72,14.74,17402.0,25727.897
300791.SZ,20230726,29.03,29.35,28.88,29.27,6711.5,19567.921
300792.SZ,20230726,27.52,27.57,27.18,27.48,22360.03,61157.791
300793.SZ,20230726,19.21,19.31,18.72,19.31,80720.2,153088.533
300795.SZ,20230726,39.63,39.82,37.66,38.57,21324.5,81816.831
300796.SZ,20230726,11.63,11.71,11.48,11.55,21699.0,25082.486
300797.SZ,20230726,11.78,11.84,11.67,11.74,12728.6,14991.211
300798.SZ,20230726,6.95,7.01,6.83,6.99,18310.13,12760.983
300799.SZ,20230726,273.0,273.9,268.32,269.95,612.0,16553.643
300800.SZ,20230726,15.15,15.64,14.53,14.55,100661.67,151851.743
300801.SZ,20230726,16.5,17.02,16.45,16.79,31620.03,52861.646
300802.SZ,20230726,21.39,21.39,21.05,21.08,15747.08,33301.973
300803.SZ,20230726,50.81,50.98,48.34,48.82,102965.93,506319.144
600128.SH,20230726,8.65,8.72,8.6,8.7,43471.01,37702.546
600129.SH,20230726,50.16,50.79,49.22,49.66,62888.69,313918.332
600130.SH,20230726,4.22,4.23,4.15,4.16,85744.0,35798.117
600131.SH,20230726,17.39,17.76,17.1,17.63,80782.02,141740.88
600132.SH,20230726,88.38,88.88,87.17,87.59,42458.14,372453.37
600133.SH,20230726,7.59,7.76,7.56,7.64,391568.21,299849.386
600135.SH,20230726,7.86,7.89,7.66,7.69,281852.29,218004.134
600136.SH,20230726,2.76,2.87,2.72,2.81,82145.0,22961.539
600137.SH,20230726,17.3,17.55,17.3,17.4,13052.0,22753.114
600138.SH,20230726,13.11,13.17,12.96,13.04,124786.21,162807.129
600141.SH,20230726,25.04,25.9,24.97,25.4,234450.58,595597.396
600143.SH,20230726,8.99,9.03,8.94,8.96,74904.7,67260.278
600148.SH,20230726,15.97,15.97,15.5,15.53,32296.0,50545.829
600149.SH,20230726,6.58,6.58,6.15,6.32,443994.05,281399.153
600150.SH,20230726,32.34,32.86,31.44,31.68,549946.01,1765885.566
600151.SH,20230726,8.64,8.64,8.52,8.59,67309.0,57754.017
600152.SH,20230726,8.18,8.18,8.05,8.07,91031.0,73741.476
600153.SH,20230726,9.74,9.89,9.69,9.8,289038.17,282800.87
600155.SH,20230726,6.86,6.89,6.73,6.8,476489.52,323755.844
600156.SH,20230726,4.59,4.62,4.56,4.61,29069.11,13365.551
600157.SH,20230726,1.44,1.53,1.43,1.51,8679210.14,1284321.23
600158.SH,20230726,10.37,10.42,10.05,10.13,210730.99,214490.016
600159.SH,20230726,3.69,4.1,3.55,3.75,2128751.47,827559.452
600160.SH,20230726,15.23,15.54,15.2,15.35,172025.91,264655.225
600161.SH,20230726,25.4,25.87,25.4,25.55,40495.73,103762.124
600162.SH,20230726,2.16,2.4,2.12,2.36,2502532.74,576314.259
600163.SH,20230726,5.36,5.37,5.34,5.36,69904.13,37409.006
600165.SH,20230726,4.44,4.48,4.39,4.41,58680.44,25915.912
600166.SH,20230726,3.69,3.7,3.59,3.61,570726.07,206946.781
600167.SH,20230726,6.73,6.77,6.71,6.77,38891.9,26259.092
600168.SH,20230726,6.34,6.4,6.27,6.38,40050.0,25516.548
600169.SH,20230726,2.54,2.57,2.53,2.57,185706.58,47338.259
600170.SH,20230726,2.85,2.89,2.84,2.88,859532.94,247052.868
600171.SH,20230726,17.6,17.6,17.4,17.44,53579.23,93523.269
600172.SH,20230726,4.1,4.1,4.03,4.06,109226.0,44245.95
600173.SH,20230726,5.72,5.83,5.67,5.79,136212.29,78580.327
600176.SH,20230726,14.44,14.63,14.35,14.5,180401.44,261592.483
600177.SH,20230726,6.72,6.83,6.71,6.82,164183.24,111492.084
600178.SH,20230726,6.78,6.8,6.6,6.63,42284.0,28189.129
600179.SH,20230726,2.91,2.95,2.91,2.94,89657.2,26242.087
600180.SH,20230726,6.13,6.15,6.07,6.12,66218.0,40443.554
600182.SH,20230726,16.34,16.55,16.25,16.48,12715.0,20873.852
600993.SH,20230726,26.12,26.23,25.93,26.1,43727.86,113941.912
600995.SH,20230726,11.23,11.23,11.09,11.16,51237.73,57124.071
600996.SH,20230726,10.19,10.66,10.03,10.36,338836.76,352769.757
600997.SH,20230726,6.23,6.32,6.23,6.28,55417.13,34782.584
600998.SH,20230726,9.87,9.97,9.81,9.95,56320.76,55961.201
600999.SH,20230726,14.24,14.3,14.08,14.27,171484.27,243917.155
601000.SH,20230726,3.63,3.64,3.59,3.61,208147.7,75076.656
601001.SH,20230726,9.18,9.27,9.03,9.1,79198.0,72189.202
601002.SH,20230726,4.97,4.97,4.92,4.95,36771.0,18170.858
601005.SH,20230726,1.44,1.58,1.43,1.58,2255885.01,343607.273
601006.SH,20230726,7.15,7.16,7.1,7.12,235627.07,167941.082
601007.SH,20230726,9.15,9.19,9.02,9.08,108663.0,98709.011
601008.SH,20230726,4.4,4.43,4.39,4.42,71514.61,31501.039
601009.SH,20230726,8.3,8.32,8.27,8.31,96102.12,79689.003
601010.SH,20230726,2.76,2.78,2.73,2.77,132375.67,36473.815
601011.SH,20230726,3.65,3.67,3.64,3.67,102716.0,37570.931
601012.SH,20230726,29.13,29.67,28.99,29.29,1006553.87,2952125.389
601016.SH,20230726,3.58,3.6,3.57,3.59,199084.91,71352.356
601018.SH,20230726,3.48,3.5,3.48,3.49,109877.12,38318.161
601019.SH,20230726,9.11,9.11,8.87,8.91,66842.28,59736.372
601020.SH,20230726,9.53,9.6,9.48,9.55,88352.8,84234.212
601021.SH,20230726,61.25,61.77,59.81,60.81,31739.37,192398.402
601028.SH,20230726,11.38,11.43,11.2,11.25,102036.01,115076.882
601038.SH,20230726,11.98,11.98,11.79,11.83,22658.87,26840.57
601058.SH,20230726,11.28,11.33,11.09,11.14,165082.03,184772.477
601059.SH,20230726,15.43,15.64,15.11,15.28,552312.77,848114.906
601061.SH,20230726,8.9,8.96,8.83,8.88,143767.78,127824.889
601065.SH,20230726,12.45,12.78,12.39,12.53,111022.49,139596.516
601066.SH,20230726,25.39,25.53,25.17,25.33,152155.51,385603.797
601068.SH,20230726,5.53,5.58,5.47,5.51,93761.82,51734.106
601069.SH,20230726,14.88,15.34,14.8,14.96,200224.14,300379.936
601077.SH,20230726,3.78,3.8,3.76,3.79,344811.34,130366.737
601086.SH,20230726,5.19,5.76,5.1,5.76,442591.87,239672.61
601088.SH,20230726,28.23,28.6,28.23,28.45,116116.44,330595.776
601089.SH,20230726,16.17,16.38,16.15,16.28,26109.93,42533.032
601099.SH,20230726,3.22,3.22,3.13,3.22,11048758.45,3539725.437
601100.SH,20230726,66.39,67.78,66.04,66.35,24966.3,166872.155
601101.SH,20230726,6.15,6.15,6.03,6.08,126707.69,77090.801
601106.SH,20230726,3.27,3.29,3.23,3.25,186299.92,60557.777
601107.SH,20230726,4.24,4.25,4.2,4.23,61471.6,25987.792
601108.SH,20230726,7.73,7.8,7.7,7.76,432276.18,335074.031
601111.SH,20230726,9.16,9.21,9.02,9.05,600016.71,544826.424
603950.SH,20230726,14.99,15.15,14.23,14.32,39130.4,56476.901
603955.SH,20230726,17.14,17.3,16.9,17.13,15393.85,26334.617
603958.SH,20230726,7.8,7.87,7.71,7.87,15058.0,11773.569
603959.SH,20230726,11.3,11.37,11.17,11.28,61299.06,68965.104
603960.SH,20230726,17.7,17.85,17.23,17.28,25181.88,43890.956
603963.SH,20230726,11.4,11.55,11.28,11.36,45125.93,51400.342
603966.SH,20230726,10.19,10.19,9.93,9.96,27255.47,27302.105
603968.SH,20230726,17.55,17.8,17.38,17.61,9935.0,17513.178
603969.SH,20230726,4.81,4.91,4.79,4.88,90703.64,44131.479
603970.SH,20230726,18.94,19.28,18.94,19.18,9000.5,17213.046
603976.SH,20230726,20.96,21.39,20.77,20.92,31892.6,66939.101
603979.SH,20230726,33.73,34.26,33.44,33.78,38160.37,129196.834
603980.SH,20230726,4.43,4.47,4.41,4.47,31793.4,14143.689
603982.SH,20230726,15.82,15.87,15.21,15.25,76822.84,118612.964
603983.SH,20230726,29.54,29.7,29.31,29.55,8377.02,24708.273
603985.SH,20230726,23.21,23.76,22.86,23.06,92642.36,215622.261
603986.SH,20230726,112.8,115.35,111.16,111.8,103345.32,1167132.97
603987.SH,20230726,12.08,12.13,12.0,12.06,58340.0,70437.664
603988.SH,20230726,11.22,11.34,11.01,11.26,75030.25,83828.001
603989.SH,20230726,22.02,22.36,21.89,22.21,20436.91,45275.928
603990.SH,20230726,17.13,17.48,16.99,17.09,63015.64,108550.337
603991.SH,20230726,37.33,38.0,37.33,37.87,2977.0,11257.054
603992.SH,20230726,14.77,15.05,14.77,14.92,12011.0,17928.249
603993.SH,20230726,6.01,6.08,5.95,6.03,859827.83,517926.815
603995.SH,20230726,25.05,25.32,24.9,25.17,27390.15,68757.737
603997.SH,20230726,15.89,16.09,15.4,15.58,154349.45,241511.126
603998.SH,20230726,10.5,10.67,10.4,10.45,82527.0,86960.876
603999.SH,20230726,6.54,6.57,6.33,6.37,84571.58,54152.862
605001.SH,20230726,7.05,7.1,7.0,7.03,23519.49,16586.8
605003.SH,20230726,19.98,20.26,19.51,19.63,12739.25,25152.778
605005.SH,20230726,17.21,17.21,16.73,16.77,17965.0,30289.513
605006.SH,20230726,7.82,7.83,7.77,7.8,10813.8,8439.754
605007.SH,20230726,15.34,15.54,15.3,15.54,18158.86,28074.001
605008.SH,20230726,15.12,15.17,14.92,15.08,9588.12,14419.903
605009.SH,20230726,45.78,45.78,44.8,45.08,14133.56,63781.84
605011.SH,20230726,29.95,29.95,29.17,29.3,56626.37,166715.896
605016.SH,20230726,23.27,23.33,22.83,23.2,14405.9,33204.088
605018.SH,20230726,11.09,11.13,10.94,10.97,12505.0,13771.975
605020.SH,20230726,31.12,31.38,30.41,31.17,47138.9,146306.604
605028.SH,20230726,20.58,20.58,19.98,20.05,26065.0,52573.869
605033.SH,20230726,19.22,19.35,19.07,19.31,5096.98,9818.33
605050.SH,20230726,11.21,11.36,11.15,11.2,20751.0,23298.867
601577.SH,20230726,7.88,7.94,7.81,7.93,66399.32,52280.587
601601.SH,20230726,29.0,29.5,28.65,29.38,511660.16,1490235.63
601607.SH,20230726,20.69,21.08,20.57,20.78,84185.3,175686.895
601628.SH,20230726,33.18,33.85,33.08,33.77,196578.14,658225.501
601666.SH,20230726,7.78,7.88,7.78,7.82,130635.28,102114.689
601689.SH,20230726,73.21,73.21,70.17,70.67,71132.54,506099.635
601799.SH,20230726,135.83,139.9,135.83,138.0,10805.36,149420.697
601881.SH,20230726,12.83,13.43,12.68,13.2,1985561.74,2595362.796
601882.SH,20230726,31.36,31.64,30.81,31.25,25280.01,78870.504
601886.SH,20230726,9.6,9.73,9.47,9.51,41743.25,39977.305
601928.SH,20230726,11.26,11.26,10.95,11.03,111367.02,123370.63
601933.SH,20230726,3.34,3.4,3.33,3.4,510611.06,172284.866
601958.SH,20230726,11.4,11.42,11.17,11.24,153525.03,173092.864
601992.SH,20230726,2.31,2.35,2.3,2.34,472698.26,110129.212
603002.SH,20230726,5.6,5.6,5.45,5.56,85692.51,47457.033
603010.SH,20230726,11.23,11.38,11.2,11.34,24114.44,27265.888
603018.SH,20230726,9.13,9.22,9.07,9.15,177527.91,162453.341
603028.SH,20230726,11.64,11.86,11.51,11.72,22111.6,25833.571
603099.SH,20230726,14.16,14.48,14.1,14.19,33669.0,47928.754
603122.SH,20230726,8.33,8.36,8.28,8.36,23440.0,19521.777
603129.SH,20230726,148.49,152.57,147.0,148.93,7869.5,117929.24
603138.SH,20230726,19.35,19.45,19.07,19.19,33194.0,63782.638
603153.SH,20230726,18.66,19.69,18.58,19.49,143272.58,276831.921
603161.SH,20230726,15.41,15.48,15.06,15.13,34850.0,52961.416
603167.SH,20230726,7.18,7.23,7.15,7.21,25131.91,18102.473
603183.SH,20230726,5.11,5.23,5.1,5.15,179067.77,92529.723
603186.SH,20230726,33.65,33.95,32.63,33.45,26099.0,87276.309
603187.SH,20230726,20.04,20.15,19.8,20.04,20574.71,41199.475
603192.SH,20230726,19.36,19.56,19.18,19.48,5269.0,10254.214
603196.SH,20230726,19.25,19.31,18.25,18.86,60778.29,113923.63
603214.SH,20230726,16.95,17.11,16.87,17.1,15320.0,26075.701
603232.SH,20230726,13.95,13.95,13.59,13.67,28986.8,39743.39
603233.SH,20230726,27.02,27.75,26.92,27.65,51633.26,142503.482
603237.SH,20230726,29.9,29.9,29.61,29.86,7048.61,20966.675
603256.SH,20230726,8.19,8.29,8.04,8.06,18404.0,14943.247
603259.SH,20230726,68.5,70.13,68.15,69.19,206473.17,1429873.175
603279.SH,20230726,30.59,30.79,30.13,30.25,15547.0,47167.654
603280.SH,20230726,24.84,25.11,24.48,24.62,15114.0,37327.549
603315.SH,20230726,12.1,12.18,12.04,12.09,17308.0,20925.087
603317.SH,20230726,14.98,15.08,14.91,15.05,35648.0,53523.848
603335.SH,20230726,6.58,6.62,6.28,6.32,91183.0,57962.553
603358.SH,20230726,18.0,18.07,17.51,17.58,21607.89,38188.165
000727.SZ,20230726,2.28,2.29,2.25,2.28,266283.34,60502.207
000728.SZ,20230726,6.91,6.95,6.85,6.9,517679.63,356845.872
000729.SZ,20230726,11.16,11.16,10.98,11.06,184629.91,204049.873
000731.SZ,20230726,8.38,8.59,8.37,8.44,230628.66,195468.721
000733.SZ,20230726,93.01,93.26,92.33,92.41,15793.71,146424.208
000735.SZ,20230726,6.55,6.72,6.53,6.67,183057.17,121638.774
000736.SZ,20230726,14.89,16.06,14.63,15.48,766480.62,1185632.576
000737.SZ,20230726,5.85,5.94,5.8,5.86,89815.76,52630.563
000738.SZ,20230726,23.1,23.23,22.99,23.09,43307.93,99984.911
000739.SZ,20230726,17.25,17.82,17.21,17.67,98997.88,174135.283
000750.SZ,20230726,3.91,3.95,3.78,3.88,4483994.41,1736436.325
000751.SZ,20230726,3.53,3.56,3.49,3.54,128313.88,45207.735
000752.SZ,20230726,5.19,5.19,5.12,5.19,57346.62,29755.694
000753.SZ,20230726,4.83,4.85,4.68,4.76,159385.06,75845.388
000755.SZ,20230726,5.08,5.15,5.05,5.12,117256.98,59755.77
000756.SZ,20230726,20.92,20.98,20.78,20.89,59443.0,124059.97
000757.SZ,20230726,4.38,4.4,4.29,4.33,76516.0,33123.951
000758.SZ,20230726,4.92,4.93,4.86,4.9,164713.44,80558.827
000759.SZ,20230726,4.97,5.15,4.91,5.07,239500.83,120985.34
000761.SZ,20230726,4.08,4.11,4.03,4.1,122523.0,49882.721
000762.SZ,20230726,30.64,30.85,30.16,30.64,129374.59,394530.428
000766.SZ,20230726,5.5,5.55,5.46,5.49,64325.87,35444.224
000767.SZ,20230726,3.37,3.37,3.32,3.33,340757.24,113588.521
000768.SZ,20230726,25.66,25.93,25.58,25.63,89154.33,229214.505
000776.SZ,20230726,15.18,15.31,15.11,15.25,545362.04,829387.853
000777.SZ,20230726,14.69,14.74,14.25,14.31,102442.0,147502.138
000778.SZ,20230726,4.1,4.13,4.08,4.12,310590.03,127440.844
000779.SZ,20230726,12.0,12.39,11.93,12.36,184737.35,225442.477
000782.SZ,20230726,5.1,5.17,4.89,5.14,131939.5,66530.152
000783.SZ,20230726,6.25,6.29,6.19,6.24,340561.01,212461.932
000785.SZ,20230726,4.29,4.33,4.19,4.24,143991.91,60920.258
000786.SZ,20230726,26.56,27.37,26.4,27.0,166866.41,451723.116
000788.SZ,20230726,6.83,6.87,6.82,6.85,34963.0,23926.258
000789.SZ,20230726,8.24,8.41,8.22,8.39,85121.51,71092.889
000790.SZ,20230726,5.2,5.25,5.16,5.2,82024.32,42592.335
000791.SZ,20230726,5.53,5.6,5.51,5.55,81658.46,45278.343
000792.SZ,20230726,19.5,19.69,19.4,19.54,224144.05,438040.642
000793.SZ,20230726,2.29,2.35,2.26,2.3,750673.6,172707.409
000795.SZ,20230726,6.78,6.8,6.69,6.7,145944.0,98233.85
000796.SZ,20230726,4.29,4.32,4.16,4.17,120010.56,50519.141
000797.SZ,20230726,3.53,3.7,3.49,3.55,1521572.72,547305.406
002420.SZ,20230726,6.27,6.29,6.22,6.25,32464.0,20287.07
002421.SZ,20230726,3.55,3.55,3.45,3.47,348104.0,120905.721
002422.SZ,20230726,28.61,29.4,28.5,28.98,116728.51,340051.408
002423.SZ,20230726,8.43,8.47,8.29,8.35,227187.43,189929.303
002424.SZ,20230726,8.31,8.32,8.24,8.31,152970.07,126687.133
002425.SZ,20230726,5.19,5.19,5.11,5.14,153384.65,78895.489
002426.SZ,20230726,2.35,2.43,2.31,2.37,890968.5,211452.176
002427.SZ,20230726,7.76,8.05,7.56,7.63,50489.05,39089.206
002428.SZ,20230726,14.44,14.44,13.84,13.95,423359.97,594186.754
002429.SZ,20230726,5.43,5.46,5.3,5.32,207716.94,110992.029
002430.SZ,20230726,34.2,34.6,33.92,34.4,47110.05,161727.564
002431.SZ,20230726,2.76,2.95,2.72,2.82,1394490.45,396867.85
002432.SZ,20230726,35.39,35.64,35.31,35.54,45293.34,160878.907
002433.SZ,20230726,2.08,2.11,2.07,2.09,79382.0,16593.705
002434.SZ,20230726,8.73,8.77,8.58,8.6,62999.0,54448.41
002435.SZ,20230726,4.87,4.87,4.83,4.86,78114.5,37910.556
002436.SZ,20230726,14.11,14.22,13.71,13.87,156179.51,217152.766
002437.SZ,20230726,2.19,2.21,2.18,2.2,399012.43,87504.542
002438.SZ,20230726,11.71,11.71,11.58,11.67,62041.79,72250.866
002439.SZ,20230726,29.49,29.57,28.85,29.1,51867.01,150630.198
002440.SZ,20230726,6.94,6.99,6.91,6.99,45363.39,31591.583
002441.SZ,20230726,11.15,11.2,10.83,10.89,149754.4,164142.825
002442.SZ,20230726,5.17,5.2,5.15,5.18,38618.01,19999.712
002443.SZ,20230726,6.85,6.94,6.81,6.94,119543.0,82398.275
002444.SZ,20230726,23.18,23.18,22.31,22.58,103219.41,233298.294
002445.SZ,20230726,2.43,2.52,2.41,2.45,560965.94,138147.832
002446.SZ,20230726,8.62,8.62,8.49,8.51,118435.55,100988.856
002448.SZ,20230726,7.51,7.51,7.14,7.19,185688.5,134116.422
002449.SZ,20230726,9.0,9.01,8.85,8.88,49525.01,44123.788
002451.SZ,20230726,6.88,6.92,6.72,6.76,35799.0,24374.09
002452.SZ,20230726,7.28,7.34,7.15,7.17,75023.72,54149.883
002453.SZ,20230726,11.82,11.96,11.78,11.84,62290.7,73916.969
002454.SZ,20230726,8.35,8.39,7.92,7.95,151023.0,122363.436
002455.SZ,20230726,7.72,7.82,7.69,7.8,41313.09,32128.118
002456.SZ,20230726,5.99,5.99,5.7,5.72,589431.55,340191.816
002457.SZ,20230726,9.11,9.18,9.09,9.17,104021.5,95141.152
002458.SZ,20230726,13.39,13.81,13.39,13.6,139370.13,189790.042
002459.SZ,20230726,32.8,33.89,32.44,33.48,347587.5,1161751.589
002460.SZ,20230726,58.3,59.55,58.15,58.58,173352.47,1019712.216
002461.SZ,20230726,8.91,8.96,8.87,8.94,42069.0,37511.914
002462.SZ,20230726,14.04,14.12,14.0,14.07,17943.0,25209.741
002463.SZ,20230726,24.15,24.29,22.78,23.18,856514.8,1997470.243
300099.SZ,20230726,6.44,6.44,6.31,6.33,55767.0,35447.555
300100.SZ,20230726,8.85,8.85,8.59,8.63,70695.33,61372.575
300101.SZ,20230726,20.67,20.85,20.38,20.6,89717.52,184327.081
300102.SZ,20230726,6.98,7.01,6.9,6.91,67823.66,46954.426
300103.SZ,20230726,6.51,6.74,6.47,6.66,52331.5,34762.022
300105.SZ,20230726,6.57,6.66,6.52,6.59,41804.99,27515.879
300106.SZ,20230726,8.59,9.06,8.51,8.89,190811.79,167604.45
300107.SZ,20230726,5.08,5.1,5.06,5.1,28118.0,14293.64
300108.SZ,20230726,2.42,2.47,2.41,2.43,102192.0,24832.044
300109.SZ,20230726,22.89,22.96,22.67,22.76,22313.07,50864.482
300110.SZ,20230726,4.04,4.06,4.03,4.06,74782.8,30257.78
300111.SZ,20230726,3.0,3.07,2.98,3.05,150738.03,45728.405
300112.SZ,20230726,10.32,10.32,10.08,10.11,48506.45,49217.467
300113.SZ,20230726,16.13,16.15,15.4,15.51,140441.46,219256.655
300114.SZ,20230726,47.81,48.87,47.53,48.26,103679.48,499204.268
300115.SZ,20230726,10.81,10.81,10.55,10.59,138630.68,147152.727
300116.SZ,20230726,1.53,1.73,1.45,1.67,4307385.77,678282.265
300117.SZ,20230726,3.22,3.36,3.19,3.31,335076.0,110758.906
300118.SZ,20230726,23.9,24.13,23.59,23.75,124997.59,298146.468
300119.SZ,20230726,18.6,18.87,18.48,18.86,18543.0,34762.379
300120.SZ,20230726,7.8,7.85,7.5,7.58,205660.1,156433.742
300121.SZ,20230726,10.07,10.14,9.97,10.04,88566.99,88941.746
300122.SZ,20230726,46.51,49.24,46.11,48.6,236186.39,1141681.345
300123.SZ,20230726,7.06,7.06,6.92,6.93,171723.02,119527.841
300124.SZ,20230726,67.8,68.97,67.51,68.46,49892.81,341455.235
300125.SZ,20230726,15.85,15.91,15.61,15.63,24126.76,37944.147
300126.SZ,20230726,6.63,6.67,6.52,6.63,26161.0,17194.288
300127.SZ,20230726,19.26,19.38,18.71,18.75,105956.22,200332.767
300128.SZ,20230726,4.88,4.92,4.74,4.83,470928.4,228118.236
300129.SZ,20230726,9.02,9.02,8.79,8.86,176341.07,156443.632
300130.SZ,20230726,25.71,25.86,24.43,24.59,208545.43,518899.442
300131.SZ,20230726,5.46,5.46,5.35,5.38,213505.21,114983.718
300132.SZ,20230726,5.71,5.78,5.67,5.77,43129.0,24794.476
300133.SZ,20230726,7.02,7.03,6.58,6.62,466583.36,312757.375
300134.SZ,20230726,9.79,9.81,9.48,9.52,49314.51,47221.223
300135.SZ,20230726,2.85,3.05,2.82,2.96,618077.18,181675.425
300136.SZ,20230726,18.95,19.0,18.65,18.67,62080.6,116539.054
300137.SZ,20230726,5.72,5.81,5.68,5.77,56813.28,32776.652
300138.SZ,20230726,16.89,17.15,16.79,16.98,17684.23,30079.864
300139.SZ,20230726,9.27,9.43,9.13,9.39,132319.78,122779.195
300140.SZ,20230726,8.72,8.93,8.7,8.75,111874.0,98539.329
300141.SZ,20230726,9.98,9.98,9.6,9.62,54335.0,52660.082
300804.SZ,20230726,34.8,36.16,34.7,35.49,19607.62,69630.495
300805.SZ,20230726,8.29,8.33,8.15,8.19,35094.0,28770.491
300806.SZ,20230726,18.88,19.73,18.86,19.07,26319.3,50773.523
300807.SZ,20230726,31.8,31.84,30.29,30.39,48255.4,148504.324
300808.SZ,20230726,14.05,14.19,13.88,13.91,12009.2,16760.776
300809.SZ,20230726,20.55,20.55,20.08,20.11,15649.4,31582.857
300810.SZ,20230726,20.29,20.41,19.94,20.04,19439.12,39176.628
300811.SZ,20230726,55.37,55.86,54.18,54.36,20824.74,114120.364
300812.SZ,20230726,30.62,31.0,28.67,28.9,260994.29,768994.14
300813.SZ,20230726,28.46,28.73,28.09,28.34,7582.88,21525.215
300814.SZ,20230726,31.2,31.85,29.85,31.04,179634.58,556800.887
300815.SZ,20230726,15.71,16.33,15.6,16.18,94704.52,152946.421
300816.SZ,20230726,25.87,26.15,25.61,26.05,12700.0,32956.335
300817.SZ,20230726,15.45,15.48,15.01,15.1,47540.23,72181.714
300818.SZ,20230726,27.74,27.92,27.29,27.36,12880.66,35529.978
300819.SZ,20230726,13.92,14.72,13.86,14.7,41709.0,60139.904
300820.SZ,20230726,67.6,71.7,66.46,68.96,40033.16,278939.327
300821.SZ,20230726,10.0,10.14,9.96,10.03,67179.0,67394.306
300822.SZ,20230726,12.95,12.96,12.56,12.61,17245.0,21863.269
300823.SZ,20230726,20.74,21.3,20.6,21.28,27001.01,56976.991
300824.SZ,20230726,10.43,10.49,10.35,10.43,18863.0,19649.199
300825.SZ,20230726,17.5,17.5,16.85,17.0,58423.16,99253.061
300826.SZ,20230726,17.8,19.43,17.51,18.42,232860.34,434468.612
300827.SZ,20230726,36.17,36.68,35.59,35.7,103874.9,374011.978
300828.SZ,20230726,15.8,15.8,15.25,15.31,21221.0,32813.02
300829.SZ,20230726,20.55,20.78,20.44,20.72,8819.74,18235.195
300830.SZ,20230726,9.0,9.02,8.83,8.87,46325.0,41133.21
300831.SZ,20230726,13.13,13.14,12.8,12.85,31966.0,41272.821
300832.SZ,20230726,61.52,62.56,60.7,61.45,16362.93,100573.414
300833.SZ,20230726,109.3,112.8,108.8,111.35,6274.39,69857.285
300834.SZ,20230726,24.09,24.25,24.01,24.21,6746.76,16298.499
300835.SZ,20230726,29.28,29.38,28.77,28.92,24564.52,71254.108
300836.SZ,20230726,27.46,27.46,26.7,26.96,10841.2,29192.128
300837.SZ,20230726,38.96,39.57,38.7,39.11,4369.0,17142.467
300838.SZ,20230726,18.6,18.61,18.07,18.16,12669.0,23082.784
300839.SZ,20230726,11.89,12.01,11.82,11.92,17838.46,21245.166
300840.SZ,20230726,12.75,12.75,12.0,12.14,56158.0,68502.544
300841.SZ,20230726,58.5,61.16,58.45,60.29,43812.76,263763.462
300842.SZ,20230726,68.0,70.5,66.2,66.8,52473.1,356893.636
300843.SZ,20230726,19.74,19.76,19.43,19.5,11757.0,22963.693
300844.SZ,20230726,50.03,51.85,49.0,51.85,45446.91,229714.153
300845.SZ,20230726,21.15,21.18,20.55,20.61,14775.0,30565.006
600183.SH,20230726,16.45,16.45,15.88,15.96,265093.79,423944.506
600184.SH,20230726,12.92,12.92,12.69,12.75,26016.0,33264.746
600185.SH,20230726,6.6,6.65,6.52,6.58,424637.85,279279.833
600186.SH,20230726,3.0,3.1,3.0,3.09,508330.0,156011.329
600187.SH,20230726,2.84,2.89,2.82,2.89,568593.8,163487.717
600188.SH,20230726,17.93,18.16,17.85,17.93,178090.29,320017.437
600189.SH,20230726,6.62,7.08,6.62,6.94,246181.17,170175.292
600190.SH,20230726,3.1,3.14,3.09,3.14,199016.66,62035.357
600191.SH,20230726,6.13,6.17,5.98,6.03,94286.02,57071.25
600192.SH,20230726,5.88,5.97,5.86,5.89,55744.0,32926.158
600193.SH,20230726,5.44,5.55,5.41,5.52,44935.42,24744.023
600195.SH,20230726,12.15,12.19,12.05,12.13,55275.05,67019.486
600196.SH,20230726,31.06,31.39,31.01,31.31,115559.55,361550.368
600197.SH,20230726,25.95,26.2,25.58,25.7,67240.02,173555.025
600198.SH,20230726,6.58,6.59,6.5,6.51,62506.88,40836.592
600199.SH,20230726,27.19,27.27,26.56,26.64,140207.79,375707.884
600200.SH,20230726,7.66,7.77,7.62,7.69,70696.56,54439.764
600201.SH,20230726,9.95,10.06,9.92,10.02,85359.29,85127.741
600202.SH,20230726,5.79,5.83,5.74,5.78,56160.62,32395.167
600203.SH,20230726,6.01,6.03,5.94,5.97,45063.0,26962.641
600206.SH,20230726,13.26,13.35,13.18,13.22,55248.32,73180.178
600207.SH,20230726,5.3,5.32,5.24,5.27,112283.07,59170.636
600208.SH,20230726,2.65,2.74,2.64,2.71,1674581.7,451318.575
600210.SH,20230726,5.27,5.27,5.21,5.23,115277.62,60379.767
600211.SH,20230726,55.6,56.09,54.72,55.04,23330.54,129087.363
600212.SH,20230726,8.68,8.69,8.41,8.45,60600.0,51573.813
600213.SH,20230726,11.3,11.8,11.15,11.41,507170.1,586213.145
600215.SH,20230726,10.1,10.47,9.91,10.15,393993.5,398448.098
600216.SH,20230726,11.16,11.22,11.13,11.17,48061.27,53713.385
600217.SH,20230726,4.83,4.91,4.81,4.87,137570.66,66759.696
600218.SH,20230726,9.08,9.08,8.84,8.88,52212.17,46483.887
600219.SH,20230726,3.14,3.17,3.13,3.16,539183.35,170151.817
600220.SH,20230726,2.33,2.38,2.32,2.38,158181.73,37227.343
600221.SH,20230726,1.62,1.65,1.61,1.64,1092162.8,177916.809
600222.SH,20230726,5.7,5.74,5.66,5.71,47931.95,27355.479
600223.SH,20230726,10.09,10.16,10.04,10.1,64744.64,65293.009
600225.SH,20230726,5.94,6.12,5.88,6.08,201765.43,121609.781
600226.SH,20230726,2.63,2.67,2.61,2.63,128944.44,33980.555
600227.SH,20230726,2.85,3.01,2.84,2.95,283128.28,82949.684
600228.SH,20230726,9.5,9.51,9.27,9.33,58817.0,54948.137
600229.SH,20230726,8.56,8.58,8.33,8.35,61480.12,51700.127
600230.SH,20230726,15.54,15.98,15.51,15.85,86728.88,137113.617
601113.SH,20230726,3.6,3.62,3.54,3.57,54611.49,19469.255
601116.SH,20230726,13.19,14.49,12.74,14.1,508526.67,689599.208
601117.SH,20230726,8.46,8.51,8.35,8.4,274066.09,230332.215
601118.SH,20230726,4.61,4.62,4.57,4.6,119938.72,55119.669
601121.SH,20230726,7.63,7.87,7.63,7.81,122703.46,95236.167
601126.SH,20230726,15.55,15.57,15.28,15.56,66851.0,103100.199
601127.SH,20230726,40.87,40.87,38.66,38.87,712211.2,2816174.213
601128.SH,20230726,6.84,6.87,6.82,6.85,134840.94,92301.468
601133.SH,20230726,15.08,15.09,14.93,15.02,34926.97,52385.283
601136.SH,20230726,17.43,18.2,16.8,17.0,1324897.95,2316588.272
601137.SH,20230726,15.39,15.49,15.03,15.16,75829.06,114996.535
601138.SH,20230726,23.5,24.18,22.21,23.25,1612810.64,3743366.428
601139.SH,20230726,7.46,7.49,7.31,7.44,179424.93,133253.105
601155.SH,20230726,15.95,16.48,15.8,16.21,900954.16,1454197.971
601156.SH,20230726,12.97,13.04,12.95,13.0,72730.0,94447.709
601162.SH,20230726,3.29,3.49,3.25,3.36,7336569.69,2448029.524
601166.SH,20230726,15.89,15.98,15.87,15.95,306360.26,487624.367
601168.SH,20230726,11.7,12.12,11.7,11.85,455361.91,542579.016
601169.SH,20230726,4.58,4.59,4.54,4.56,484267.59,220821.695
601177.SH,20230726,10.89,10.95,10.45,10.5,76000.49,80636.834
601179.SH,20230726,5.43,5.43,5.35,5.36,214159.97,115223.631
601186.SH,20230726,10.33,10.39,10.16,10.19,583820.26,597922.951
601187.SH,20230726,5.24,5.27,5.22,5.26,84607.2,44386.028
601188.SH,20230726,3.41,3.46,3.41,3.45,35505.3,12218.724
601198.SH,20230726,8.5,8.52,8.41,8.47,191339.08,162004.437
601200.SH,20230726,9.91,10.02,9.9,10.0,66470.36,66322.487
601208.SH,20230726,13.83,13.94,13.48,13.55,147028.8,200772.67
601211.SH,20230726,14.9,15.06,14.87,15.03,307861.8,461254.678
601212.SH,20230726,2.86,2.9,2.86,2.9,222892.0,64390.032
601216.SH,20230726,4.27,4.4,4.26,4.36,558557.53,242617.271
601218.SH,20230726,3.78,3.79,3.76,3.79,37197.0,14046.102
601222.SH,20230726,7.89,7.9,7.78,7.8,101892.36,79741.082
601225.SH,20230726,16.56,16.68,16.45,16.56,151765.05,250971.928
601226.SH,20230726,7.36,7.38,7.19,7.24,75284.0,54640.55
601228.SH,20230726,3.33,3.36,3.32,3.34,172182.24,57514.311
601229.SH,20230726,6.03,6.05,5.99,6.01,186117.66,111929.731
601231.SH,20230726,15.65,15.72,15.26,15.39,69321.29,106718.245
601233.SH,20230726,14.6,15.2,14.58,15.1,306746.19,460380.841
601236.SH,20230726,7.74,7.76,7.65,7.74,267883.97,206488.306
601238.SH,20230726,10.96,11.02,10.78,10.83,268584.09,291745.955
601279.SH,20230726,5.89,5.94,5.75,5.78,124771.0,72714.309
601288.SH,20230726,3.48,3.5,3.46,3.48,1784601.45,619755.83
605055.SH,20230726,6.27,6.37,6.25,6.37,23209.0,14669.959
605056.SH,20230726,13.08,13.11,13.01,13.04,8714.0,11367.61
605058.SH,20230726,22.0,22.24,21.78,21.91,11963.0,26198.291
605066.SH,20230726,9.1,9.1,8.99,9.01,36452.0,32918.16
605068.SH,20230726,23.9,24.1,23.43,23.77,8571.0,20407.391
605069.SH,20230726,9.38,10.32,9.33,10.32,38557.55,39238.714
605077.SH,20230726,27.65,27.7,27.21,27.47,11458.35,31435.678
605080.SH,20230726,32.0,32.75,31.89,32.75,6204.0,20146.03
605081.SH,20230726,14.26,14.51,14.16,14.45,18985.3,27388.994
605086.SH,20230726,21.21,21.79,21.21,21.4,9767.29,20944.402
605088.SH,20230726,17.24,17.28,16.68,16.79,18034.0,30476.959
605089.SH,20230726,40.09,41.68,39.59,41.16,24287.64,98803.549
605090.SH,20230726,23.27,23.27,22.86,23.12,18512.73,42605.182
605099.SH,20230726,24.88,25.09,24.59,24.7,8357.0,20691.444
605100.SH,20230726,16.18,16.24,15.79,15.86,17654.52,28082.684
605108.SH,20230726,34.77,34.77,33.81,34.17,13611.8,46412.224
605111.SH,20230726,43.02,43.12,42.34,42.45,39864.88,169703.869
605116.SH,20230726,23.3,23.42,23.05,23.25,2617.0,6076.937
605117.SH,20230726,127.88,130.36,126.17,128.52,24272.01,312413.849
605122.SH,20230726,15.78,16.03,15.6,15.93,16982.2,27030.932
605123.SH,20230726,101.78,101.8,99.4,99.6,4687.37,46902.266
605128.SH,20230726,46.33,48.5,45.51,47.2,48530.4,229318.505
605133.SH,20230726,33.4,33.68,31.83,31.88,34800.54,113074.259
605136.SH,20230726,11.73,11.95,11.67,11.93,73801.82,87252.6
605138.SH,20230726,8.81,8.87,8.75,8.87,11586.0,10242.816
605151.SH,20230726,18.8,18.85,18.47,18.58,9778.0,18169.953
605155.SH,20230726,15.09,15.27,15.03,15.23,14361.56,21802.917
605158.SH,20230726,7.92,7.94,7.83,7.88,21715.4,17108.032
605162.SH,20230726,9.56,9.6,9.4,9.45,52656.0,49825.503
605166.SH,20230726,9.65,9.89,9.62,9.83,25765.0,25265.483
605167.SH,20230726,9.88,10.04,9.88,10.01,51244.0,51165.578
605168.SH,20230726,80.38,80.38,78.3,78.72,12806.55,101058.965
605169.SH,20230726,10.49,10.49,10.42,10.45,19787.47,20667.061
605177.SH,20230726,28.01,28.56,27.57,27.99,45797.18,128458.374
605178.SH,20230726,22.73,24.19,22.73,23.53,64189.2,151217.621
605179.SH,20230726,12.11,12.34,12.0,12.23,32973.0,40066.552
605180.SH,20230726,13.04,13.24,13.02,13.22,11060.7,14561.845
605188.SH,20230726,10.1,12.25,10.03,12.25,465247.26,507179.071
605189.SH,20230726,16.46,16.59,16.3,16.5,6670.53,10965.532
605198.SH,20230726,19.14,19.32,19.08,19.25,6837.0,13129.82
605199.SH,20230726,15.33,15.39,15.18,15.29,14147.0,21616.404
605208.SH,20230726,10.22,10.22,9.96,10.0,42821.87,43001.74
603367.SH,20230726,15.12,15.27,14.99,15.04,23989.45,36247.305
603393.SH,20230726,27.3,27.38,26.78,26.83,21740.95,58726.834
603421.SH,20230726,10.12,10.13,9.93,10.02,24373.0,24364.326
603444.SH,20230726,412.03,418.0,407.2,411.2,8440.3,347964.824
603486.SH,20230726,74.35,74.98,73.06,73.21,17050.91,125587.393
603516.SH,20230726,17.82,17.97,17.58,17.71,26503.0,47026.308
603536.SH,20230726,7.01,7.05,6.97,7.04,21995.8,15425.562
603558.SH,20230726,8.44,8.46,8.4,8.45,12584.71,10613.344
603559.SH,20230726,6.89,6.98,6.83,6.93,24109.12,16637.997
603565.SH,20230726,11.17,11.39,11.12,11.28,92916.28,104756.845
603568.SH,20230726,17.63,17.93,17.52,17.9,42655.21,76036.493
603586.SH,20230726,15.99,16.0,15.6,15.65,14563.0,22846.15
603655.SH,20230726,24.84,25.0,24.16,24.23,4902.0,11949.323
603658.SH,20230726,56.6,57.75,56.3,57.28,13908.55,79639.432
603663.SH,20230726,10.9,10.91,10.58,10.64,35144.56,37527.654
603665.SH,20230726,25.34,25.45,24.91,25.0,6803.0,17058.684
603667.SH,20230726,14.73,14.73,13.93,14.04,77107.7,108871.311
603686.SH,20230726,10.63,10.73,10.58,10.66,45961.6,48978.494
603700.SH,20230726,14.64,14.78,14.49,14.56,21328.3,31158.023
603706.SH,20230726,15.65,15.79,15.53,15.68,8331.0,13039.731
603716.SH,20230726,9.39,9.5,9.35,9.5,24205.25,22914.818
603721.SH,20230726,18.67,18.7,17.94,18.02,30518.0,55508.234
603726.SH,20230726,13.12,13.39,12.79,13.11,53289.27,69494.248
603759.SH,20230726,9.17,9.28,9.14,9.2,35484.91,32706.089
603789.SH,20230726,9.92,9.95,9.66,9.74,53426.5,52160.715
603806.SH,20230726,34.05,35.48,33.88,34.26,124747.56,432588.479
603817.SH,20230726,6.34,6.45,6.3,6.43,71316.97,45704.351
603819.SH,20230726,15.95,16.29,15.9,16.11,8576.6,13821.084
603823.SH,20230726,11.95,12.0,11.59,11.6,19259.0,22625.859
603825.SH,20230726,13.02,13.03,12.85,12.88,35312.0,45529.577
603897.SH,20230726,19.12,19.3,19.11,19.21,9818.77,18853.095
603909.SH,20230726,14.37,15.41,14.16,14.9,32895.43,49231.222
603912.SH,20230726,9.62,9.63,9.47,9.47,46764.0,44470.048
603916.SH,20230726,13.94,13.98,13.77,13.95,33073.51,45927.609
603919.SH,20230726,25.0,25.42,24.75,25.29,69889.45,176012.498
603949.SH,20230726,16.55,16.73,16.13,16.18,11210.0,18298.158
603956.SH,20230726,7.91,7.96,7.84,7.87,29882.37,23563.573
603967.SH,20230726,9.44,9.5,9.39,9.48,17848.2,16903.329
603977.SH,20230726,9.17,9.23,9.12,9.15,36903.96,33841.631
603978.SH,20230726,18.68,18.7,18.07,18.2,10473.33,19069.216
605060.SH,20230726,28.28,28.83,28.1,28.8,10190.58,29069.689
605098.SH,20230726,41.2,41.58,40.67,40.95,9393.0,38580.275
000798.SZ,20230726,10.2,10.25,10.14,10.16,39777.57,40505.881
000799.SZ,20230726,100.0,102.11,99.01,100.2,104501.25,1048326.807
000800.SZ,20230726,9.09,9.09,8.87,8.9,69247.22,61871.524
000801.SZ,20230726,7.11,7.12,6.93,6.95,75760.0,53061.009
000802.SZ,20230726,8.4,8.54,8.01,8.09,667800.07,548460.252
000803.SZ,20230726,6.6,6.64,6.55,6.64,62471.64,41303.309
000807.SZ,20230726,14.5,14.58,14.25,14.44,525210.53,757678.572
000809.SZ,20230726,4.16,4.22,4.12,4.16,119522.0,49921.815
000810.SZ,20230726,15.77,15.77,15.37,15.48,101670.53,157964.0
000811.SZ,20230726,17.65,17.65,17.2,17.32,109597.43,190560.242
000812.SZ,20230726,5.82,5.83,5.62,5.68,468068.34,266505.464
000813.SZ,20230726,3.03,3.05,3.02,3.05,81952.99,24869.566
000815.SZ,20230726,11.35,11.66,11.22,11.6,272984.69,313799.547
000816.SZ,20230726,3.24,3.32,3.23,3.3,170302.66,55682.033
000818.SZ,20230726,31.36,31.36,30.55,30.9,39018.01,120290.153
000819.SZ,20230726,19.46,19.46,19.2,19.36,11485.1,22197.935
000820.SZ,20230726,3.94,4.07,3.91,4.03,150313.79,60203.455
000821.SZ,20230726,19.19,19.59,19.02,19.07,173985.22,335071.726
000822.SZ,20230726,7.29,7.43,7.23,7.29,380673.73,278890.9
000823.SZ,20230726,9.63,9.63,9.46,9.49,45244.98,43013.664
000825.SZ,20230726,4.09,4.18,4.09,4.17,296128.24,122397.691
000826.SZ,20230726,3.0,3.3,2.99,3.3,595004.43,191483.353
000828.SZ,20230726,9.47,9.52,9.41,9.51,30855.46,29265.818
000829.SZ,20230726,9.02,9.03,8.82,8.87,99096.0,88053.338
000830.SZ,20230726,10.53,10.68,10.45,10.55,213694.56,225199.432
000831.SZ,20230726,30.07,30.07,29.6,29.82,98049.75,292160.119
000833.SZ,20230726,6.47,6.57,6.45,6.51,43899.0,28538.105
000836.SZ,20230726,2.84,2.85,2.81,2.84,151334.28,42769.245
000837.SZ,20230726,13.77,13.77,13.05,13.11,414175.51,548021.4
000838.SZ,20230726,4.22,4.4,4.12,4.21,1105119.03,469448.053
000839.SZ,20230726,2.3,2.37,2.29,2.34,231817.39,54257.671
000848.SZ,20230726,8.95,9.01,8.86,9.01,86170.12,77062.849
000850.SZ,20230726,3.78,3.82,3.76,3.82,64465.49,24496.932
000851.SZ,20230726,5.41,5.41,5.28,5.29,231104.83,122888.578
000852.SZ,20230726,7.62,7.63,7.51,7.6,67196.0,50838.63
000856.SZ,20230726,8.73,8.94,8.73,8.86,74982.03,66454.243
000858.SZ,20230726,179.5,180.68,176.85,177.8,174025.43,3104017.698
000859.SZ,20230726,5.38,5.38,5.3,5.32,37496.0,19995.667
000860.SZ,20230726,27.95,28.0,27.01,27.11,132870.13,362374.012
000861.SZ,20230726,2.18,2.25,2.12,2.12,1237277.34,266988.171
000862.SZ,20230726,7.34,7.34,7.21,7.25,61819.0,44867.479
000863.SZ,20230726,4.0,4.09,3.97,4.0,705801.93,284350.428
002465.SZ,20230726,10.21,10.25,10.06,10.14,159460.57,161367.662
002466.SZ,20230726,65.75,66.19,64.89,65.08,187200.38,1225589.16
002467.SZ,20230726,4.78,4.79,4.68,4.71,206074.0,97069.558
002468.SZ,20230726,11.41,11.46,11.25,11.36,50692.76,57401.604
002469.SZ,20230726,6.18,6.22,6.12,6.18,69308.28,42810.417
002470.SZ,20230726,2.4,2.65,2.33,2.57,2299491.77,576734.349
002471.SZ,20230726,2.84,2.85,2.81,2.84,163839.16,46459.804
002472.SZ,20230726,30.3,30.41,29.0,29.28,225746.26,665650.93
002474.SZ,20230726,8.1,8.17,7.83,7.99,365902.77,292162.727
002475.SZ,20230726,31.8,32.28,31.4,32.07,419851.66,1339344.924
002476.SZ,20230726,4.63,4.66,4.59,4.64,50266.81,23254.587
002478.SZ,20230726,7.46,7.55,7.38,7.4,128017.0,95233.864
002479.SZ,20230726,4.77,4.82,4.73,4.81,76623.03,36637.483
002480.SZ,20230726,4.75,4.78,4.72,4.74,28407.0,13495.55
002481.SZ,20230726,4.64,4.68,4.62,4.67,54290.22,25259.089
002482.SZ,20230726,2.24,2.27,2.11,2.13,220965.17,47859.948
002483.SZ,20230726,5.77,5.77,5.58,5.6,107021.08,60330.289
002484.SZ,20230726,19.98,19.98,19.27,19.34,77821.64,151473.479
002485.SZ,20230726,4.32,4.36,4.19,4.25,22151.16,9445.188
002486.SZ,20230726,3.01,3.05,3.01,3.05,112634.0,34181.454
002487.SZ,20230726,29.79,30.13,29.6,29.67,99049.05,295166.444
002488.SZ,20230726,7.06,7.41,6.98,7.38,290692.69,209974.225
002489.SZ,20230726,4.09,4.13,4.05,4.08,226084.43,92280.204
002490.SZ,20230726,4.62,4.7,4.59,4.62,80747.01,37426.232
002491.SZ,20230726,6.25,6.25,6.03,6.04,224265.24,136493.972
002492.SZ,20230726,6.1,6.13,6.08,6.13,37153.5,22693.423
002493.SZ,20230726,12.3,12.39,12.21,12.26,182627.0,224461.262
002494.SZ,20230726,4.9,4.95,4.86,4.95,41666.8,20509.88
002495.SZ,20230726,2.67,2.67,2.62,2.66,92458.8,24506.686
002496.SZ,20230726,2.42,2.45,2.34,2.4,815191.4,195110.332
002497.SZ,20230726,17.36,17.61,17.24,17.34,78389.74,136238.893
002498.SZ,20230726,3.97,3.97,3.93,3.95,107065.9,42215.482
002500.SZ,20230726,6.02,6.06,5.96,6.03,483432.09,290916.647
002501.SZ,20230726,1.58,1.73,1.57,1.67,732966.86,121011.667
002502.SZ,20230726,2.41,2.52,2.38,2.5,339813.0,83815.666
002505.SZ,20230726,1.92,2.01,1.9,1.98,1716386.21,334993.901
002506.SZ,20230726,2.98,3.03,2.97,3.03,554630.57,167004.605
002507.SZ,20230726,18.28,18.52,18.25,18.38,79686.48,146448.337
002508.SZ,20230726,27.37,27.66,26.82,26.99,257414.9,702212.706
002510.SZ,20230726,3.91,3.94,3.86,3.87,113237.0,43997.453
300142.SZ,20230726,26.77,27.9,26.56,27.65,318812.62,878424.514
300143.SZ,20230726,10.8,10.98,10.77,10.84,36983.04,40181.956
300144.SZ,20230726,12.97,13.05,12.86,12.91,298519.24,386309.336
300145.SZ,20230726,2.89,2.95,2.88,2.93,241264.33,70511.867
300146.SZ,20230726,21.07,21.15,20.96,21.05,58174.73,122440.272
300147.SZ,20230726,5.24,5.3,5.23,5.28,70240.0,37040.315
300148.SZ,20230726,4.9,4.9,4.66,4.68,514634.0,244005.381
300149.SZ,20230726,8.0,8.08,7.96,8.04,28549.93,22939.087
300150.SZ,20230726,4.43,4.46,4.38,4.4,47768.0,21058.837
300151.SZ,20230726,18.19,18.2,17.28,17.43,73692.53,129860.669
300152.SZ,20230726,2.95,3.04,2.95,3.02,162386.76,48808.666
300153.SZ,20230726,8.15,8.16,8.03,8.06,42787.0,34538.108
300154.SZ,20230726,7.38,7.44,7.24,7.26,33688.0,24531.29
300155.SZ,20230726,5.24,6.23,5.24,6.23,489403.07,297454.915
300157.SZ,20230726,3.25,3.25,3.22,3.24,82235.87,26584.713
300158.SZ,20230726,5.93,5.95,5.89,5.92,102226.39,60429.56
300159.SZ,20230726,3.13,3.2,3.12,3.19,178460.4,56342.603
300160.SZ,20230726,6.13,6.17,6.06,6.08,72288.37,44129.345
300161.SZ,20230726,46.8,46.8,44.11,44.15,50114.33,224528.348
300162.SZ,20230726,7.42,7.42,7.25,7.33,84764.15,61990.489
300163.SZ,20230726,3.34,3.44,3.33,3.39,145500.07,49249.816
300164.SZ,20230726,4.63,4.65,4.55,4.57,110790.0,50907.939
300165.SZ,20230726,6.84,6.85,6.7,6.72,51647.0,34909.603
300166.SZ,20230726,10.18,10.22,9.8,9.83,368130.45,364518.145
300167.SZ,20230726,2.76,2.77,2.72,2.76,38765.0,10647.52
300168.SZ,20230726,10.3,10.3,9.96,10.0,185609.88,186394.404
300169.SZ,20230726,4.87,4.99,4.76,4.8,342201.0,166009.136
300170.SZ,20230726,11.84,11.92,11.03,11.17,1117859.87,1272858.827
300171.SZ,20230726,21.58,22.17,21.56,21.89,39055.66,85612.143
300172.SZ,20230726,4.95,5.14,4.94,5.09,248151.52,125883.47
300173.SZ,20230726,4.38,4.4,4.34,4.35,47115.0,20545.406
300174.SZ,20230726,17.48,17.71,16.93,17.04,42365.53,73019.991
300175.SZ,20230726,4.06,4.08,4.0,4.03,78679.0,31682.112
300176.SZ,20230726,6.47,6.63,6.36,6.51,38310.0,24956.494
300177.SZ,20230726,6.91,6.91,6.71,6.74,155875.92,105481.21
300179.SZ,20230726,10.17,10.21,10.03,10.08,31921.74,32203.504
300180.SZ,20230726,3.69,3.71,3.67,3.71,52373.5,19321.805
300181.SZ,20230726,11.56,11.74,11.51,11.63,91201.06,106157.417
300182.SZ,20230726,5.82,5.84,5.61,5.64,633524.14,360445.755
300183.SZ,20230726,15.61,15.61,15.12,15.22,24259.84,36999.424
300184.SZ,20230726,5.13,5.15,5.02,5.04,274689.4,138926.975
300185.SZ,20230726,2.67,2.7,2.65,2.69,517056.64,138310.993
300846.SZ,20230726,14.23,14.28,13.73,13.86,257947.29,358678.906
300847.SZ,20230726,19.17,19.58,18.84,18.87,68850.55,131711.738
300848.SZ,20230726,21.84,21.86,21.47,21.6,12142.25,26286.302
300849.SZ,20230726,11.7,11.88,11.69,11.84,7606.0,8980.339
300850.SZ,20230726,33.9,34.18,33.28,33.33,41564.12,139768.956
300851.SZ,20230726,26.3,26.68,26.2,26.41,3655.0,9666.634
300852.SZ,20230726,40.39,40.56,39.68,39.8,12568.6,50114.008
300853.SZ,20230726,29.89,30.09,29.2,29.3,16617.0,49112.838
300854.SZ,20230726,17.28,17.99,17.17,17.91,43544.84,77375.51
300855.SZ,20230726,35.42,35.52,34.88,35.12,11889.47,41750.564
300856.SZ,20230726,75.88,76.47,74.3,74.7,10956.55,82301.938
300857.SZ,20230726,24.3,24.36,23.71,23.86,30044.0,71846.25
300858.SZ,20230726,16.03,16.03,15.5,15.66,31569.2,49408.154
300859.SZ,20230726,24.63,24.88,24.6,24.82,23564.0,58312.779
300860.SZ,20230726,62.82,63.77,59.92,60.49,18376.0,112488.096
300861.SZ,20230726,43.18,43.5,42.9,43.14,14779.27,63843.129
300862.SZ,20230726,30.02,30.26,28.86,28.97,9864.0,28969.354
300863.SZ,20230726,54.42,54.84,53.13,53.33,14467.5,77741.35
300864.SZ,20230726,23.83,26.2,23.82,25.68,108943.6,277141.032
300865.SZ,20230726,21.9,24.6,21.82,23.4,52159.38,122849.149
300866.SZ,20230726,81.84,81.84,80.38,80.93,7975.06,64638.143
300867.SZ,20230726,17.75,18.07,17.6,17.93,39674.29,71160.209
300868.SZ,20230726,22.03,22.2,20.6,20.8,153178.01,322811.239
300869.SZ,20230726,23.25,23.42,23.12,23.3,24058.4,56039.953
300870.SZ,20230726,50.39,50.48,49.0,49.24,14846.71,73579.074
300871.SZ,20230726,17.17,17.37,17.08,17.29,15003.99,25892.466
300872.SZ,20230726,15.1,15.1,14.83,14.88,31002.8,46334.965
300873.SZ,20230726,20.9,21.04,20.65,20.87,21252.46,44308.91
300875.SZ,20230726,37.25,37.6,36.68,36.75,12422.6,45995.642
300876.SZ,20230726,26.25,26.8,26.02,26.64,6903.0,18275.55
300877.SZ,20230726,19.05,19.42,18.48,18.66,69358.1,130745.98
300878.SZ,20230726,23.03,23.45,22.91,23.29,10394.2,24198.34
300879.SZ,20230726,18.3,18.68,17.69,17.76,47316.12,86166.697
300880.SZ,20230726,26.5,26.62,24.74,24.84,184193.34,463015.301
300881.SZ,20230726,32.3,34.96,31.85,34.67,43516.4,147621.762
300882.SZ,20230726,24.32,24.33,22.96,23.12,80619.15,187961.268
300883.SZ,20230726,6.56,6.67,6.54,6.62,60831.33,40277.147
300884.SZ,20230726,12.42,13.02,12.19,12.46,99660.73,125429.457
300885.SZ,20230726,9.76,9.76,9.59,9.61,16767.03,16152.496
300886.SZ,20230726,24.06,24.44,23.98,24.27,7994.08,19408.4
300887.SZ,20230726,20.55,21.2,20.32,20.94,37313.11,77877.482
300888.SZ,20230726,42.24,42.98,42.11,42.67,9993.45,42583.715
600231.SH,20230726,2.27,2.5,2.27,2.5,702557.74,170836.062
600232.SH,20230726,5.62,5.69,5.62,5.68,17687.0,10022.625
600233.SH,20230726,15.5,15.64,15.44,15.53,38174.24,59227.663
600234.SH,20230726,7.0,7.29,6.99,7.21,59465.81,42603.944
600235.SH,20230726,5.64,5.71,5.62,5.69,39980.01,22690.217
600236.SH,20230726,5.43,5.47,5.43,5.47,39883.8,21738.175
600237.SH,20230726,7.52,7.57,7.35,7.37,169019.85,125429.396
600238.SH,20230726,11.22,11.32,11.06,11.16,80997.43,90367.615
600239.SH,20230726,2.48,2.53,2.43,2.49,808011.92,199600.311
600241.SH,20230726,8.21,8.21,8.14,8.17,14366.0,11738.929
600243.SH,20230726,4.39,4.41,4.36,4.41,37026.02,16254.954
600246.SH,20230726,5.82,6.04,5.8,5.98,383650.6,227718.837
600248.SH,20230726,4.91,4.93,4.85,4.87,505071.51,246784.848
600249.SH,20230726,5.62,5.71,5.58,5.69,113435.0,64211.644
600250.SH,20230726,6.71,6.75,6.64,6.71,36681.6,24585.952
600251.SH,20230726,9.65,9.72,9.59,9.63,65399.0,63052.17
600252.SH,20230726,2.49,2.53,2.48,2.52,304309.8,76110.628
600255.SH,20230726,2.12,2.21,2.11,2.18,466959.25,100908.43
600256.SH,20230726,6.92,6.93,6.85,6.87,428736.07,295044.029
600257.SH,20230726,6.3,6.63,6.24,6.44,502277.94,323418.252
600258.SH,20230726,19.99,20.12,19.87,20.01,88276.64,176521.188
600259.SH,20230726,37.03,37.12,36.64,37.09,27415.0,101204.796
600261.SH,20230726,3.74,3.78,3.73,3.76,54620.0,20523.265
600262.SH,20230726,19.97,20.0,19.36,19.4,18776.0,36694.396
600265.SH,20230726,16.52,16.63,16.48,16.6,2613.2,4326.693
600266.SH,20230726,5.98,6.54,5.92,6.36,1611365.84,1000528.539
600267.SH,20230726,11.02,11.15,10.97,11.09,92383.59,102423.796
600268.SH,20230726,7.82,7.99,7.71,7.75,330919.27,259832.404
600269.SH,20230726,3.81,3.84,3.81,3.83,91884.92,35132.15
600271.SH,20230726,13.33,13.35,13.07,13.09,92209.73,121233.474
600272.SH,20230726,9.2,9.3,9.2,9.28,14371.0,13320.286
600273.SH,20230726,9.91,9.94,9.81,9.84,61692.0,60795.997
600276.SH,20230726,47.77,48.16,47.55,48.08,167788.04,805101.338
600277.SH,20230726,3.35,3.38,3.32,3.36,330433.1,110706.167
600278.SH,20230726,7.75,7.84,7.74,7.8,57642.0,44858.431
600279.SH,20230726,4.24,4.3,4.23,4.3,38381.51,16406.143
600280.SH,20230726,4.72,5.29,4.34,5.0,2370477.3,1132882.56
600281.SH,20230726,4.26,4.32,4.26,4.32,34726.68,14908.11
600282.SH,20230726,3.5,3.54,3.49,3.53,267140.62,93863.152
600283.SH,20230726,14.8,15.45,14.72,15.43,202979.01,308048.566
600284.SH,20230726,6.43,6.55,6.41,6.52,178000.16,115945.465
600285.SH,20230726,15.69,15.77,15.55,15.64,47379.57,74177.862
601298.SH,20230726,6.6,6.61,6.56,6.59,71259.82,46906.655
601311.SH,20230726,9.2,9.2,9.09,9.12,50149.17,45782.718
601318.SH,20230726,49.18,49.64,48.98,49.46,515440.65,2541380.228
601319.SH,20230726,6.22,6.29,6.19,6.26,583466.7,363838.322
601326.SH,20230726,3.31,3.32,3.27,3.3,181639.84,59738.661
601328.SH,20230726,5.6,5.64,5.59,5.62,466094.59,261467.038
601330.SH,20230726,7.46,7.52,7.41,7.46,50598.0,37781.488
601336.SH,20230726,41.88,42.24,40.89,41.82,218075.67,908042.708
601339.SH,20230726,5.64,5.67,5.6,5.65,30125.16,16997.686
601360.SH,20230726,11.95,11.96,11.64,11.68,1014899.59,1192362.203
601366.SH,20230726,5.64,5.72,5.63,5.71,25557.42,14559.93
601368.SH,20230726,5.45,5.54,5.43,5.54,90274.65,49660.898
601375.SH,20230726,3.95,4.0,3.92,4.0,693102.07,274725.517
601377.SH,20230726,6.55,6.58,6.46,6.53,681205.54,443919.553
601388.SH,20230726,2.97,3.03,2.95,3.01,203211.7,60844.007
601390.SH,20230726,7.89,7.96,7.77,7.8,763927.14,597572.893
601398.SH,20230726,4.62,4.64,4.6,4.63,1154337.68,533491.432
601399.SH,20230726,3.14,3.17,3.12,3.17,245166.64,77103.318
601456.SH,20230726,9.5,9.56,9.42,9.53,240293.63,228140.299
601500.SH,20230726,4.36,4.36,4.27,4.3,177571.2,76356.697
601512.SH,20230726,10.13,10.15,10.0,10.07,32362.0,32548.34
601515.SH,20230726,4.43,4.46,4.4,4.45,126941.47,56223.66
601518.SH,20230726,2.56,2.57,2.52,2.54,126747.22,32182.647
601519.SH,20230726,7.3,7.32,7.07,7.15,646760.42,463021.51
601555.SH,20230726,8.35,8.43,8.12,8.24,1655761.46,1367240.947
601566.SH,20230726,11.07,11.07,10.73,10.85,27893.0,30276.708
601567.SH,20230726,15.92,16.02,15.44,15.57,178460.22,279638.199
601568.SH,20230726,5.33,5.35,5.31,5.35,77660.11,41392.532
601579.SH,20230726,12.24,12.33,12.09,12.2,87635.52,107084.83
601588.SH,20230726,2.32,2.45,2.29,2.38,1582012.86,376178.051
601595.SH,20230726,26.78,27.72,24.69,25.14,245314.6,636974.465
601598.SH,20230726,4.67,4.69,4.6,4.62,162455.68,75194.108
601599.SH,20230726,3.8,3.8,3.72,3.74,192073.0,71881.11
601600.SH,20230726,6.12,6.2,6.04,6.11,1167015.57,713600.275
601606.SH,20230726,13.29,13.31,13.11,13.17,52396.67,69091.814
601608.SH,20230726,4.07,4.09,4.03,4.05,128790.38,52119.905
601609.SH,20230726,6.75,6.78,6.72,6.77,67609.99,45640.143
601611.SH,20230726,7.9,7.98,7.89,7.95,156473.04,124212.54
601615.SH,20230726,17.14,17.37,17.1,17.28,191569.96,330456.082
601616.SH,20230726,3.41,3.42,3.38,3.4,50260.0,17073.386
601618.SH,20230726,4.01,4.04,3.96,3.98,527504.78,210579.165
601619.SH,20230726,4.28,4.31,4.25,4.28,139787.9,59852.08
605218.SH,20230726,15.36,15.43,15.08,15.13,16179.0,24589.647
605222.SH,20230726,19.35,19.35,19.05,19.12,17597.0,33723.061
605228.SH,20230726,11.2,12.01,10.95,11.58,159866.47,183912.559
605255.SH,20230726,16.45,16.5,16.16,16.47,10091.0,16490.332
605258.SH,20230726,25.7,25.77,25.36,25.49,17962.0,45911.427
605259.SH,20230726,26.64,26.81,26.32,26.57,5726.4,15199.456
605266.SH,20230726,55.85,56.35,55.63,55.9,5745.2,32150.371
605268.SH,20230726,10.58,10.73,10.44,10.66,42384.0,44953.535
605286.SH,20230726,26.95,27.2,26.7,26.78,9627.0,25901.122
605287.SH,20230726,19.84,20.1,19.22,19.44,126728.89,249236.65
605288.SH,20230726,43.52,43.79,42.71,42.89,3037.6,13127.37
605296.SH,20230726,23.06,23.18,22.86,23.08,8810.19,20271.464
605298.SH,20230726,15.22,15.39,15.18,15.29,12621.3,19272.645
605299.SH,20230726,12.87,13.0,12.46,12.51,53057.0,66944.437
605300.SH,20230726,22.1,22.1,21.51,21.71,10635.0,23060.506
605303.SH,20230726,11.83,12.41,11.83,12.26,53693.5,65795.05
605305.SH,20230726,31.99,31.99,31.25,31.4,7973.02,25097.36
605318.SH,20230726,14.99,15.1,14.83,15.06,21091.9,31593.854
605319.SH,20230726,16.82,17.3,16.61,16.64,26652.0,45183.421
605333.SH,20230726,14.34,14.34,13.77,13.83,44306.0,61762.372
605336.SH,20230726,17.98,18.13,17.77,17.83,18595.7,33283.447
605337.SH,20230726,18.43,18.85,18.36,18.59,26662.39,49458.459
605338.SH,20230726,26.3,26.42,25.83,26.39,10687.0,27972.229
605339.SH,20230726,20.38,20.47,20.2,20.43,9459.0,19223.305
605358.SH,20230726,37.83,37.97,37.46,37.78,49715.78,187402.213
605365.SH,20230726,15.15,15.6,15.15,15.46,20161.98,31073.37
605366.SH,20230726,8.72,8.75,8.65,8.68,14759.94,12830.788
605368.SH,20230726,9.98,10.1,9.96,10.1,29404.0,29534.81
605369.SH,20230726,59.71,62.11,59.41,62.0,13133.0,80685.372
605376.SH,20230726,35.43,35.87,35.0,35.56,23667.0,83707.299
605377.SH,20230726,19.96,20.28,19.81,19.94,19285.0,38524.515
605378.SH,20230726,23.9,24.11,23.67,23.93,5132.0,12260.494
605389.SH,20230726,28.31,28.35,27.75,27.81,11859.31,33237.292
605398.SH,20230726,26.79,28.47,26.37,27.24,22085.02,60377.979
605399.SH,20230726,17.07,17.09,16.86,16.99,17105.76,29036.473
605500.SH,20230726,7.63,7.73,7.62,7.7,9861.08,7583.945
605507.SH,20230726,22.2,22.4,22.13,22.23,25703.0,57293.75
605555.SH,20230726,18.08,18.1,17.52,17.71,30932.89,55052.67
605566.SH,20230726,24.56,24.73,24.46,24.64,3390.0,8346.22
605567.SH,20230726,12.95,13.1,12.93,13.09,16719.0,21823.921
605577.SH,20230726,11.57,11.57,11.25,11.3,26962.0,30649.415
605580.SH,20230726,12.2,12.22,11.93,12.05,41384.97,49856.721
605118.SH,20230726,14.8,14.92,14.57,14.6,37260.0,54594.328
605183.SH,20230726,17.87,17.96,17.6,17.81,8997.0,16040.173
605186.SH,20230726,44.52,46.3,44.52,45.28,27239.0,123841.591
605196.SH,20230726,8.11,8.32,8.11,8.19,276298.17,227235.5
605277.SH,20230726,14.79,14.79,14.4,14.66,42853.42,62278.49
605289.SH,20230726,36.82,36.82,35.71,35.88,17015.25,61500.872
605388.SH,20230726,13.27,13.27,13.15,13.26,21932.45,28991.879
605488.SH,20230726,15.87,16.0,15.64,15.65,24029.5,37843.338
605499.SH,20230726,183.47,184.77,181.35,183.87,4934.84,90829.088
688005.SH,20230726,49.4,49.45,48.86,49.2,30545.04,149952.596
688007.SH,20230726,21.3,21.38,20.91,21.05,15308.71,32233.011
688036.SH,20230726,127.93,128.53,124.0,125.7,29971.69,377733.526
688059.SH,20230726,93.72,93.73,90.12,90.51,4622.28,42252.53
688063.SH,20230726,174.5,175.64,172.51,173.38,13134.28,228535.595
688068.SH,20230726,41.19,41.6,41.02,41.27,6982.14,28860.881
688080.SH,20230726,42.85,43.51,42.0,42.33,7190.88,30664.76
688082.SH,20230726,101.5,104.5,101.14,102.55,11901.65,122674.253
688084.SH,20230726,73.39,73.39,70.5,70.77,2225.47,15879.318
688087.SH,20230726,22.2,22.93,22.09,22.62,10800.12,24426.59
688088.SH,20230726,38.51,38.55,37.31,37.42,35938.7,135743.884
688089.SH,20230726,22.03,22.44,21.62,21.96,22209.42,48659.057
688092.SH,20230726,30.45,31.6,30.14,30.58,24317.64,75294.233
688117.SH,20230726,25.49,25.93,24.81,25.23,15694.8,39604.543
688143.SH,20230726,31.61,31.61,30.77,30.8,5515.97,17105.444
688147.SH,20230726,50.77,51.68,49.59,50.6,9146.76,46189.032
688160.SH,20230726,63.0,63.43,60.5,61.24,20952.86,128899.266
688173.SH,20230726,20.91,21.15,20.85,20.92,10306.08,21631.425
688178.SH,20230726,19.75,20.06,19.71,19.86,7014.07,13957.549
688189.SH,20230726,9.8,9.9,9.78,9.86,18201.33,17912.588
688191.SH,20230726,16.9,17.94,16.51,17.45,37952.02,65691.075
688213.SH,20230726,48.84,51.56,47.7,49.63,12098.5,60087.998
688216.SH,20230726,26.63,29.1,26.56,27.7,25931.51,72060.429
688229.SH,20230726,48.11,48.56,46.71,47.04,2592.36,12261.697
688235.SH,20230726,118.48,123.4,117.61,121.74,19766.89,239517.448
688237.SH,20230726,47.02,48.02,46.18,47.19,10908.32,51431.762
688244.SH,20230726,86.59,86.59,78.25,79.56,7509.75,61389.384
688266.SH,20230726,50.48,51.5,50.25,50.81,8907.78,45267.041
688267.SH,20230726,21.64,21.75,21.4,21.67,9183.3,19871.161
688268.SH,20230726,74.3,74.3,72.85,73.0,4590.79,33612.856
688280.SH,20230726,8.76,8.76,8.44,8.47,27608.49,23572.308
688311.SH,20230726,55.8,55.8,53.05,53.27,22781.21,122651.607
688317.SH,20230726,24.29,24.63,24.29,24.41,9079.49,22243.096
000868.SZ,20230726,5.82,5.83,5.56,5.57,312265.21,176116.238
000869.SZ,20230726,31.89,32.08,31.81,32.02,10063.7,32154.838
000875.SZ,20230726,5.3,5.31,5.26,5.28,135488.91,71566.266
000876.SZ,20230726,11.89,11.99,11.86,11.98,136479.68,162995.941
000877.SZ,20230726,8.43,8.55,8.4,8.53,88844.64,75554.093
000878.SZ,20230726,11.64,11.69,11.51,11.6,163901.24,189878.819
000880.SZ,20230726,10.8,10.99,10.2,10.55,88844.48,93423.4
000881.SZ,20230726,8.01,8.04,7.97,8.02,24068.08,19268.323
000882.SZ,20230726,1.86,1.96,1.84,1.91,1229683.36,233483.384
000883.SZ,20230726,4.51,4.52,4.48,4.51,110765.63,49887.317
000885.SZ,20230726,12.95,13.25,12.91,13.07,65195.3,85405.109
000886.SZ,20230726,5.22,5.4,5.19,5.32,225632.68,119788.429
000887.SZ,20230726,13.44,13.44,12.99,13.02,170171.46,223449.099
000888.SZ,20230726,11.5,11.56,11.3,11.39,57670.0,65739.667
000889.SZ,20230726,1.92,1.97,1.88,1.95,177984.2,34325.948
000890.SZ,20230726,4.16,4.57,4.12,4.57,291227.01,127730.265
000892.SZ,20230726,4.31,4.37,4.23,4.25,190498.0,81548.222
000893.SZ,20230726,26.33,26.86,26.2,26.62,97127.92,257645.266
000895.SZ,20230726,24.51,24.71,24.5,24.7,65049.35,160161.797
000897.SZ,20230726,2.55,2.82,2.51,2.74,1920374.93,517001.123
000898.SZ,20230726,2.86,2.92,2.85,2.9,438630.5,126628.233
000899.SZ,20230726,8.92,8.95,8.83,8.84,68782.73,61104.262
000900.SZ,20230726,4.21,4.24,4.2,4.23,59518.1,25100.108
000901.SZ,20230726,10.52,10.58,10.17,10.21,153390.71,157618.961
000902.SZ,20230726,11.16,11.37,11.12,11.29,72757.02,81954.147
000903.SZ,20230726,2.5,2.52,2.47,2.51,161064.7,40225.504
000905.SZ,20230726,8.1,8.13,7.95,8.02,187109.63,150138.616
000906.SZ,20230726,8.46,8.57,8.46,8.55,42287.56,36053.696
000908.SZ,20230726,2.93,3.06,2.91,2.94,737201.93,218527.626
000909.SZ,20230726,6.09,6.22,6.06,6.16,76358.0,47011.902
000910.SZ,20230726,8.28,8.35,8.23,8.28,43709.84,36150.521
000911.SZ,20230726,9.56,9.61,9.43,9.52,51739.0,49181.409
000912.SZ,20230726,4.72,4.98,4.71,4.85,407958.69,198495.79
000913.SZ,20230726,17.63,17.71,17.21,17.34,53041.72,91989.544
000915.SZ,20230726,35.33,35.79,35.05,35.45,17984.12,63798.873
000917.SZ,20230726,7.13,7.14,6.6,6.67,496748.57,335921.926
000919.SZ,20230726,7.88,7.93,7.85,7.89,40023.0,31579.56
000920.SZ,20230726,9.85,10.05,9.77,9.9,53887.48,53558.505
000921.SZ,20230726,24.39,24.6,23.78,23.91,64078.0,154931.754
000922.SZ,20230726,13.51,13.51,13.2,13.31,65226.0,86682.247
000923.SZ,20230726,14.86,15.0,14.64,14.86,58430.0,86554.306
002511.SZ,20230726,10.82,10.89,10.75,10.89,50940.07,55186.807
002512.SZ,20230726,4.13,4.14,4.03,4.05,262286.02,106475.589
002513.SZ,20230726,6.82,7.0,6.63,6.85,173373.0,118615.276
002514.SZ,20230726,9.24,9.37,9.14,9.17,182053.98,168406.094
002515.SZ,20230726,4.6,4.67,4.57,4.66,64750.72,29960.712
002516.SZ,20230726,4.89,4.89,4.78,4.81,50819.0,24458.311
002517.SZ,20230726,14.26,14.26,13.55,13.87,420338.73,581956.2
002518.SZ,20230726,33.99,34.07,33.58,33.77,57517.79,194313.763
002519.SZ,20230726,5.96,5.98,5.8,5.83,237756.8,139290.193
002520.SZ,20230726,5.66,5.67,5.54,5.57,80974.0,45212.859
002521.SZ,20230726,6.8,7.0,6.73,6.89,109384.43,75467.504
002522.SZ,20230726,5.01,5.01,4.96,4.99,40179.0,20013.74
002523.SZ,20230726,2.92,2.97,2.89,2.96,228483.39,67116.468
002524.SZ,20230726,6.5,6.63,6.5,6.59,46963.0,30894.903
002526.SZ,20230726,2.77,2.84,2.73,2.78,1151391.72,320231.254
002527.SZ,20230726,11.6,11.6,11.11,11.16,385711.91,434154.309
002528.SZ,20230726,8.06,8.09,7.81,7.85,214337.96,169569.919
002529.SZ,20230726,14.48,14.48,13.99,14.01,39938.0,56437.389
002530.SZ,20230726,8.93,8.94,8.62,8.66,193672.13,169401.583
002531.SZ,20230726,13.9,13.97,13.75,13.79,124646.3,172536.004
002532.SZ,20230726,6.75,6.87,6.69,6.73,444367.83,301638.91
002533.SZ,20230726,7.83,7.83,7.7,7.73,71075.0,55015.096
002534.SZ,20230726,14.87,14.87,14.61,14.7,29698.22,43629.73
002535.SZ,20230726,4.82,4.83,4.62,4.64,607759.5,284469.944
002536.SZ,20230726,13.94,13.94,13.15,13.25,345036.48,462329.135
002537.SZ,20230726,6.89,6.9,6.84,6.86,93785.0,64350.978
002538.SZ,20230726,6.95,7.13,6.94,7.05,141778.69,99992.131
002539.SZ,20230726,9.26,9.83,9.25,9.69,426011.98,409478.284
002540.SZ,20230726,5.95,5.98,5.83,5.85,81439.55,47845.028
002541.SZ,20230726,32.35,32.9,32.14,32.55,25652.6,83248.983
002542.SZ,20230726,2.78,2.87,2.78,2.82,376082.55,106508.145
002543.SZ,20230726,8.18,8.19,8.08,8.1,43962.69,35666.63
002544.SZ,20230726,22.8,22.86,22.41,22.75,36194.94,81991.429
002545.SZ,20230726,7.46,7.62,7.45,7.59,73739.69,55723.089
002546.SZ,20230726,5.41,5.42,5.25,5.28,331523.08,175895.902
002547.SZ,20230726,4.7,4.7,4.57,4.59,224461.99,103270.197
002548.SZ,20230726,6.92,7.02,6.8,6.95,147138.72,101865.811
002549.SZ,20230726,11.72,11.88,11.69,11.78,114944.0,135265.442
002550.SZ,20230726,5.2,5.28,5.2,5.27,84832.0,44582.434
002551.SZ,20230726,3.98,4.07,3.96,4.06,125065.42,50416.664
002552.SZ,20230726,17.46,17.73,17.36,17.54,15355.0,26909.154
002553.SZ,20230726,14.01,14.21,13.5,13.58,344738.0,474215.021
300187.SZ,20230726,6.13,6.33,6.1,6.27,111057.0,69508.351
300188.SZ,20230726,18.59,18.78,17.97,18.03,121712.7,221286.093
300189.SZ,20230726,3.61,3.7,3.57,3.66,392784.55,142654.508
300190.SZ,20230726,4.14,4.2,4.13,4.17,45160.32,18856.68
300191.SZ,20230726,19.02,19.1,18.8,18.87,13171.6,24900.257
300192.SZ,20230726,12.4,12.41,11.92,12.08,155675.0,188745.899
300193.SZ,20230726,7.55,7.59,7.43,7.46,27515.11,20534.642
300194.SZ,20230726,3.95,3.96,3.93,3.95,99329.03,39179.294
300195.SZ,20230726,6.35,6.35,6.25,6.29,39020.0,24546.218
300196.SZ,20230726,14.43,14.43,14.28,14.39,10391.0,14922.01
300197.SZ,20230726,2.58,2.69,2.58,2.69,765617.85,203827.42
300198.SZ,20230726,2.81,2.93,2.78,2.91,674729.11,193517.973
300199.SZ,20230726,10.37,10.56,10.22,10.29,223210.0,232388.783
300200.SZ,20230726,8.57,8.57,8.39,8.41,29536.6,24948.171
300201.SZ,20230726,3.79,3.79,3.71,3.73,85553.0,32063.454
300203.SZ,20230726,19.62,19.99,19.43,19.55,24052.0,47349.7
300204.SZ,20230726,10.0,10.1,9.95,9.98,37936.0,37944.482
300205.SZ,20230726,13.59,13.59,13.12,13.18,66358.39,88219.23
300206.SZ,20230726,14.43,14.65,14.16,14.26,37837.81,54394.997
300207.SZ,20230726,16.15,16.18,15.88,15.9,89763.87,143170.959
300208.SZ,20230726,8.34,8.68,8.32,8.57,80095.02,68258.305
300209.SZ,20230726,2.83,2.85,2.8,2.83,23752.0,6710.113
300210.SZ,20230726,3.25,3.31,3.22,3.25,136757.23,44760.524
300211.SZ,20230726,9.28,9.3,9.15,9.16,18786.0,17255.104
300212.SZ,20230726,31.89,32.05,30.82,31.04,121904.74,381128.964
300213.SZ,20230726,6.25,6.25,6.11,6.13,94824.0,58292.176
300214.SZ,20230726,6.36,6.44,6.31,6.44,25427.53,16245.147
300215.SZ,20230726,5.18,5.22,5.14,5.17,31672.0,16411.158
300217.SZ,20230726,5.93,6.02,5.84,5.87,198546.6,117810.058
300218.SZ,20230726,9.67,9.78,9.65,9.76,12551.01,12214.103
300219.SZ,20230726,7.41,7.41,7.26,7.3,82318.0,60138.588
300220.SZ,20230726,6.96,6.98,6.75,6.79,23596.8,16089.019
300221.SZ,20230726,5.61,5.61,5.51,5.54,90652.94,50197.213
300222.SZ,20230726,7.6,7.65,7.5,7.52,67060.0,50661.998
300223.SZ,20230726,92.5,94.49,92.3,92.56,70149.96,653864.565
300224.SZ,20230726,12.76,12.81,12.6,12.62,60941.35,77214.544
300225.SZ,20230726,9.75,9.82,9.05,9.11,330480.42,307427.542
300226.SZ,20230726,30.03,30.03,28.5,28.56,81697.36,236932.611
300227.SZ,20230726,7.64,7.64,7.43,7.5,122017.91,91565.137
300228.SZ,20230726,6.22,6.24,6.04,6.1,78265.0,47913.19
300229.SZ,20230726,23.21,23.4,22.6,22.62,269288.13,615559.06
300230.SZ,20230726,3.7,3.73,3.69,3.71,52777.6,19568.285
300889.SZ,20230726,15.35,15.88,15.25,15.87,46699.72,73411.966
300890.SZ,20230726,39.8,39.97,39.36,39.5,10892.0,43203.402
300891.SZ,20230726,9.55,9.83,9.51,9.76,36589.0,35427.453
300892.SZ,20230726,25.0,26.6,24.48,26.35,60185.52,153733.911
300893.SZ,20230726,24.69,24.88,24.08,24.15,18493.27,45105.159
300894.SZ,20230726,25.63,25.91,25.31,25.86,36995.0,94826.771
300895.SZ,20230726,33.39,35.4,32.8,34.08,57337.99,197018.572
300896.SZ,20230726,465.65,475.0,462.51,474.1,16085.37,757184.366
300897.SZ,20230726,33.45,33.94,32.97,33.6,6009.16,20128.21
300898.SZ,20230726,27.3,31.4,25.83,30.15,235526.28,655992.599
300899.SZ,20230726,25.7,30.49,25.51,29.19,105666.85,302530.036
300900.SZ,20230726,27.6,27.69,27.12,27.19,14026.88,38262.662
300901.SZ,20230726,11.05,11.2,10.96,11.04,39536.1,43725.848
300902.SZ,20230726,35.5,36.0,35.01,35.04,6926.42,24418.067
300903.SZ,20230726,10.61,10.64,10.23,10.33,115072.88,119256.412
300905.SZ,20230726,18.33,18.85,18.16,18.58,8321.0,15433.24
300906.SZ,20230726,24.62,24.8,24.41,24.72,7726.0,19038.538
300907.SZ,20230726,21.47,21.55,21.2,21.5,6723.0,14399.957
300908.SZ,20230726,42.0,42.53,41.7,42.3,6251.69,26312.384
300909.SZ,20230726,25.47,25.48,25.12,25.18,8916.02,22581.516
300910.SZ,20230726,51.52,52.0,50.77,51.11,14246.19,73004.535
300911.SZ,20230726,39.89,39.92,38.92,39.18,50904.54,200477.817
300912.SZ,20230726,19.78,20.05,19.41,19.47,24013.68,47169.516
300913.SZ,20230726,38.32,39.1,36.73,37.14,107294.81,403755.003
300915.SZ,20230726,37.98,43.5,37.84,42.77,27334.61,112400.491
300916.SZ,20230726,31.91,32.03,31.11,31.11,24326.35,76417.8
300917.SZ,20230726,29.45,35.3,29.35,33.36,305835.14,984838.29
300918.SZ,20230726,13.26,13.35,12.95,13.09,17931.77,23561.747
300919.SZ,20230726,59.79,60.7,59.56,60.29,24589.12,148135.224
300920.SZ,20230726,17.77,18.28,17.76,18.18,13938.48,25217.252
300921.SZ,20230726,26.0,26.12,25.53,25.59,28605.9,73768.661
300922.SZ,20230726,18.08,18.46,17.9,17.96,33743.27,61124.948
300923.SZ,20230726,23.6,24.11,23.5,23.89,11127.9,26541.436
300925.SZ,20230726,13.83,13.9,13.43,13.51,50927.5,69291.393
300926.SZ,20230726,25.02,25.35,23.92,24.08,105321.71,257333.14
300927.SZ,20230726,17.22,18.78,17.13,18.18,75506.61,135895.079
300928.SZ,20230726,45.67,45.99,44.68,44.81,18911.94,85440.642
300929.SZ,20230726,11.86,12.25,11.8,12.15,57331.48,69420.243
300930.SZ,20230726,25.72,26.18,25.32,25.62,7844.0,20166.186
300931.SZ,20230726,8.52,8.95,8.37,8.39,264280.35,228627.62
300932.SZ,20230726,15.29,15.41,15.02,15.05,23842.45,36252.636
300933.SZ,20230726,8.0,8.1,7.95,8.08,44147.0,35494.24
600287.SH,20230726,5.35,5.39,5.34,5.37,35603.0,19118.679
600288.SH,20230726,10.8,10.8,10.65,10.69,26397.14,28229.953
600289.SH,20230726,2.58,2.71,2.57,2.71,91274.01,24402.764
600290.SH,20230726,1.28,1.31,1.26,1.3,75483.0,9731.545
600292.SH,20230726,6.04,6.15,6.02,6.1,69167.9,42208.455
600293.SH,20230726,2.85,2.86,2.81,2.84,135554.58,38481.982
600295.SH,20230726,9.47,9.65,9.43,9.64,89294.06,85451.132
600297.SH,20230726,2.11,2.17,2.09,2.15,1861689.27,396441.63
600298.SH,20230726,36.15,36.22,35.93,36.1,44131.32,159276.589
600299.SH,20230726,8.19,8.24,8.15,8.23,27102.46,22258.998
600300.SH,20230726,3.16,3.19,3.14,3.18,216395.01,68506.487
600301.SH,20230726,17.8,18.0,17.41,17.55,46415.0,82120.751
600302.SH,20230726,5.38,5.42,5.34,5.42,25480.0,13761.68
600303.SH,20230726,4.87,4.87,4.8,4.81,60546.0,29222.054
600305.SH,20230726,11.08,11.18,11.04,11.18,64872.29,72224.243
600306.SH,20230726,7.58,7.76,7.57,7.61,1576.1,1200.554
600307.SH,20230726,1.58,1.7,1.57,1.66,1292285.47,210809.956
600308.SH,20230726,3.94,3.96,3.92,3.95,97675.42,38470.325
600309.SH,20230726,94.88,95.3,94.37,95.0,69747.31,662673.111
600310.SH,20230726,4.5,4.5,4.36,4.39,494530.88,217288.47
600312.SH,20230726,12.0,12.0,11.46,11.46,233352.71,271983.32
600313.SH,20230726,9.6,9.68,9.45,9.62,432020.27,412710.488
600315.SH,20230726,28.16,28.27,28.1,28.2,20294.88,57200.452
600316.SH,20230726,22.57,22.66,22.4,22.43,26502.05,59631.476
600318.SH,20230726,6.83,6.85,6.63,6.72,148295.49,99610.223
600319.SH,20230726,5.28,5.28,5.21,5.24,57476.0,30087.807
600320.SH,20230726,3.78,3.8,3.74,3.78,151687.98,57150.668
600321.SH,20230726,2.01,2.1,1.93,2.04,1538292.82,306701.881
600322.SH,20230726,2.26,2.57,2.25,2.57,2297865.6,565004.737
600323.SH,20230726,18.29,18.65,18.21,18.59,59113.0,109331.393
600325.SH,20230726,10.15,10.4,10.02,10.26,384208.73,393294.769
600326.SH,20230726,6.44,6.45,6.3,6.31,123646.8,78646.778
600327.SH,20230726,4.73,4.76,4.71,4.76,77174.0,36571.178
600328.SH,20230726,9.43,9.69,9.38,9.45,433669.57,412561.867
600329.SH,20230726,40.29,40.65,39.77,40.2,35641.43,143285.096
600330.SH,20230726,10.73,10.73,10.41,10.42,218182.27,229752.551
600331.SH,20230726,4.46,4.46,4.35,4.41,163099.76,71665.821
600332.SH,20230726,31.72,32.05,31.61,31.83,65611.86,208927.064
600333.SH,20230726,4.93,4.98,4.91,4.98,38956.18,19307.988
600335.SH,20230726,8.56,8.57,8.4,8.42,153875.53,130046.943
600336.SH,20230726,5.8,5.83,5.74,5.76,38637.0,22316.389
600337.SH,20230726,3.2,3.22,3.17,3.2,169020.2,53994.186
601633.SH,20230726,26.65,26.65,26.01,26.1,142717.21,374755.016
601636.SH,20230726,9.04,9.25,8.86,8.97,639016.66,576549.165
601658.SH,20230726,4.95,4.98,4.88,4.92,729924.92,358663.401
601665.SH,20230726,3.94,3.96,3.92,3.94,111220.53,43746.506
601668.SH,20230726,5.81,5.85,5.78,5.83,1381750.99,803449.21
601669.SH,20230726,5.77,5.81,5.75,5.79,920242.29,532551.455
601677.SH,20230726,14.31,14.65,13.93,14.1,607769.26,865186.207
601678.SH,20230726,4.76,4.87,4.73,4.82,177934.72,85646.504
601686.SH,20230726,6.96,7.29,6.93,7.2,106760.7,76394.348
601688.SH,20230726,15.76,15.94,15.62,15.84,1113795.84,1759696.11
601696.SH,20230726,10.87,10.95,10.76,10.84,334097.23,362839.723
601698.SH,20230726,18.3,18.33,17.66,17.69,215014.09,386165.386
601699.SH,20230726,16.99,17.35,16.86,16.91,183788.19,314198.154
601700.SH,20230726,5.3,5.32,5.27,5.32,56615.0,30016.035
601702.SH,20230726,14.9,15.2,14.36,14.44,85516.26,124945.14
601717.SH,20230726,12.3,12.4,12.18,12.24,53783.26,65844.962
601718.SH,20230726,2.97,3.01,2.97,3.0,285198.64,85292.015
601727.SH,20230726,4.68,4.7,4.66,4.68,138507.1,64784.323
601728.SH,20230726,5.82,5.82,5.69,5.71,1254304.61,718977.211
601766.SH,20230726,6.59,6.59,6.45,6.48,391891.08,254622.113
601777.SH,20230726,3.83,3.83,3.73,3.75,96763.6,36510.1
601778.SH,20230726,4.78,4.8,4.75,4.77,114292.0,54393.625
601788.SH,20230726,17.63,17.77,17.3,17.67,896241.9,1574963.878
601789.SH,20230726,4.94,5.07,4.93,5.0,651743.31,327081.917
601798.SH,20230726,7.31,7.39,7.28,7.3,28494.0,20849.475
601800.SH,20230726,11.08,11.14,10.95,11.01,256402.72,282473.545
601801.SH,20230726,8.19,8.24,7.8,7.86,289096.7,228242.557
601808.SH,20230726,14.95,14.96,14.82,14.88,29522.94,43944.555
601811.SH,20230726,14.43,14.44,13.85,13.92,50668.18,71147.754
601816.SH,20230726,5.55,5.57,5.52,5.55,369084.57,204579.946
601818.SH,20230726,2.99,3.01,2.98,3.01,766458.5,229692.064
601825.SH,20230726,5.7,5.73,5.69,5.72,89560.97,51197.929
601827.SH,20230726,7.59,7.64,7.55,7.63,44758.98,34047.915
601828.SH,20230726,5.05,5.08,5.0,5.07,140503.18,70874.089
601838.SH,20230726,12.79,12.92,12.72,12.85,223147.16,285747.482
601857.SH,20230726,8.02,8.05,7.81,7.86,1398929.37,1103422.148
601858.SH,20230726,31.15,31.45,29.65,29.82,148969.18,449384.303
601860.SH,20230726,2.59,2.63,2.58,2.62,439908.89,114315.181
601865.SH,20230726,34.09,35.0,34.09,34.32,46925.0,161857.141
601866.SH,20230726,2.54,2.56,2.53,2.55,300898.63,76459.299
601868.SH,20230726,2.38,2.39,2.37,2.39,1452915.45,346163.857
601869.SH,20230726,35.0,35.25,34.82,34.91,14499.57,50765.544
605588.SH,20230726,41.4,42.12,41.0,41.45,14104.0,58464.849
605589.SH,20230726,24.78,24.92,24.18,24.32,96881.01,237119.701
605598.SH,20230726,50.26,50.26,47.07,47.91,15371.0,73788.037
605599.SH,20230726,14.1,14.25,13.93,14.22,72508.0,102299.398
688001.SH,20230726,32.98,33.01,32.55,32.76,8915.08,29236.454
688002.SH,20230726,46.93,47.95,46.28,46.83,26874.99,126434.471
688003.SH,20230726,40.61,40.85,39.6,39.91,10239.2,41087.693
688004.SH,20230726,32.0,32.0,30.63,30.77,14853.28,46111.934
688006.SH,20230726,30.11,30.44,29.96,30.02,20053.67,60371.475
688008.SH,20230726,59.21,59.59,58.28,58.69,54816.3,322321.733
688009.SH,20230726,6.0,6.0,5.85,5.87,133485.75,78773.207
688010.SH,20230726,21.6,21.9,21.33,21.4,8423.67,18130.231
688011.SH,20230726,24.32,24.56,24.2,24.35,3980.75,9700.253
688012.SH,20230726,134.68,139.48,133.88,136.94,94705.76,1302135.97
688013.SH,20230726,22.95,23.08,22.55,23.01,6853.85,15734.904
688015.SH,20230726,16.99,17.24,16.92,17.12,8312.92,14206.086
688016.SH,20230726,177.57,186.85,177.0,182.25,8392.05,153972.275
688017.SH,20230726,125.4,125.48,120.08,123.16,29884.76,365430.135
688018.SH,20230726,125.75,128.2,124.41,126.38,6741.28,85074.669
688019.SH,20230726,150.5,155.0,150.5,152.3,8145.51,124812.09
688020.SH,20230726,45.5,46.14,45.29,45.69,3560.53,16235.208
688021.SH,20230726,26.88,27.09,26.51,26.68,3771.06,10099.973
688022.SH,20230726,31.0,31.17,30.31,30.64,11706.75,35871.867
688023.SH,20230726,162.5,162.5,159.2,160.54,3119.63,50013.387
688025.SH,20230726,78.8,80.0,77.23,77.57,16221.55,126722.225
688026.SH,20230726,17.6,17.98,17.6,17.84,9248.69,16474.218
688027.SH,20230726,143.88,145.96,140.6,142.85,6906.61,98959.89
688028.SH,20230726,21.2,21.27,20.94,21.0,4479.66,9439.343
688029.SH,20230726,81.7,84.05,81.48,83.8,12906.14,107747.059
688030.SH,20230726,20.29,20.45,20.08,20.15,4753.86,9603.5
688031.SH,20230726,107.0,107.0,102.0,102.38,14503.43,149760.517
688032.SH,20230726,334.51,338.75,330.51,331.59,5066.27,168876.716
688033.SH,20230726,18.55,18.55,17.89,18.12,62547.01,112860.287
688035.SH,20230726,60.76,61.22,59.56,60.25,18617.43,112095.134
688037.SH,20230726,143.73,150.98,143.03,145.7,35841.45,530318.122
688038.SH,20230726,14.43,14.53,14.23,14.38,14896.95,21395.166
688039.SH,20230726,34.52,34.58,33.15,33.32,11476.38,38654.202
688041.SH,20230726,60.57,61.0,58.8,59.15,94012.67,562052.872
688045.SH,20230726,55.31,55.4,54.35,54.39,2843.67,15565.943
688046.SH,20230726,19.17,20.52,18.98,19.66,38971.79,77155.984
688047.SH,20230726,100.13,100.69,98.81,99.05,11494.23,114579.301
688320.SH,20230726,39.9,40.09,38.29,38.42,20320.25,78922.322
688323.SH,20230726,23.55,23.79,22.91,22.96,13967.34,32433.52
688339.SH,20230726,64.56,64.56,63.36,63.65,16488.45,105180.683
688343.SH,20230726,58.37,58.49,57.52,57.63,21867.47,126609.82
688349.SH,20230726,32.39,32.39,31.84,31.98,8567.52,27450.542
688351.SH,20230726,17.63,19.9,17.63,18.97,52349.42,99631.602
688352.SH,20230726,14.39,14.5,13.67,13.72,144497.57,202696.745
688353.SH,20230726,35.89,35.89,35.28,35.47,3764.42,13371.247
688362.SH,20230726,40.9,41.45,38.3,39.28,121022.89,478216.924
688378.SH,20230726,47.37,47.37,45.58,45.91,10392.72,47895.592
688387.SH,20230726,7.48,7.5,7.28,7.29,105646.57,77681.161
688401.SH,20230726,34.13,34.13,32.76,32.91,12683.82,42108.741
688409.SH,20230726,95.0,96.16,93.4,94.6,6282.13,59614.547
688484.SH,20230726,42.6,42.6,41.93,42.08,8060.67,34000.007
688496.SH,20230726,16.32,16.33,15.83,15.9,22987.52,36727.735
688517.SH,20230726,19.16,19.24,18.75,18.81,16974.79,32052.936
688522.SH,20230726,55.52,56.02,52.02,53.27,19472.64,104259.227
688526.SH,20230726,23.23,23.82,22.91,23.41,12252.21,28785.02
688553.SH,20230726,14.14,14.25,14.04,14.18,12413.86,17582.947
688557.SH,20230726,34.51,34.51,33.8,34.0,2572.74,8757.964
688562.SH,20230726,26.7,26.7,26.0,26.04,19324.81,50675.758
688563.SH,20230726,61.12,61.16,59.19,59.27,65027.96,388133.849
688586.SH,20230726,12.46,12.57,12.26,12.33,35022.15,43347.779
688590.SH,20230726,23.7,23.77,22.07,22.83,103682.24,235387.725
688607.SH,20230726,19.97,20.24,19.9,20.01,3179.2,6383.759
688611.SH,20230726,39.69,39.69,38.5,38.68,1823.71,7077.258
688617.SH,20230726,363.02,374.59,363.01,370.03,1984.06,73474.437
688626.SH,20230726,49.88,51.17,49.53,50.48,7546.98,38178.307
688639.SH,20230726,92.75,92.95,89.68,91.0,10988.5,99774.445
688662.SH,20230726,46.23,46.25,44.44,44.77,28571.9,128671.866
688700.SH,20230726,71.89,71.89,65.03,65.03,119175.86,801738.599
688778.SH,20230726,46.17,46.24,45.39,45.49,20159.98,92246.902
688788.SH,20230726,38.8,38.8,37.56,37.79,3611.69,13701.885
688798.SH,20230726,69.24,71.56,68.64,70.2,6786.52,47617.19
000925.SZ,20230726,7.85,7.87,7.67,7.69,68898.0,53263.157
000926.SZ,20230726,4.87,4.98,4.83,4.86,555430.27,272154.826
000927.SZ,20230726,2.84,2.86,2.82,2.86,384163.21,109145.879
000928.SZ,20230726,9.59,9.66,9.44,9.53,184639.42,175946.186
000929.SZ,20230726,10.04,10.09,9.96,10.08,50429.01,50576.52
000930.SZ,20230726,7.5,7.52,7.46,7.5,40835.04,30589.964
000931.SZ,20230726,6.01,6.06,6.0,6.05,45974.76,27746.202
000932.SZ,20230726,5.52,5.58,5.45,5.57,633149.25,349667.565
000933.SZ,20230726,15.08,15.3,14.93,15.07,277356.2,419290.503
000935.SZ,20230726,17.86,18.23,17.67,18.07,71806.39,129391.589
000936.SZ,20230726,10.59,10.65,10.17,10.24,631689.84,652227.589
000937.SZ,20230726,6.56,6.59,6.52,6.54,122040.22,79922.067
000938.SZ,20230726,28.38,28.38,27.46,27.72,306485.51,850312.363
000948.SZ,20230726,18.1,18.1,17.77,17.8,95017.95,169944.562
000949.SZ,20230726,3.32,3.34,3.31,3.34,74477.23,24795.032
000950.SZ,20230726,6.31,6.38,6.22,6.27,177023.99,111079.761
000951.SZ,20230726,17.97,17.98,17.51,17.55,60067.66,106047.804
000952.SZ,20230726,7.95,7.95,7.82,7.83,39960.21,31440.008
000953.SZ,20230726,5.58,5.76,5.52,5.63,76334.11,42900.436
000955.SZ,20230726,4.66,4.71,4.62,4.71,35131.0,16482.651
000957.SZ,20230726,12.22,12.26,11.68,11.75,496202.66,590771.486
000958.SZ,20230726,4.44,4.46,4.41,4.45,132652.75,58952.186
000959.SZ,20230726,3.73,3.81,3.73,3.81,211035.93,79729.01
000960.SZ,20230726,16.15,16.22,15.93,15.97,127958.4,204987.566
000961.SZ,20230726,2.14,2.18,2.1,2.18,2000962.26,430150.584
000962.SZ,20230726,12.23,12.28,11.92,11.99,54031.72,64923.148
000963.SZ,20230726,45.17,45.44,44.71,44.92,44767.6,201541.755
000965.SZ,20230726,4.35,4.76,4.31,4.76,1016409.62,466928.228
000966.SZ,20230726,5.43,5.43,5.35,5.37,163907.13,88068.745
000967.SZ,20230726,5.11,5.19,5.08,5.16,86104.09,44368.923
000968.SZ,20230726,7.94,8.03,7.91,7.98,53069.65,42303.209
000969.SZ,20230726,9.38,9.38,9.15,9.2,74259.0,68480.506
000970.SZ,20230726,11.97,11.98,11.88,11.92,59866.68,71301.692
000971.SZ,20230726,1.54,1.57,1.53,1.57,45986.7,7113.726
000972.SZ,20230726,3.7,3.74,3.68,3.72,50530.0,18762.588
000973.SZ,20230726,4.63,4.65,4.59,4.63,66926.14,30952.167
000975.SZ,20230726,13.13,13.49,13.09,13.44,231508.41,308317.652
000976.SZ,20230726,2.01,2.04,1.99,2.03,105381.04,21271.71
000977.SZ,20230726,46.68,46.68,44.3,44.88,902121.23,4075644.637
000978.SZ,20230726,7.82,7.89,7.71,7.79,63145.0,49252.036
000980.SZ,20230726,4.0,4.21,3.84,3.91,4441587.59,1775770.375
000981.SZ,20230726,1.52,1.67,1.52,1.67,3260090.82,532410.107
002554.SZ,20230726,3.77,3.79,3.75,3.76,78947.05,29692.905
002555.SZ,20230726,27.0,27.0,25.9,26.15,561269.77,1475463.05
002556.SZ,20230726,7.67,7.79,7.66,7.75,69130.02,53430.337
002557.SZ,20230726,40.2,40.7,40.17,40.5,19696.64,79750.325
002558.SZ,20230726,14.72,14.72,14.1,14.22,443446.67,634520.922
002559.SZ,20230726,9.38,9.8,9.07,9.4,1115762.77,1052819.452
002560.SZ,20230726,8.59,8.75,8.52,8.57,313999.63,270604.813
002561.SZ,20230726,9.9,10.45,9.8,10.27,482540.54,488437.827
002562.SZ,20230726,4.33,4.35,4.3,4.34,46080.0,19960.557
002563.SZ,20230726,6.27,6.31,6.25,6.3,67520.61,42444.267
002564.SZ,20230726,2.81,2.88,2.78,2.82,238839.11,67573.796
002565.SZ,20230726,3.36,3.49,3.34,3.4,487787.07,165430.466
002566.SZ,20230726,8.52,8.6,8.52,8.57,26695.0,22858.238
002567.SZ,20230726,6.98,7.01,6.9,6.96,305714.54,212310.1
002568.SZ,20230726,35.18,35.65,34.86,35.24,55367.57,194883.552
002569.SZ,20230726,5.59,5.64,5.57,5.6,4339.0,2430.222
002570.SZ,20230726,4.34,4.38,4.32,4.38,158981.84,69123.558
002571.SZ,20230726,6.66,6.66,6.5,6.54,34226.02,22450.747
002572.SZ,20230726,18.03,18.16,17.72,17.82,114656.17,205530.724
002573.SZ,20230726,5.6,5.69,5.57,5.66,80857.99,45673.151
002574.SZ,20230726,6.93,6.98,6.88,6.93,43775.31,30334.215
002575.SZ,20230726,5.76,5.76,5.76,5.76,12817.0,7382.592
002576.SZ,20230726,18.2,18.22,17.75,17.82,65244.0,116714.7
002577.SZ,20230726,15.97,15.99,15.35,15.5,45220.01,70507.074
002578.SZ,20230726,3.78,3.82,3.77,3.81,55546.0,21054.456
002579.SZ,20230726,9.46,9.52,9.34,9.37,102535.76,96287.679
002580.SZ,20230726,9.42,9.42,9.25,9.28,44681.51,41575.437
002581.SZ,20230726,17.82,17.98,17.68,17.9,20172.0,36012.063
002582.SZ,20230726,8.53,8.58,8.37,8.51,118448.04,100330.116
002583.SZ,20230726,6.18,6.19,6.07,6.1,189516.08,115867.063
002584.SZ,20230726,5.43,5.49,5.4,5.47,52617.0,28688.841
002585.SZ,20230726,10.85,10.88,10.62,10.67,148864.2,159546.242
002586.SZ,20230726,2.8,2.82,2.69,2.7,73557.0,20012.815
002587.SZ,20230726,6.81,6.81,6.66,6.68,102912.5,68811.399
002588.SZ,20230726,6.32,6.43,6.31,6.36,126702.8,80623.097
002589.SZ,20230726,3.52,3.55,3.51,3.54,136012.7,48028.91
002590.SZ,20230726,11.74,11.96,11.4,11.53,306562.54,355751.747
002591.SZ,20230726,6.61,6.61,6.49,6.54,66350.0,43422.709
002592.SZ,20230726,5.05,5.07,4.95,4.99,28878.0,14447.118
002593.SZ,20230726,3.96,3.96,3.91,3.95,69795.25,27494.024
002594.SZ,20230726,263.76,263.76,260.6,262.09,65864.88,1723363.551
002595.SZ,20230726,32.32,32.58,32.01,32.18,22218.71,71527.83
300231.SZ,20230726,10.02,10.09,9.52,9.66,516408.5,500482.418
300232.SZ,20230726,8.16,8.17,7.94,7.97,123230.25,98710.549
300233.SZ,20230726,19.98,20.68,19.81,20.17,112762.39,228688.789
300234.SZ,20230726,5.75,5.83,5.68,5.75,88791.76,51169.566
300235.SZ,20230726,11.41,11.48,11.15,11.17,48248.5,54289.795
300236.SZ,20230726,38.43,38.43,37.9,37.99,13391.4,50964.015
300237.SZ,20230726,2.07,2.21,2.06,2.21,1174259.38,254294.508
300238.SZ,20230726,14.23,14.45,14.12,14.15,41751.0,59557.408
300239.SZ,20230726,6.66,6.7,6.64,6.68,52041.0,34675.62
300240.SZ,20230726,6.49,6.57,6.44,6.56,59411.0,38688.593
300241.SZ,20230726,5.15,5.16,5.07,5.1,51619.71,26303.227
300242.SZ,20230726,3.44,3.44,3.36,3.38,110407.0,37346.033
300243.SZ,20230726,9.8,9.9,9.72,9.85,27849.4,27379.055
300244.SZ,20230726,24.3,24.49,24.09,24.25,19946.16,48430.692
300245.SZ,20230726,9.25,9.29,9.0,9.04,53975.0,48974.65
300246.SZ,20230726,12.27,12.44,12.2,12.35,62852.99,77421.948
300247.SZ,20230726,3.42,3.42,3.38,3.41,86918.0,29506.087
300248.SZ,20230726,9.5,9.5,9.25,9.28,75291.54,70199.92
300249.SZ,20230726,9.25,9.25,9.03,9.05,112346.99,102291.555
300250.SZ,20230726,16.0,16.14,15.65,15.72,70330.0,111030.35
300251.SZ,20230726,8.22,8.22,8.0,8.05,324110.04,261334.98
300252.SZ,20230726,9.48,9.48,9.24,9.28,87871.0,81820.663
300253.SZ,20230726,7.67,7.7,7.56,7.58,319615.98,243258.953
300254.SZ,20230726,7.68,7.87,7.55,7.73,89749.0,69287.81
300255.SZ,20230726,4.97,4.99,4.94,4.97,32010.18,15900.049
300256.SZ,20230726,3.19,3.2,3.14,3.16,136417.6,43171.601
300257.SZ,20230726,14.45,14.58,14.26,14.35,15603.17,22474.481
300258.SZ,20230726,12.87,12.98,12.5,12.6,80395.0,101487.713
300259.SZ,20230726,3.89,3.9,3.83,3.84,64484.6,24909.361
300260.SZ,20230726,30.33,31.45,30.1,30.16,64203.98,197097.377
300261.SZ,20230726,9.04,9.17,9.0,9.04,97887.1,88761.213
300262.SZ,20230726,2.82,2.93,2.8,2.93,355765.56,103008.118
300263.SZ,20230726,8.0,8.01,7.92,7.96,82564.52,65678.837
300264.SZ,20230726,6.53,6.53,6.36,6.38,111548.02,71672.747
300265.SZ,20230726,9.66,9.75,9.43,9.52,38704.0,36813.116
300266.SZ,20230726,3.04,3.15,3.02,3.14,199416.07,62021.845
300267.SZ,20230726,3.26,3.27,3.25,3.27,107465.0,35040.75
300268.SZ,20230726,18.29,18.5,17.75,18.43,8740.0,15872.741
300269.SZ,20230726,3.51,3.53,3.45,3.47,89268.69,31000.62
300270.SZ,20230726,7.98,8.0,7.74,7.77,120173.61,93912.908
300271.SZ,20230726,10.1,10.11,9.69,9.73,149808.09,147129.969
300272.SZ,20230726,5.58,5.66,5.56,5.6,52314.48,29362.39
300935.SZ,20230726,30.85,31.88,30.1,31.06,27528.29,85259.578
300936.SZ,20230726,36.5,36.5,34.8,35.04,29714.68,104716.321
300937.SZ,20230726,34.86,35.0,33.93,34.1,36740.05,126126.403
300938.SZ,20230726,41.35,43.02,41.35,42.59,9585.64,40884.778
300939.SZ,20230726,36.91,36.91,35.36,35.47,65803.26,236187.87
300940.SZ,20230726,17.29,17.42,17.08,17.14,13587.2,23337.974
300941.SZ,20230726,21.22,21.27,20.72,20.85,19115.39,39970.59
300942.SZ,20230726,12.81,12.98,12.75,12.92,22138.95,28576.893
300943.SZ,20230726,15.31,15.41,14.98,15.02,24412.97,36945.805
300945.SZ,20230726,16.23,16.27,15.6,16.07,98887.23,157199.525
300946.SZ,20230726,35.45,35.65,34.79,34.99,11109.7,38936.765
300947.SZ,20230726,18.6,18.99,17.74,17.8,264474.4,485062.3
300948.SZ,20230726,15.72,16.23,15.61,16.02,46968.31,75350.327
300949.SZ,20230726,43.5,48.15,43.1,47.42,67382.07,311267.773
300950.SZ,20230726,21.03,21.07,20.66,20.8,16540.0,34464.198
300951.SZ,20230726,51.05,51.82,50.26,50.35,5501.14,27908.388
300952.SZ,20230726,22.09,22.47,21.91,22.37,7438.0,16565.295
300953.SZ,20230726,70.88,71.65,70.1,70.18,4089.0,28809.671
300955.SZ,20230726,22.32,22.5,21.71,22.1,12860.32,28411.691
300956.SZ,20230726,15.89,16.09,15.74,15.92,13413.0,21364.497
300957.SZ,20230726,96.0,99.47,95.46,97.0,48493.05,474006.248
300958.SZ,20230726,18.38,19.44,18.3,19.16,83560.74,160203.44
300959.SZ,20230726,36.45,37.0,36.11,36.3,9807.0,35825.641
300960.SZ,20230726,21.19,21.52,20.8,21.25,13494.83,28519.268
300961.SZ,20230726,11.29,11.64,11.23,11.55,65184.4,75127.981
300962.SZ,20230726,17.77,18.24,17.65,18.06,23070.41,41629.652
300963.SZ,20230726,13.73,13.73,13.34,13.43,29272.15,39415.432
300964.SZ,20230726,45.82,45.89,44.61,44.99,22860.49,103231.519
300965.SZ,20230726,47.62,47.78,47.05,47.25,3388.91,16010.903
300966.SZ,20230726,22.68,22.88,22.54,22.88,7431.0,16935.649
300967.SZ,20230726,15.5,15.84,15.5,15.78,18294.06,28758.086
300968.SZ,20230726,8.68,8.68,8.52,8.57,19377.0,16596.857
300969.SZ,20230726,78.9,79.01,74.8,75.45,11739.09,89424.771
300970.SZ,20230726,22.69,22.87,22.37,22.59,25706.23,58123.154
300971.SZ,20230726,25.54,25.54,24.97,25.18,10724.23,27017.073
300972.SZ,20230726,41.61,41.61,36.38,38.84,64363.1,249559.721
300973.SZ,20230726,64.0,64.93,63.25,64.66,13123.47,84331.687
300975.SZ,20230726,8.04,8.08,7.77,7.84,264499.35,208497.035
300976.SZ,20230726,49.52,50.02,48.84,48.98,3362.6,16555.391
300977.SZ,20230726,22.22,25.5,22.01,23.55,196257.53,470662.858
300978.SZ,20230726,12.8,12.8,12.27,12.39,44575.8,55613.348
300979.SZ,20230726,54.23,54.78,52.7,53.15,14502.86,77292.11
600338.SH,20230726,18.0,18.22,17.9,17.98,84052.0,151556.508
600339.SH,20230726,4.06,4.07,3.98,3.99,288556.03,115775.34
600340.SH,20230726,2.45,2.68,2.45,2.68,3467433.82,912441.088
600343.SH,20230726,10.77,10.88,10.6,10.64,72393.88,77679.233
600345.SH,20230726,20.45,20.5,20.05,20.13,17669.0,35607.266
600346.SH,20230726,14.88,15.09,14.87,14.99,108838.84,163131.097
600348.SH,20230726,8.17,8.2,8.07,8.1,175222.38,142378.266
600350.SH,20230726,6.49,6.53,6.46,6.52,84413.25,54816.588
600351.SH,20230726,6.99,7.0,6.94,6.94,87406.0,60813.478
600352.SH,20230726,9.51,9.58,9.48,9.57,116925.0,111624.736
600353.SH,20230726,7.93,7.93,7.51,7.58,142779.2,109233.264
600354.SH,20230726,6.82,6.86,6.75,6.86,117363.1,79967.905
600355.SH,20230726,3.51,3.52,3.4,3.45,395180.02,135926.28
600356.SH,20230726,8.16,8.18,8.07,8.17,22771.0,18525.599
600358.SH,20230726,5.38,5.43,5.32,5.35,39441.83,21142.653
600359.SH,20230726,7.93,7.99,7.91,7.98,31888.57,25365.956
600360.SH,20230726,7.01,7.01,6.93,6.95,73273.5,50931.102
600361.SH,20230726,5.18,5.19,5.08,5.17,54204.0,27866.487
600362.SH,20230726,19.44,19.63,19.34,19.46,96248.92,187397.064
600363.SH,20230726,35.17,35.66,34.43,35.29,62128.04,217689.774
600365.SH,20230726,3.46,3.47,3.41,3.47,17428.2,5991.761
600366.SH,20230726,7.96,7.96,7.86,7.91,62595.09,49462.585
600367.SH,20230726,14.4,14.45,14.11,14.23,48706.69,69689.374
600368.SH,20230726,3.86,3.88,3.85,3.87,80333.81,31037.044
600369.SH,20230726,3.94,3.98,3.91,3.97,850950.81,336177.642
600370.SH,20230726,2.76,2.8,2.75,2.79,91308.95,25378.535
600371.SH,20230726,11.82,11.95,11.8,11.95,28009.4,33279.88
600372.SH,20230726,15.23,15.23,15.1,15.17,156176.4,236671.003
600373.SH,20230726,12.82,12.85,12.36,12.47,149768.38,187890.026
600375.SH,20230726,7.48,7.48,7.26,7.29,63832.32,46761.178
600376.SH,20230726,4.23,4.33,4.21,4.28,405944.74,173445.469
600377.SH,20230726,9.12,9.25,9.09,9.24,123763.07,113691.326
600378.SH,20230726,36.6,37.3,36.52,36.78,10387.79,38270.24
600379.SH,20230726,10.43,10.43,10.25,10.3,30703.0,31686.171
600380.SH,20230726,12.51,12.77,12.45,12.7,121086.84,153375.339
600381.SH,20230726,8.2,8.23,8.13,8.18,50461.07,41251.835
600382.SH,20230726,4.69,4.7,4.65,4.69,55312.68,25882.618
600383.SH,20230726,7.73,7.85,7.52,7.75,2928701.16,2257893.81
600386.SH,20230726,4.39,4.39,4.29,4.31,101747.26,44006.086
600387.SH,20230726,5.31,5.33,5.28,5.3,22232.33,11774.29
600388.SH,20230726,18.43,18.6,18.22,18.29,47326.0,86966.051
600389.SH,20230726,25.8,26.5,25.65,26.1,64163.43,167418.958
601872.SH,20230726,6.39,6.48,6.35,6.39,167993.79,107507.417
601877.SH,20230726,27.61,27.91,27.6,27.75,91648.7,254586.27
601878.SH,20230726,10.35,10.43,10.25,10.39,348685.92,360703.593
601880.SH,20230726,1.61,1.64,1.6,1.64,1170875.0,189848.241
601888.SH,20230726,118.22,118.9,117.22,118.3,150788.38,1781658.732
601890.SH,20230726,10.78,10.87,10.36,10.44,234723.01,247722.372
601898.SH,20230726,8.49,8.51,8.38,8.43,183833.25,155253.59
601899.SH,20230726,12.96,13.08,12.88,13.07,894495.27,1161974.129
601900.SH,20230726,21.89,21.9,21.0,21.06,420207.42,897118.746
601901.SH,20230726,6.9,6.93,6.83,6.9,271338.03,186776.503
601908.SH,20230726,5.47,5.48,5.4,5.43,124897.0,67933.489
601916.SH,20230726,2.66,2.67,2.63,2.65,1269693.52,336433.19
601918.SH,20230726,4.38,4.41,4.36,4.38,106805.61,46789.638
601919.SH,20230726,9.9,9.94,9.85,9.88,314028.99,310289.894
601921.SH,20230726,8.45,8.47,8.23,8.27,139750.0,116072.017
601929.SH,20230726,1.95,2.0,1.92,1.98,921253.98,180417.864
601939.SH,20230726,5.98,5.98,5.93,5.94,471241.84,280198.904
601949.SH,20230726,11.8,12.29,11.6,11.82,644652.66,769424.544
601952.SH,20230726,12.23,12.29,12.13,12.28,49694.81,60774.661
601956.SH,20230726,5.88,5.91,5.85,5.88,38813.0,22832.253
601963.SH,20230726,8.1,8.18,8.07,8.14,29943.67,24361.543
601965.SH,20230726,22.86,23.1,22.3,22.75,35667.02,80641.233
601966.SH,20230726,24.19,24.7,23.54,23.66,198959.0,476195.378
601968.SH,20230726,7.1,7.12,7.04,7.07,29064.76,20580.697
601969.SH,20230726,6.86,6.9,6.83,6.88,51607.53,35443.499
601975.SH,20230726,3.19,3.19,3.15,3.17,648354.05,205265.036
601985.SH,20230726,7.06,7.2,7.03,7.17,698764.55,497395.132
601988.SH,20230726,3.81,3.85,3.77,3.79,1193718.92,452829.304
601989.SH,20230726,4.56,4.59,4.49,4.52,724019.57,328044.741
601990.SH,20230726,8.39,8.44,8.3,8.4,204906.85,171496.479
601991.SH,20230726,3.08,3.08,3.04,3.05,590746.35,180225.965
601995.SH,20230726,37.68,37.8,37.12,37.5,145056.99,543673.62
601996.SH,20230726,2.58,2.73,2.58,2.63,371131.91,98364.695
601997.SH,20230726,5.36,5.38,5.35,5.38,152353.29,81756.487
601998.SH,20230726,5.87,5.93,5.73,5.78,365646.58,211670.351
601999.SH,20230726,6.93,6.95,6.8,6.85,69307.0,47482.553
603000.SH,20230726,30.26,30.3,28.37,28.59,729835.93,2122244.676
603001.SH,20230726,5.64,5.69,5.62,5.67,21582.0,12201.928
603003.SH,20230726,9.04,9.09,8.93,8.97,29667.75,26634.518
603005.SH,20230726,23.92,24.12,23.27,23.36,364406.1,858867.166
603006.SH,20230726,11.28,11.47,11.15,11.18,27228.0,30645.55
603007.SH,20230726,4.51,4.53,4.38,4.41,24121.0,10740.111
688048.SH,20230726,81.3,81.3,77.02,77.61,32213.31,252654.276
688049.SH,20230726,32.95,33.17,32.33,32.4,15008.23,49055.348
688050.SH,20230726,186.02,187.88,183.1,185.07,6720.18,124616.021
688051.SH,20230726,33.54,34.69,32.43,32.57,4224.45,13862.232
688052.SH,20230726,144.51,145.8,143.08,144.5,9650.7,139041.523
688053.SH,20230726,59.12,59.44,58.01,58.89,5962.82,35139.031
688055.SH,20230726,4.21,4.21,4.15,4.18,20128.16,8406.185
688056.SH,20230726,39.77,39.77,38.97,39.15,2549.49,10019.06
688057.SH,20230726,15.73,15.96,15.67,15.72,10058.96,15867.357
688058.SH,20230726,50.98,50.98,49.11,49.55,2587.39,12815.216
688060.SH,20230726,49.89,49.89,48.72,48.94,1734.81,8509.573
688061.SH,20230726,49.35,49.45,47.5,47.6,7036.99,33964.503
688062.SH,20230726,21.49,22.48,21.37,22.27,27194.83,60273.492
688065.SH,20230726,62.86,63.14,61.53,61.87,7248.79,45033.654
688066.SH,20230726,67.9,68.3,66.0,66.72,22263.53,148363.174
688067.SH,20230726,22.49,22.73,22.34,22.58,5237.68,11825.811
688069.SH,20230726,20.4,21.51,20.32,21.2,5269.44,11151.665
688070.SH,20230726,42.0,42.27,41.2,41.94,1936.72,8093.264
688071.SH,20230726,53.95,54.47,51.3,51.75,12774.48,67165.52
688072.SH,20230726,312.45,334.98,310.84,322.09,26437.08,864546.489
688073.SH,20230726,61.14,65.8,60.18,64.12,17238.77,108914.097
688075.SH,20230726,41.26,41.68,41.01,41.33,5150.31,21366.878
688076.SH,20230726,33.87,34.2,32.7,32.82,21477.41,71393.814
688077.SH,20230726,26.6,26.84,26.21,26.37,10700.0,28308.802
688078.SH,20230726,48.77,48.86,47.28,47.48,4664.71,22299.829
688079.SH,20230726,10.55,10.66,10.34,10.39,31107.04,32350.805
688081.SH,20230726,16.12,16.35,15.97,16.01,9467.32,15281.283
688083.SH,20230726,146.13,150.97,145.52,149.1,4406.55,65389.576
688085.SH,20230726,23.23,24.09,23.11,23.5,14148.95,33463.668
688090.SH,20230726,31.48,31.48,30.78,31.15,6208.75,19264.969
688091.SH,20230726,73.4,74.29,73.11,73.32,5116.21,37659.93
688093.SH,20230726,19.98,20.08,19.57,19.71,5618.33,11140.184
688095.SH,20230726,127.0,128.0,120.86,121.99,23385.8,290078.914
688096.SH,20230726,9.88,10.29,9.88,10.15,31535.67,31840.279
688097.SH,20230726,27.6,27.61,26.75,26.97,28897.95,77880.629
688098.SH,20230726,7.7,7.71,7.63,7.66,12404.84,9519.574
688099.SH,20230726,94.33,95.5,93.9,94.55,11321.0,107276.579
688100.SH,20230726,27.94,28.2,27.58,27.83,14795.26,41248.16
688101.SH,20230726,13.76,14.05,13.74,13.96,15279.42,21287.79
688102.SH,20230726,11.85,11.99,11.61,11.8,24622.08,29011.544
688103.SH,20230726,62.3,63.16,61.0,62.2,8279.36,51539.361
688105.SH,20230726,29.93,30.58,29.66,30.41,15115.74,45795.763
000982.SZ,20230726,1.64,1.79,1.63,1.73,3158580.95,551524.367
000983.SZ,20230726,8.97,8.99,8.89,8.96,218797.82,195533.602
000985.SZ,20230726,16.38,16.6,16.3,16.46,12821.0,21082.094
000987.SZ,20230726,6.82,6.83,6.7,6.78,207136.93,139856.338
000988.SZ,20230726,39.0,39.0,36.58,38.0,770136.36,2903613.418
000989.SZ,20230726,12.74,12.85,12.55,12.57,85307.92,108283.615
000990.SZ,20230726,8.1,8.15,8.06,8.14,37176.27,30201.384
000993.SZ,20230726,11.45,11.45,11.22,11.34,94717.31,106997.302
000995.SZ,20230726,16.7,16.79,16.61,16.73,6414.01,10715.233
000996.SZ,20230726,4.48,4.49,4.41,4.44,56944.03,25317.569
000997.SZ,20230726,18.79,18.87,18.17,18.24,93349.33,171299.062
000998.SZ,20230726,15.73,16.06,15.69,16.0,166446.52,264045.466
000999.SZ,20230726,52.48,52.86,51.77,52.1,50974.36,266665.001
001201.SZ,20230726,24.31,24.92,24.31,24.74,9886.02,24412.688
001202.SZ,20230726,15.59,16.12,15.59,15.99,16360.0,26044.914
001203.SZ,20230726,10.93,11.07,10.9,11.07,36538.93,40166.934
001205.SZ,20230726,21.88,21.91,21.55,21.58,7644.0,16584.39
001206.SZ,20230726,15.08,15.26,15.06,15.24,7967.12,12098.501
001207.SZ,20230726,16.73,16.9,16.36,16.4,22451.6,37019.668
001208.SZ,20230726,9.47,9.52,9.42,9.46,13304.54,12561.314
001209.SZ,20230726,16.78,17.21,16.68,17.19,26176.6,44631.042
001210.SZ,20230726,24.49,24.87,24.04,24.16,57191.8,139369.891
001211.SZ,20230726,22.48,22.73,22.25,22.67,8235.0,18601.997
001212.SZ,20230726,26.24,26.98,26.2,26.88,20903.6,55922.167
001213.SZ,20230726,4.5,4.51,4.47,4.5,116924.0,52510.949
001215.SZ,20230726,67.49,68.3,66.91,68.14,4384.29,29736.207
001216.SZ,20230726,13.6,13.72,13.54,13.57,10480.0,14269.168
001217.SZ,20230726,12.01,12.24,11.95,12.16,18157.0,21993.469
001218.SZ,20230726,23.31,23.64,23.16,23.62,9014.0,21179.967
001219.SZ,20230726,19.02,19.07,18.8,18.92,20920.49,39588.485
001222.SZ,20230726,15.56,16.08,15.55,15.82,32049.04,50874.482
001223.SZ,20230726,83.16,88.8,82.2,88.7,15937.48,138376.663
001225.SZ,20230726,44.69,44.79,44.52,44.62,1814.12,8096.279
001226.SZ,20230726,30.94,31.87,30.67,31.37,28812.0,90305.535
001227.SZ,20230726,2.86,2.87,2.84,2.87,713677.2,203529.256
001228.SZ,20230726,41.2,41.7,40.69,40.74,9902.0,40627.505
001229.SZ,20230726,31.56,31.56,30.7,30.76,6779.47,20954.578
001230.SZ,20230726,25.23,25.88,25.22,25.74,16113.65,41466.793
001231.SZ,20230726,21.4,21.67,21.33,21.55,11843.0,25496.871
001234.SZ,20230726,26.06,27.52,26.02,27.0,26015.9,70065.875
001236.SZ,20230726,15.08,15.15,14.56,14.69,109716.27,162304.045
001238.SZ,20230726,23.6,23.85,23.4,23.55,14608.0,34540.021
002596.SZ,20230726,2.96,3.29,2.96,3.29,1445002.86,464358.966
002597.SZ,20230726,23.79,24.19,23.7,24.14,38238.31,91731.802
002598.SZ,20230726,11.35,11.35,11.07,11.11,38282.27,42622.448
002599.SZ,20230726,7.78,7.8,7.28,7.31,374742.4,278955.232
002600.SZ,20230726,6.73,6.73,6.23,6.26,1241711.55,788215.008
002601.SZ,20230726,18.5,18.86,18.33,18.64,282566.1,525212.703
002602.SZ,20230726,5.56,5.56,5.26,5.3,2582803.66,1383537.433
002603.SZ,20230726,24.73,24.78,24.56,24.64,99655.82,245841.482
002605.SZ,20230726,32.8,32.86,31.59,31.85,82905.71,265720.994
002606.SZ,20230726,8.89,8.92,8.85,8.88,25435.82,22563.199
002607.SZ,20230726,4.6,4.6,4.55,4.56,768816.22,350967.034
002608.SZ,20230726,7.12,7.14,7.0,7.07,89807.93,63416.762
002609.SZ,20230726,10.69,10.72,10.41,10.42,30711.0,32206.094
002610.SZ,20230726,2.48,2.49,2.45,2.46,431583.0,106383.189
002611.SZ,20230726,5.63,5.64,5.38,5.4,269903.89,147099.8
002612.SZ,20230726,23.09,23.37,22.88,23.19,49193.14,113702.563
002613.SZ,20230726,4.77,4.86,4.75,4.85,231360.3,111479.69
002614.SZ,20230726,8.24,8.24,8.12,8.15,62070.0,50663.407
002615.SZ,20230726,7.08,7.15,6.96,7.06,60230.13,42559.826
002616.SZ,20230726,5.94,5.97,5.87,5.89,156002.78,92317.296
002617.SZ,20230726,7.5,7.51,7.37,7.39,264960.66,196591.701
002620.SZ,20230726,5.64,5.89,5.55,5.64,198687.63,112416.672
002621.SZ,20230726,3.85,3.89,3.83,3.87,95085.54,36685.287
002622.SZ,20230726,3.21,3.33,3.21,3.31,198889.19,65404.082
002623.SZ,20230726,27.19,27.77,27.01,27.25,20089.64,55127.646
002624.SZ,20230726,15.15,15.15,14.59,14.63,466015.05,688379.982
002625.SZ,20230726,14.82,14.91,14.77,14.81,51996.76,77101.119
002626.SZ,20230726,19.12,19.32,19.08,19.23,34774.5,66811.643
002627.SZ,20230726,5.54,5.59,5.53,5.58,43653.53,24282.263
002628.SZ,20230726,3.44,3.49,3.43,3.48,112396.22,39047.314
002629.SZ,20230726,3.9,3.99,3.88,3.97,78427.0,30931.847
002630.SZ,20230726,2.54,2.61,2.53,2.59,497769.43,128342.373
002631.SZ,20230726,5.68,5.69,5.61,5.66,34992.0,19772.072
002632.SZ,20230726,7.19,7.19,6.95,6.98,60945.0,42751.756
002633.SZ,20230726,10.61,10.71,10.47,10.6,12512.0,13222.189
002634.SZ,20230726,8.42,8.43,8.23,8.25,28515.0,23729.578
002635.SZ,20230726,13.7,13.7,13.46,13.49,43891.12,59348.869
002636.SZ,20230726,9.71,9.72,9.52,9.56,56180.69,53850.913
002637.SZ,20230726,11.19,11.34,11.12,11.32,12992.0,14645.018
002638.SZ,20230726,3.35,3.35,3.26,3.27,198074.0,65035.831
002639.SZ,20230726,8.03,8.04,7.92,7.95,82923.35,66064.976
002640.SZ,20230726,3.86,3.88,3.77,3.81,864402.8,329200.505
300274.SZ,20230726,107.5,110.52,107.4,109.38,116485.66,1275264.286
300275.SZ,20230726,16.07,16.15,15.34,15.9,129484.6,203284.916
300276.SZ,20230726,3.85,3.85,3.7,3.74,186774.08,69956.577
300277.SZ,20230726,7.97,8.02,7.81,7.84,31527.56,24780.938
300278.SZ,20230726,4.12,4.13,4.03,4.05,176587.35,71829.359
300279.SZ,20230726,5.65,5.65,5.55,5.58,50076.91,28008.355
300280.SZ,20230726,37.8,37.84,35.62,35.95,64525.75,234606.153
300281.SZ,20230726,5.58,5.66,5.54,5.57,37170.33,20802.169
300282.SZ,20230726,3.07,3.07,2.94,2.97,80540.56,24053.53
300283.SZ,20230726,6.05,6.08,5.98,6.0,69977.5,42056.36
300284.SZ,20230726,6.32,6.9,6.3,6.59,597586.28,395057.719
300285.SZ,20230726,29.61,30.25,29.55,30.14,24750.08,74368.81
300286.SZ,20230726,31.97,32.0,31.02,31.15,21021.5,66107.875
300287.SZ,20230726,4.06,4.08,3.98,3.99,339679.66,135983.891
300288.SZ,20230726,18.27,18.36,17.66,17.73,105168.0,188366.438
300289.SZ,20230726,5.83,5.84,5.78,5.81,23693.0,13755.888
300290.SZ,20230726,4.66,4.69,4.58,4.61,99026.0,45743.584
300291.SZ,20230726,7.05,7.05,6.73,6.83,184013.57,125893.582
300292.SZ,20230726,3.74,3.74,3.66,3.68,169592.0,62524.492
300293.SZ,20230726,10.75,10.79,10.38,10.4,34135.0,35815.759
300294.SZ,20230726,33.88,34.1,33.65,33.81,20613.0,69821.66
300295.SZ,20230726,13.2,14.5,13.13,13.76,272906.57,374476.92
300296.SZ,20230726,6.51,6.52,6.42,6.44,124957.07,80728.256
300297.SZ,20230726,0.22,0.22,0.21,0.21,277605.01,5911.201
300298.SZ,20230726,23.65,24.31,23.56,23.97,36315.33,87113.009
300299.SZ,20230726,7.05,7.06,6.85,6.87,204952.79,141841.982
300300.SZ,20230726,4.19,4.26,4.14,4.21,125114.69,52606.505
300301.SZ,20230726,1.69,1.71,1.68,1.7,61767.34,10462.167
300302.SZ,20230726,15.13,15.32,14.6,14.65,312369.93,465594.488
300303.SZ,20230726,5.57,5.58,5.46,5.47,239999.21,131885.536
300304.SZ,20230726,5.51,5.52,5.27,5.31,277028.38,148835.403
300305.SZ,20230726,11.06,11.2,11.01,11.03,18969.0,21093.501
300306.SZ,20230726,11.87,11.88,11.54,11.58,27006.0,31463.207
300307.SZ,20230726,8.87,9.72,8.74,9.31,1186561.26,1093455.109
300308.SZ,20230726,134.42,135.58,127.03,129.04,400397.17,5222877.718
300310.SZ,20230726,4.3,4.3,4.19,4.21,160400.8,67784.005
300311.SZ,20230726,6.0,6.03,5.91,5.93,80978.75,48039.967
300313.SZ,20230726,5.16,5.45,5.16,5.35,70414.0,37315.349
300314.SZ,20230726,18.5,18.92,18.34,18.69,20707.0,38728.612
300315.SZ,20230726,5.8,5.81,5.47,5.52,2024918.74,1129133.385
300316.SZ,20230726,62.72,63.38,62.3,63.0,56388.47,354451.83
300317.SZ,20230726,5.56,5.56,5.46,5.49,152495.38,83832.572
300980.SZ,20230726,19.67,20.2,19.67,19.85,10127.99,20158.564
300981.SZ,20230726,15.33,15.51,15.25,15.44,19682.52,30304.929
300982.SZ,20230726,48.7,48.88,47.43,47.8,31057.19,148694.781
300983.SZ,20230726,33.9,41.09,33.9,39.1,95556.59,368290.28
300984.SZ,20230726,26.46,26.49,25.78,25.92,5733.0,14896.935
300985.SZ,20230726,24.98,25.0,24.2,24.35,18215.51,44557.321
300986.SZ,20230726,19.17,19.47,18.83,19.36,25968.63,49858.349
300987.SZ,20230726,19.04,19.12,18.53,18.6,32887.4,61500.346
300988.SZ,20230726,20.63,20.63,20.23,20.39,9125.79,18587.003
300989.SZ,20230726,26.18,31.31,26.05,30.65,243471.2,701612.866
300990.SZ,20230726,46.37,46.37,45.75,46.18,4092.04,18812.587
300991.SZ,20230726,16.4,16.4,15.47,15.63,67651.67,106076.076
300992.SZ,20230726,20.53,20.9,20.41,20.72,12341.0,25555.105
300993.SZ,20230726,11.3,11.39,11.15,11.18,25480.88,28611.159
300994.SZ,20230726,16.1,16.14,15.96,16.05,13121.2,21055.192
300995.SZ,20230726,21.42,22.02,21.21,21.73,15182.18,32948.696
300996.SZ,20230726,27.5,27.61,26.73,26.81,21249.33,57576.441
300997.SZ,20230726,14.3,14.32,13.92,14.2,35669.0,50452.665
300998.SZ,20230726,31.44,31.44,29.9,31.02,21411.0,65737.945
300999.SZ,20230726,40.7,41.11,40.58,41.1,67675.91,276982.106
301000.SZ,20230726,17.82,17.82,17.27,17.32,17844.4,31131.241
301001.SZ,20230726,27.88,28.35,27.3,27.88,21689.28,60335.699
301002.SZ,20230726,21.09,21.16,20.79,20.85,7690.41,16121.523
301003.SZ,20230726,24.25,24.63,24.2,24.32,10599.68,25802.824
301004.SZ,20230726,36.98,37.04,36.0,36.59,10307.0,37535.879
301005.SZ,20230726,27.7,27.7,27.04,27.5,7514.57,20493.981
301006.SZ,20230726,21.9,22.08,21.51,21.71,10189.0,22205.544
301007.SZ,20230726,16.7,16.7,16.01,16.08,172056.28,279619.615
301008.SZ,20230726,28.47,29.43,28.3,28.93,9530.28,27617.079
301009.SZ,20230726,12.36,12.57,12.31,12.52,53533.0,66620.553
301010.SZ,20230726,20.86,21.57,20.86,21.16,30643.0,65008.897
301011.SZ,20230726,22.33,22.41,21.78,21.87,11358.29,25014.134
301012.SZ,20230726,27.28,27.32,26.41,26.83,48217.11,129089.582
301013.SZ,20230726,12.86,13.1,12.48,12.69,76154.22,96642.149
301015.SZ,20230726,26.5,26.6,25.81,26.03,21053.27,54945.559
301016.SZ,20230726,22.27,22.27,21.73,21.81,23510.51,51659.25
301017.SZ,20230726,19.09,19.43,19.03,19.31,12702.42,24494.561
301018.SZ,20230726,31.66,31.82,31.02,31.1,19229.82,60064.552
301019.SZ,20230726,21.59,21.96,21.59,21.95,6358.0,13893.673
301020.SZ,20230726,21.62,21.74,21.13,21.19,19079.0,40734.31
301021.SZ,20230726,26.86,26.87,24.92,24.99,56946.42,145644.46
301022.SZ,20230726,26.22,26.54,25.71,25.97,11810.3,30724.893
600390.SH,20230726,5.77,5.8,5.67,5.73,419343.47,239967.514
600391.SH,20230726,22.84,22.84,22.31,22.58,67660.85,152569.708
600392.SH,20230726,12.45,12.48,12.36,12.42,65259.53,80986.184
600395.SH,20230726,7.08,7.13,7.08,7.12,84715.47,60198.128
600396.SH,20230726,2.44,2.47,2.41,2.43,61189.0,14896.28
600397.SH,20230726,3.08,3.14,3.08,3.13,121447.0,37759.906
600398.SH,20230726,7.25,7.34,7.23,7.32,111025.57,81035.512
600399.SH,20230726,10.07,10.15,9.98,10.12,181647.45,183234.25
600400.SH,20230726,3.3,3.33,3.25,3.32,119541.83,39370.033
600403.SH,20230726,4.24,4.28,4.23,4.28,52222.78,22241.926
600405.SH,20230726,5.7,5.71,5.65,5.66,47664.42,27049.675
600406.SH,20230726,23.62,23.95,23.53,23.92,193286.37,458916.951
600408.SH,20230726,2.38,2.49,2.38,2.46,190729.02,46755.861
600409.SH,20230726,6.0,6.1,5.98,6.0,490905.42,296648.409
600410.SH,20230726,7.2,7.21,7.07,7.11,165921.84,118006.091
600415.SH,20230726,8.29,8.32,8.05,8.12,1012493.51,824102.243
600416.SH,20230726,17.99,17.99,17.6,17.67,62825.55,111310.553
600418.SH,20230726,14.08,14.08,13.36,13.4,717491.28,977794.771
600419.SH,20230726,16.35,16.53,16.23,16.46,44862.79,73409.414
600420.SH,20230726,10.95,11.02,10.89,10.94,55837.95,61149.444
600421.SH,20230726,10.32,10.54,10.17,10.42,18460.0,19090.647
600422.SH,20230726,18.69,19.83,18.58,19.31,163160.53,315767.764
600423.SH,20230726,3.42,3.49,3.38,3.47,61482.01,21228.42
600425.SH,20230726,4.47,4.65,4.47,4.57,377477.24,172827.977
600426.SH,20230726,33.71,34.28,33.35,33.88,96218.36,326693.297
600428.SH,20230726,6.51,6.54,6.4,6.44,170383.07,109712.502
600429.SH,20230726,5.16,5.19,5.13,5.18,53545.0,27640.256
600433.SH,20230726,3.43,3.46,3.42,3.46,81900.73,28208.334
600435.SH,20230726,10.92,10.92,10.67,10.68,110564.13,119201.634
600436.SH,20230726,279.99,283.4,277.19,281.82,16680.9,467945.404
600438.SH,20230726,34.22,34.92,34.14,34.39,232579.74,803915.304
600439.SH,20230726,2.61,2.63,2.6,2.62,67988.49,17767.799
600444.SH,20230726,13.71,14.06,13.7,13.83,14878.0,20563.869
600446.SH,20230726,13.3,13.33,12.85,12.93,335355.75,434689.237
600448.SH,20230726,3.08,3.12,3.07,3.11,89598.98,27742.454
600449.SH,20230726,16.8,17.08,16.45,16.58,138992.28,232863.875
600452.SH,20230726,18.45,18.57,18.15,18.2,62760.72,114703.996
600455.SH,20230726,23.41,23.47,23.3,23.44,6266.0,14673.029
600456.SH,20230726,34.1,34.1,33.55,33.82,18813.86,63573.547
600458.SH,20230726,11.24,11.25,10.91,10.93,63654.12,70213.497
600459.SH,20230726,15.45,15.45,15.2,15.31,31147.88,47669.879
600460.SH,20230726,30.38,30.38,30.0,30.14,68845.4,207624.642
603008.SH,20230726,25.84,26.0,25.43,25.67,54823.57,140768.784
603009.SH,20230726,7.34,7.37,7.18,7.21,67685.0,49026.85
603011.SH,20230726,6.95,6.97,6.79,6.82,57148.63,39174.477
603012.SH,20230726,6.12,6.13,6.03,6.05,57680.96,35055.468
603013.SH,20230726,15.75,15.9,15.15,15.19,46713.0,72231.633
603015.SH,20230726,9.61,9.64,9.34,9.38,50251.0,47299.587
603016.SH,20230726,22.27,22.27,21.89,21.91,6867.0,15115.006
603017.SH,20230726,11.86,12.16,11.72,11.93,138864.36,166006.307
603019.SH,20230726,46.18,46.18,44.7,45.17,351627.25,1589862.261
603020.SH,20230726,9.38,9.49,9.37,9.49,22623.0,21373.793
603021.SH,20230726,5.42,5.48,5.39,5.46,25581.8,13916.324
603022.SH,20230726,10.03,10.12,10.0,10.07,10476.5,10529.514
603023.SH,20230726,5.12,5.54,5.05,5.54,1137122.64,614122.798
603025.SH,20230726,12.69,12.7,12.52,12.58,21065.99,26528.861
603026.SH,20230726,59.0,60.28,58.6,59.82,23852.1,142293.669
603027.SH,20230726,18.83,18.99,18.76,18.97,76762.42,145006.419
603029.SH,20230726,22.49,24.42,21.86,23.75,191951.7,448152.831
603030.SH,20230726,2.84,2.88,2.82,2.88,93417.25,26669.263
603031.SH,20230726,47.98,48.35,47.41,47.58,3544.0,16895.764
603032.SH,20230726,30.72,30.94,30.09,30.25,15282.85,46536.352
603033.SH,20230726,15.88,15.95,15.76,15.92,9976.42,15810.307
603035.SH,20230726,20.15,20.2,19.48,19.99,81177.26,160782.906
603036.SH,20230726,11.09,11.13,10.86,10.9,17783.0,19447.724
603037.SH,20230726,14.78,14.83,14.47,14.51,27690.5,40369.375
603038.SH,20230726,9.59,9.74,9.53,9.62,96953.98,93262.638
603039.SH,20230726,75.25,75.25,72.5,73.5,7786.18,57276.466
603040.SH,20230726,25.8,26.3,25.4,25.52,13901.5,35794.115
603041.SH,20230726,12.31,12.35,12.22,12.32,10720.0,13187.533
603042.SH,20230726,16.32,16.32,15.8,15.86,118799.27,189884.105
603043.SH,20230726,25.37,25.5,25.25,25.32,15990.08,40541.403
603045.SH,20230726,17.04,17.17,16.65,16.72,55496.9,92949.155
603048.SH,20230726,16.71,16.91,16.59,16.62,14942.0,24941.804
603050.SH,20230726,16.18,16.38,16.11,16.27,35482.81,57661.454
603051.SH,20230726,41.33,41.94,41.07,41.34,17456.42,72351.056
603052.SH,20230726,31.88,31.88,31.26,31.49,7949.2,25008.075
603053.SH,20230726,10.04,10.05,9.93,10.05,20310.0,20324.885
603055.SH,20230726,11.17,11.44,11.07,11.42,41664.15,47246.199
603056.SH,20230726,16.53,16.78,16.37,16.65,45166.55,75072.725
603057.SH,20230726,26.21,26.4,25.59,25.8,11313.0,29290.589
603058.SH,20230726,9.74,9.74,9.5,9.54,21354.9,20451.708
603059.SH,20230726,23.69,23.79,23.56,23.65,4870.0,11526.176
603060.SH,20230726,11.0,11.32,11.0,11.27,29223.55,32795.49
688106.SH,20230726,24.9,24.98,24.4,24.78,23712.87,58682.356
688107.SH,20230726,53.93,54.3,53.3,53.57,5400.47,29009.083
688108.SH,20230726,9.43,9.92,9.39,9.7,92946.13,89849.117
688109.SH,20230726,25.65,26.08,25.37,25.67,4906.83,12619.113
688110.SH,20230726,37.19,37.95,36.5,36.65,84515.9,314116.562
688111.SH,20230726,422.0,422.0,403.8,411.0,35727.82,1470941.983
688112.SH,20230726,48.33,49.48,47.98,48.27,7356.37,35629.652
688113.SH,20230726,46.47,46.5,45.6,46.5,903.44,4150.47
688114.SH,20230726,88.99,89.42,87.89,88.87,2735.52,24231.801
688115.SH,20230726,33.55,33.78,33.21,33.33,3639.66,12184.611
688116.SH,20230726,27.89,28.23,27.71,28.0,37664.83,105310.097
688118.SH,20230726,28.32,29.15,27.95,28.08,10582.74,29998.117
688119.SH,20230726,5.74,5.77,5.68,5.77,58302.79,33433.496
688120.SH,20230726,200.15,205.95,198.23,200.67,16705.84,339374.357
688121.SH,20230726,32.16,32.25,31.22,31.31,9956.52,31561.874
688122.SH,20230726,52.46,52.98,52.11,52.89,32575.57,171250.576
688123.SH,20230726,57.7,57.7,56.11,56.31,24669.96,139991.7
688125.SH,20230726,49.34,49.34,47.9,48.12,2997.01,14453.842
688126.SH,20230726,20.78,21.15,20.76,20.88,83862.71,175636.668
688127.SH,20230726,16.31,16.65,16.08,16.36,28249.58,46093.533
688128.SH,20230726,23.24,23.26,22.21,22.25,20091.94,45269.26
688129.SH,20230726,14.88,14.99,14.75,14.92,2820.25,4199.113
688130.SH,20230726,43.9,44.81,43.81,44.28,2471.26,10944.878
688131.SH,20230726,59.26,61.17,58.83,59.36,8629.11,51560.714
688132.SH,20230726,25.26,25.44,24.72,24.77,13275.21,33261.025
688133.SH,20230726,67.1,69.98,66.0,69.0,9764.9,66988.176
688135.SH,20230726,21.39,21.45,20.85,21.0,19755.77,41493.607
688136.SH,20230726,18.88,19.08,18.71,18.89,12931.79,24486.969
688137.SH,20230726,52.94,54.8,52.66,53.76,4390.92,23704.416
688138.SH,20230726,20.35,20.39,19.85,19.9,10126.68,20280.464
688139.SH,20230726,45.89,46.79,45.41,46.4,20918.56,96778.708
688141.SH,20230726,37.09,37.09,34.71,34.74,25785.41,91539.169
688146.SH,20230726,40.4,40.45,39.49,39.66,18311.46,73108.83
688148.SH,20230726,11.1,11.1,10.99,11.03,18926.14,20903.221
688150.SH,20230726,19.09,19.2,18.86,18.88,14278.5,27070.783
688151.SH,20230726,20.18,20.23,20.03,20.19,4866.24,9800.91
688152.SH,20230726,116.35,118.8,115.01,118.4,11459.0,134181.652
688153.SH,20230726,63.9,64.66,62.8,63.9,5892.39,37645.088
688155.SH,20230726,47.71,48.59,47.1,47.37,2461.83,11657.275
688156.SH,20230726,27.9,28.19,27.59,27.65,6947.04,19356.57
688157.SH,20230726,54.37,54.87,53.3,53.74,6201.78,33416.516
688158.SH,20230726,18.19,18.23,17.65,17.69,107010.01,190695.686
001255.SZ,20230726,37.03,37.6,36.93,37.15,5157.0,19148.424
001256.SZ,20230726,18.41,18.41,18.2,18.3,10174.02,18603.701
001258.SZ,20230726,9.39,9.42,9.3,9.32,36259.64,33878.293
001259.SZ,20230726,29.66,29.66,29.24,29.49,6700.0,19719.979
001260.SZ,20230726,21.47,21.6,21.05,21.21,11869.0,25267.954
001266.SZ,20230726,27.32,27.32,26.7,26.77,21682.2,58443.213
001267.SZ,20230726,5.91,6.23,5.91,6.08,223207.31,135402.116
001268.SZ,20230726,22.74,22.74,22.38,22.43,4256.0,9570.93
001269.SZ,20230726,57.03,59.13,56.5,57.9,30980.32,179887.48
001270.SZ,20230726,85.25,86.3,84.04,84.8,17441.49,148746.516
001278.SZ,20230726,22.8,23.08,22.6,22.67,16893.04,38566.813
001282.SZ,20230726,31.25,31.35,30.37,30.46,16070.42,49442.965
001283.SZ,20230726,50.07,50.25,49.72,49.98,3118.0,15575.091
001286.SZ,20230726,10.17,10.17,10.1,10.11,170995.51,173136.005
001287.SZ,20230726,27.01,27.01,26.3,26.39,85519.74,227307.767
001288.SZ,20230726,17.65,17.65,17.2,17.24,10143.0,17574.591
001289.SZ,20230726,20.63,20.71,20.38,20.41,17382.82,35657.414
001296.SZ,20230726,21.86,22.28,21.82,22.07,32040.6,70589.752
001298.SZ,20230726,24.47,24.48,23.79,23.84,14192.74,34126.091
001299.SZ,20230726,16.38,16.41,16.14,16.21,16434.27,26641.718
001300.SZ,20230726,12.96,12.96,12.8,12.87,10915.0,14020.66
001301.SZ,20230726,52.7,52.95,52.33,52.57,6621.54,34841.36
001308.SZ,20230726,27.68,27.68,27.08,27.3,10007.21,27249.188
001309.SZ,20230726,76.7,76.9,72.24,73.5,42020.29,310583.356
001311.SZ,20230726,57.18,57.18,55.3,55.47,21661.49,121184.294
001313.SZ,20230726,8.5,8.55,8.43,8.55,17362.27,14771.101
001314.SZ,20230726,40.22,40.22,39.16,39.27,11869.0,46861.436
001316.SZ,20230726,36.15,36.32,35.63,35.69,6708.28,24114.403
001317.SZ,20230726,37.08,37.75,37.08,37.73,19324.39,72540.417
001318.SZ,20230726,14.38,14.98,14.16,14.79,111831.89,162919.538
001319.SZ,20230726,21.13,21.22,20.58,20.66,7222.0,15024.341
001322.SZ,20230726,17.45,17.81,17.13,17.53,135546.28,237672.434
001323.SZ,20230726,36.76,38.0,36.52,37.44,30122.86,112665.171
001324.SZ,20230726,21.5,21.88,21.49,21.74,23711.9,51500.937
001328.SZ,20230726,34.25,36.32,34.16,35.75,85371.73,303627.178
001330.SZ,20230726,9.09,9.18,9.02,9.06,72762.93,65945.886
001331.SZ,20230726,17.35,17.66,17.33,17.46,8939.54,15620.735
001332.SZ,20230726,38.9,39.45,38.59,39.0,4780.65,18692.991
001333.SZ,20230726,25.78,25.82,25.62,25.69,4239.76,10895.126
001336.SZ,20230726,26.78,27.45,26.66,26.99,18521.26,50115.262
001337.SZ,20230726,33.91,37.0,33.35,35.63,210810.1,732809.144
001338.SZ,20230726,17.66,17.85,17.45,17.71,55854.61,98584.463
002641.SZ,20230726,5.85,5.95,5.82,5.87,112790.15,66423.169
002642.SZ,20230726,6.65,6.66,6.54,6.56,82596.44,54308.566
002643.SZ,20230726,18.19,18.56,18.1,18.43,57414.98,105514.37
002644.SZ,20230726,11.6,11.76,11.48,11.61,48605.55,56480.151
002645.SZ,20230726,11.1,11.12,10.97,11.01,27750.0,30563.33
002646.SZ,20230726,14.27,14.34,14.1,14.21,43635.72,62030.526
002647.SZ,20230726,5.8,5.84,5.73,5.76,164913.0,95149.544
002648.SZ,20230726,15.95,16.07,15.81,15.97,124327.39,198130.215
002649.SZ,20230726,13.62,13.64,13.18,13.25,194262.55,258442.605
002650.SZ,20230726,4.08,4.12,4.07,4.12,66306.5,27194.63
002651.SZ,20230726,7.78,7.79,7.66,7.7,37468.8,28938.578
002652.SZ,20230726,2.85,2.9,2.83,2.89,101698.2,29271.068
002653.SZ,20230726,23.18,23.45,23.05,23.25,18256.44,42419.44
002654.SZ,20230726,10.8,10.8,10.09,10.23,887060.37,916795.773
002655.SZ,20230726,14.04,14.06,13.58,13.61,170866.41,234446.904
002656.SZ,20230726,2.2,2.21,2.17,2.17,18929.28,4146.022
002657.SZ,20230726,16.06,16.08,15.75,15.8,40288.8,63974.374
002658.SZ,20230726,8.14,8.34,8.08,8.26,61475.0,50756.134
002659.SZ,20230726,4.77,4.77,4.7,4.72,80453.0,38003.174
002660.SZ,20230726,9.5,9.51,9.23,9.28,64046.0,59645.956
002661.SZ,20230726,10.43,10.5,10.4,10.48,25128.57,26286.979
002662.SZ,20230726,3.35,3.37,3.29,3.3,136769.0,45271.512
002663.SZ,20230726,2.02,2.1,1.99,2.07,826625.57,170438.411
002664.SZ,20230726,14.15,14.24,13.69,13.73,29551.86,40991.819
002665.SZ,20230726,3.23,3.24,3.19,3.21,271773.71,87086.834
002666.SZ,20230726,5.19,5.2,5.14,5.16,43455.0,22457.977
002667.SZ,20230726,15.24,15.24,14.98,15.06,17715.0,26703.252
002668.SZ,20230726,8.8,8.82,7.99,8.05,283680.41,234132.748
002669.SZ,20230726,13.51,13.85,13.43,13.74,99487.82,135761.229
002670.SZ,20230726,9.36,9.44,9.06,9.15,749921.08,689648.132
002671.SZ,20230726,4.5,4.6,4.5,4.59,108549.13,49637.768
002672.SZ,20230726,6.0,6.24,5.97,6.19,111162.59,68337.033
002673.SZ,20230726,6.85,6.9,6.78,6.84,487406.99,333546.833
002674.SZ,20230726,13.02,13.17,12.9,13.03,17398.0,22682.854
002675.SZ,20230726,14.93,15.38,14.88,15.13,58330.48,88364.375
002676.SZ,20230726,4.28,4.29,4.23,4.24,58288.0,24787.745
002677.SZ,20230726,11.06,11.09,10.87,10.94,45858.03,50261.458
002678.SZ,20230726,5.86,5.87,5.81,5.85,20817.8,12163.988
002679.SZ,20230726,13.84,13.97,13.69,13.92,40483.51,56131.072
002681.SZ,20230726,5.0,5.04,4.92,4.93,361021.05,178814.993
002682.SZ,20230726,4.18,4.21,4.16,4.2,74464.0,31152.102
002683.SZ,20230726,26.79,26.79,26.35,26.44,28677.0,75906.695
300318.SZ,20230726,5.46,5.51,5.43,5.48,39295.98,21523.341
300319.SZ,20230726,8.87,8.95,8.72,8.79,112123.27,98600.125
300320.SZ,20230726,7.93,7.97,7.82,7.83,32379.0,25449.563
300321.SZ,20230726,17.14,17.31,17.03,17.18,3888.0,6688.208
300322.SZ,20230726,7.81,7.82,7.61,7.65,74819.13,57304.867
300323.SZ,20230726,7.1,7.13,6.95,6.98,90663.65,63462.534
300324.SZ,20230726,2.96,2.97,2.93,2.94,188432.0,55589.25
300326.SZ,20230726,6.61,6.66,6.57,6.64,68106.96,45136.67
300327.SZ,20230726,29.52,29.52,28.96,29.05,30434.96,88747.148
300328.SZ,20230726,6.7,6.73,6.42,6.44,168109.5,109503.28
300329.SZ,20230726,7.29,7.34,7.22,7.3,33323.3,24263.918
300331.SZ,20230726,23.6,23.65,22.89,23.04,29446.25,68203.461
300332.SZ,20230726,10.67,10.67,10.54,10.6,29000.28,30756.722
300333.SZ,20230726,7.1,7.1,6.91,6.93,111137.13,77317.389
300334.SZ,20230726,7.96,8.22,7.93,8.15,80639.36,65629.848
300335.SZ,20230726,5.4,5.48,5.38,5.41,120678.0,65593.634
300337.SZ,20230726,6.63,6.67,6.45,6.47,150763.0,98285.815
300338.SZ,20230726,5.23,5.26,5.17,5.24,39282.0,20470.075
300339.SZ,20230726,22.84,23.13,22.6,22.73,215682.43,492405.704
300340.SZ,20230726,12.9,13.62,12.79,13.44,136536.4,181274.627
300341.SZ,20230726,11.36,11.37,10.85,10.91,57621.0,63970.297
300342.SZ,20230726,11.38,11.54,11.28,11.36,192334.26,218915.282
300343.SZ,20230726,8.27,8.42,8.2,8.22,281889.66,233553.647
300344.SZ,20230726,5.85,5.89,5.67,5.69,162535.28,93384.588
300345.SZ,20230726,11.0,11.01,10.4,10.55,71219.88,76349.846
300346.SZ,20230726,32.26,32.35,31.87,32.02,50756.81,162931.687
300347.SZ,20230726,65.76,67.7,64.89,66.45,91010.09,603916.064
300348.SZ,20230726,10.33,10.33,10.03,10.08,102757.51,104013.482
300349.SZ,20230726,13.71,13.76,13.41,13.48,38578.19,52174.863
300350.SZ,20230726,4.48,4.54,4.44,4.51,70313.85,31610.114
300351.SZ,20230726,14.55,14.55,14.32,14.37,40649.22,58498.667
300352.SZ,20230726,4.95,4.95,4.83,4.86,170294.74,82881.378
300353.SZ,20230726,11.39,11.49,11.07,11.13,81650.83,91196.669
300354.SZ,20230726,40.04,40.25,39.73,40.01,3576.0,14309.534
300355.SZ,20230726,3.62,3.74,3.61,3.72,586179.1,216665.178
300357.SZ,20230726,35.21,37.55,35.11,37.52,77230.33,283974.733
300358.SZ,20230726,14.28,14.46,14.23,14.3,33910.15,48566.124
300359.SZ,20230726,6.25,6.26,6.14,6.16,80075.5,49364.377
300360.SZ,20230726,17.87,18.05,17.12,17.2,139029.99,242032.209
300363.SZ,20230726,27.83,28.51,27.68,28.17,60908.31,171640.676
300364.SZ,20230726,17.0,17.05,16.25,16.32,393552.73,651346.679
300365.SZ,20230726,7.25,7.27,7.05,7.08,120725.12,86253.268
301023.SZ,20230726,43.02,43.35,42.1,42.22,6556.0,27843.022
301024.SZ,20230726,35.8,39.8,35.8,37.99,107939.28,403827.689
301025.SZ,20230726,12.19,12.26,11.79,11.88,43260.73,51618.199
301026.SZ,20230726,35.89,36.32,35.41,35.69,6040.09,21635.618
301027.SZ,20230726,13.35,14.19,13.35,13.86,134296.44,187112.469
301028.SZ,20230726,10.85,10.91,10.71,10.82,11359.0,12262.126
301029.SZ,20230726,39.54,39.75,39.06,39.2,10735.56,42185.105
301030.SZ,20230726,58.49,60.02,57.41,58.43,44817.9,263034.842
301031.SZ,20230726,128.0,129.0,124.72,125.6,4930.51,62313.824
301032.SZ,20230726,9.24,9.25,9.13,9.24,11522.51,10603.252
301033.SZ,20230726,40.98,41.57,40.42,41.25,4330.0,17858.38
301035.SZ,20230726,82.84,82.84,81.6,82.12,3440.0,28261.535
301036.SZ,20230726,19.35,19.73,19.35,19.67,7159.32,14069.236
301037.SZ,20230726,18.9,19.4,18.79,19.09,15536.75,29716.63
301038.SZ,20230726,21.1,23.65,20.94,22.55,200375.12,447562.871
301039.SZ,20230726,13.76,13.84,13.17,13.43,201292.75,269485.097
301040.SZ,20230726,20.34,20.45,20.12,20.32,7150.7,14516.43
301041.SZ,20230726,30.5,30.55,29.48,29.53,38804.36,115909.072
301042.SZ,20230726,33.55,33.76,33.12,33.51,4008.0,13420.534
301043.SZ,20230726,31.48,32.26,31.14,31.9,5850.0,18666.28
301045.SZ,20230726,27.55,27.86,26.81,27.02,19452.0,53090.877
301046.SZ,20230726,30.7,31.18,30.48,30.62,15483.9,47662.406
301047.SZ,20230726,89.21,91.0,89.21,90.5,5577.3,50442.485
301048.SZ,20230726,11.8,11.96,11.7,11.77,42492.19,50226.134
301049.SZ,20230726,22.45,26.45,22.21,26.45,84053.87,214300.087
301050.SZ,20230726,63.63,63.78,62.8,63.0,8395.2,52941.114
301051.SZ,20230726,60.0,60.37,58.01,59.47,9196.0,54276.169
301052.SZ,20230726,46.42,46.48,43.7,43.84,48367.6,215308.609
301053.SZ,20230726,24.34,25.1,24.34,24.68,15321.0,38022.779
301055.SZ,20230726,14.85,15.05,14.8,14.97,14428.0,21549.857
301056.SZ,20230726,9.4,9.78,9.35,9.63,76044.71,73094.095
301057.SZ,20230726,17.85,18.03,17.67,18.0,5185.55,9282.591
301058.SZ,20230726,14.09,14.28,14.05,14.25,64446.0,91526.696
301059.SZ,20230726,13.96,14.04,13.88,13.99,9099.0,12711.786
301060.SZ,20230726,16.8,16.88,16.64,16.72,28410.37,47575.993
301061.SZ,20230726,41.11,41.2,39.91,40.19,6051.64,24443.193
301062.SZ,20230726,10.66,10.81,10.61,10.8,18004.48,19312.428
301063.SZ,20230726,27.15,27.15,26.63,26.66,4185.0,11199.131
301065.SZ,20230726,21.82,22.29,21.7,22.28,20757.5,45858.245
301066.SZ,20230726,16.39,16.63,16.12,16.47,16076.6,26361.555
301067.SZ,20230726,22.5,22.67,21.86,21.9,7086.8,15643.907
301068.SZ,20230726,37.99,39.12,37.68,37.93,5892.0,22552.618
600461.SH,20230726,8.02,8.21,7.96,8.15,70623.43,57222.908
600462.SH,20230726,1.89,1.9,1.86,1.87,29227.0,5470.269
600463.SH,20230726,10.1,10.1,9.9,9.95,48251.0,48100.0
600467.SH,20230726,2.48,2.52,2.48,2.52,207242.0,51865.429
600468.SH,20230726,4.86,5.16,4.75,5.15,366877.01,181882.843
600469.SH,20230726,6.68,6.73,6.34,6.36,194238.41,125668.168
600470.SH,20230726,5.66,6.2,5.66,6.2,428423.39,258980.28
600475.SH,20230726,11.35,11.35,11.18,11.25,40110.7,45149.989
600476.SH,20230726,16.1,16.36,15.66,15.74,36279.0,57633.105
600477.SH,20230726,4.1,4.16,4.09,4.13,377836.4,156265.822
600478.SH,20230726,6.87,6.91,6.74,6.75,103593.22,70293.955
600479.SH,20230726,10.86,10.92,10.78,10.8,54609.0,59249.354
600480.SH,20230726,9.68,9.69,9.45,9.5,189351.33,180808.934
600481.SH,20230726,11.65,11.71,11.58,11.65,169140.99,196844.829
600482.SH,20230726,21.64,22.1,21.13,21.29,176261.12,381763.546
600483.SH,20230726,8.16,8.25,8.13,8.24,141053.57,115615.943
600486.SH,20230726,69.8,72.29,69.61,71.17,27550.71,196169.884
600487.SH,20230726,15.23,15.25,14.98,15.15,433243.0,653423.682
600488.SH,20230726,5.37,5.4,5.29,5.32,112074.0,59879.342
600489.SH,20230726,10.93,11.11,10.86,11.04,439835.87,482332.653
600490.SH,20230726,3.72,3.73,3.58,3.62,432709.18,156772.717
600491.SH,20230726,4.92,4.99,4.88,4.93,247343.99,122143.993
600493.SH,20230726,5.93,5.98,5.86,5.94,33642.54,19982.684
600495.SH,20230726,4.38,4.38,4.31,4.35,161678.9,70205.078
600496.SH,20230726,3.9,3.95,3.89,3.92,214562.88,83951.897
600497.SH,20230726,5.54,5.56,5.46,5.51,832844.15,458796.827
600498.SH,20230726,18.46,18.46,17.85,17.96,92507.21,166682.243
600499.SH,20230726,11.22,11.29,11.16,11.22,74006.92,83021.028
600500.SH,20230726,5.6,5.62,5.56,5.6,68662.32,38355.234
600501.SH,20230726,14.82,14.86,14.52,14.57,28127.0,41148.569
600502.SH,20230726,5.46,5.58,5.45,5.56,463753.86,256719.815
600503.SH,20230726,2.98,3.07,2.95,3.02,976275.26,294673.356
600505.SH,20230726,8.63,8.63,8.4,8.48,59753.1,50632.901
600506.SH,20230726,10.86,10.91,10.75,10.89,14254.11,15472.111
600507.SH,20230726,4.76,4.9,4.75,4.9,272003.43,131845.44
600508.SH,20230726,14.38,14.42,14.29,14.42,41499.3,59631.065
600509.SH,20230726,7.18,7.2,6.88,6.99,261131.02,182295.119
600510.SH,20230726,6.56,6.75,6.51,6.62,257359.85,170587.203
600511.SH,20230726,33.44,34.05,33.37,33.5,60519.5,203910.548
600512.SH,20230726,2.85,2.92,2.83,2.89,549010.25,158330.374
600513.SH,20230726,9.74,9.81,9.71,9.81,32078.33,31332.811
600515.SH,20230726,4.17,4.23,4.15,4.19,358912.38,150474.677
603061.SH,20230726,114.0,115.97,113.0,115.16,11032.55,126680.582
603063.SH,20230726,29.97,30.24,29.6,29.78,28607.7,85639.831
603065.SH,20230726,14.64,14.64,14.52,14.59,9398.0,13701.835
603066.SH,20230726,11.04,11.04,10.85,10.88,22323.0,24355.592
603067.SH,20230726,12.07,12.15,11.99,12.09,35538.29,42922.29
603068.SH,20230726,29.18,29.29,28.76,28.83,11873.0,34371.7
603069.SH,20230726,18.49,18.66,18.28,18.5,32448.76,59796.332
603070.SH,20230726,18.79,18.79,17.68,17.84,100654.22,180845.592
603071.SH,20230726,16.86,16.9,16.77,16.81,15364.0,25863.91
603073.SH,20230726,19.63,19.94,19.61,19.87,13326.09,26420.171
603076.SH,20230726,44.36,44.79,43.75,44.63,9575.0,42427.708
603077.SH,20230726,2.62,2.68,2.61,2.65,1148770.37,304314.056
603078.SH,20230726,16.34,16.35,16.14,16.16,21671.78,35122.514
603079.SH,20230726,12.99,13.08,12.92,13.07,8752.0,11388.375
603080.SH,20230726,14.66,14.78,14.6,14.73,14185.0,20847.467
603081.SH,20230726,16.95,17.09,16.38,16.49,20126.0,33446.48
603083.SH,20230726,55.19,58.87,53.66,57.66,493897.68,2813111.919
603085.SH,20230726,10.57,11.05,10.47,10.85,59898.06,64769.177
603086.SH,20230726,6.88,6.98,6.86,6.93,34375.85,23771.482
603087.SH,20230726,43.79,46.55,43.66,45.2,177953.74,810026.254
603088.SH,20230726,8.4,8.55,8.33,8.5,139054.55,117970.634
603089.SH,20230726,9.17,9.17,8.96,9.01,13827.0,12514.563
603090.SH,20230726,21.61,21.85,21.34,21.45,13549.43,29158.163
603093.SH,20230726,12.85,12.95,12.57,12.88,86347.99,110071.806
603095.SH,20230726,15.25,15.37,15.21,15.34,4715.0,7220.333
603096.SH,20230726,20.45,20.59,20.16,20.26,17457.0,35504.39
603097.SH,20230726,23.87,23.87,22.45,22.71,72814.0,166701.229
603098.SH,20230726,21.56,22.52,21.47,22.48,42806.4,95148.311
603100.SH,20230726,36.11,36.11,35.31,35.67,7134.5,25418.145
603101.SH,20230726,6.66,6.78,6.65,6.77,44380.72,29869.11
603102.SH,20230726,43.08,43.55,43.05,43.46,4446.0,19277.451
603103.SH,20230726,20.15,21.74,19.81,21.69,247508.44,518169.887
603105.SH,20230726,16.18,16.34,15.51,16.12,125243.95,198655.062
603106.SH,20230726,5.69,5.71,5.62,5.63,34854.4,19693.535
603108.SH,20230726,13.92,14.06,13.66,13.75,162924.06,225513.632
603109.SH,20230726,17.49,17.49,17.0,17.05,18397.0,31618.491
603110.SH,20230726,27.98,28.4,27.04,27.25,34069.28,94137.335
603111.SH,20230726,4.94,4.94,4.85,4.87,29307.0,14298.114
603112.SH,20230726,11.94,11.98,11.65,11.79,25728.0,30311.973
603113.SH,20230726,8.38,8.46,8.3,8.45,24610.0,20714.753
603115.SH,20230726,14.6,14.63,14.42,14.53,8211.0,11916.186
603116.SH,20230726,6.13,6.18,6.05,6.15,73546.0,45008.022
688159.SH,20230726,36.59,36.59,34.92,35.69,12932.29,45674.413
688161.SH,20230726,44.92,45.74,44.31,44.6,15319.66,68823.551
688162.SH,20230726,40.9,40.9,39.77,39.94,8771.28,35103.955
688163.SH,20230726,21.48,21.72,21.32,21.5,2437.54,5258.182
688165.SH,20230726,10.5,10.51,10.11,10.25,45000.42,46203.237
688166.SH,20230726,21.04,21.39,20.94,21.19,12575.67,26616.608
688167.SH,20230726,99.88,100.59,97.5,100.2,9406.33,93544.506
688168.SH,20230726,35.9,36.18,35.38,35.85,6727.45,24077.816
688169.SH,20230726,249.41,259.94,245.5,255.04,10639.83,270831.514
688170.SH,20230726,42.4,42.4,41.58,41.68,4913.72,20560.041
688171.SH,20230726,22.46,22.59,22.06,22.17,6506.05,14491.152
688172.SH,20230726,22.44,22.47,21.92,21.99,22455.8,49827.774
688175.SH,20230726,35.3,35.3,34.14,34.52,5045.38,17411.428
688176.SH,20230726,11.59,11.98,11.56,11.85,44860.61,53092.407
688177.SH,20230726,29.18,29.65,28.94,28.98,11997.82,35054.307
688179.SH,20230726,20.95,21.28,20.71,20.79,15873.58,33236.407
688180.SH,20230726,39.9,41.06,39.71,40.46,45508.34,184550.269
688181.SH,20230726,26.49,26.75,26.38,26.48,5137.96,13618.74
688182.SH,20230726,22.62,22.76,21.82,22.11,12750.47,28359.682
688183.SH,20230726,12.01,12.07,11.69,11.74,42050.18,49686.014
688184.SH,20230726,26.5,26.7,26.06,26.45,3021.24,8003.509
688185.SH,20230726,81.21,89.87,81.21,86.96,55222.0,476075.877
688186.SH,20230726,26.5,26.88,26.06,26.21,23500.34,61776.498
688187.SH,20230726,42.8,43.59,42.6,42.88,14341.68,61719.901
688188.SH,20230726,215.03,217.27,211.66,213.21,3306.64,70475.367
688190.SH,20230726,82.34,82.34,80.0,81.57,3031.09,24628.507
688192.SH,20230726,32.73,35.39,32.56,34.59,23978.24,82619.48
688193.SH,20230726,45.57,45.62,45.06,45.58,473.68,2153.206
688195.SH,20230726,38.57,38.92,36.9,37.06,37927.55,142480.109
688196.SH,20230726,49.36,50.5,48.72,50.13,7134.59,35747.881
688197.SH,20230726,49.99,51.17,48.81,50.6,4396.32,22221.164
688198.SH,20230726,119.05,121.58,117.3,120.0,1927.16,23123.626
688199.SH,20230726,29.8,29.88,29.6,29.82,3149.28,9370.728
688200.SH,20230726,163.77,168.43,163.0,167.63,8001.84,133173.7
688201.SH,20230726,26.02,26.09,25.68,25.9,9206.16,23856.649
688202.SH,20230726,86.18,90.3,85.7,88.38,22604.63,200506.7
688203.SH,20230726,13.28,13.3,13.13,13.15,12829.62,16948.336
688205.SH,20230726,60.39,61.56,58.5,60.17,16118.94,96486.368
688206.SH,20230726,25.93,25.96,25.47,25.62,13116.65,33743.539
688207.SH,20230726,22.92,22.98,22.08,22.24,24838.86,55420.258
688208.SH,20230726,29.83,30.1,29.32,29.43,46700.33,138247.149
688209.SH,20230726,16.94,16.97,16.62,16.66,13739.22,23047.844
001339.SZ,20230726,27.49,27.49,26.73,26.87,23265.24,62684.815
001360.SZ,20230726,18.19,18.26,17.91,18.0,30050.58,54127.339
001366.SZ,20230726,15.65,15.73,15.56,15.72,12176.36,19078.468
001367.SZ,20230726,47.22,47.43,46.81,46.96,5940.18,27956.348
001368.SZ,20230726,26.4,26.44,25.82,26.05,28465.95,74230.257
001373.SZ,20230726,50.06,51.8,47.56,47.8,59627.17,293387.551
001380.SZ,20230726,34.0,34.84,33.38,33.72,24498.62,83618.488
001696.SZ,20230726,7.11,7.13,6.96,7.0,80792.57,56710.274
001872.SZ,20230726,17.23,17.32,17.08,17.24,12690.73,21836.085
001896.SZ,20230726,4.7,4.7,4.63,4.65,113433.02,52771.982
001914.SZ,20230726,15.85,16.37,15.78,16.03,114955.1,185005.657
001965.SZ,20230726,9.14,9.15,9.04,9.1,47128.16,42781.1
001979.SZ,20230726,13.29,13.54,13.12,13.41,437871.98,585449.161
002001.SZ,20230726,16.38,16.66,16.35,16.55,129001.77,213371.169
002002.SZ,20230726,2.36,2.44,2.34,2.43,1002295.67,240151.064
002003.SZ,20230726,9.82,9.92,9.79,9.92,21124.63,20843.042
002004.SZ,20230726,5.17,5.2,5.15,5.19,65621.0,34001.882
002005.SZ,20230726,1.34,1.37,1.33,1.36,75280.0,10164.807
002006.SZ,20230726,19.28,19.28,18.94,19.04,29949.83,57129.169
002007.SZ,20230726,22.5,23.09,22.46,22.9,148428.32,339754.323
002008.SZ,20230726,25.16,25.17,24.88,24.9,82410.42,205554.407
002009.SZ,20230726,13.23,13.51,12.98,13.06,59836.0,79309.707
002010.SZ,20230726,5.53,5.63,5.5,5.59,268620.22,149768.181
002011.SZ,20230726,13.3,13.6,13.26,13.32,102284.46,136917.272
002012.SZ,20230726,6.31,6.35,6.23,6.25,77206.0,48423.992
002014.SZ,20230726,8.95,9.05,8.92,9.03,26275.2,23630.678
002015.SZ,20230726,12.9,12.9,12.73,12.78,91268.85,116739.693
002016.SZ,20230726,7.05,7.17,7.01,7.15,68267.3,48613.261
002017.SZ,20230726,11.8,11.81,11.42,11.45,92866.41,107181.351
002019.SZ,20230726,14.19,14.22,14.11,14.19,18046.48,25543.08
002020.SZ,20230726,12.46,12.8,12.38,12.64,99581.93,125707.587
002021.SZ,20230726,2.06,2.09,2.05,2.08,87660.0,18103.325
002022.SZ,20230726,9.81,9.85,9.78,9.81,24224.27,23768.835
002023.SZ,20230726,9.66,9.69,9.49,9.53,136449.7,130311.466
002024.SZ,20230726,2.0,2.04,2.0,2.03,186418.66,37687.093
002025.SZ,20230726,58.65,58.92,58.0,58.7,12288.28,71801.264
002026.SZ,20230726,9.46,9.47,9.22,9.28,94022.0,87522.324
002027.SZ,20230726,7.41,7.41,7.22,7.27,796852.2,579455.187
002028.SZ,20230726,49.95,50.35,49.28,49.76,41411.77,205876.465
002029.SZ,20230726,6.5,6.59,6.49,6.52,86487.19,56413.028
002030.SZ,20230726,10.01,10.09,9.96,10.07,104845.69,105356.484
002031.SZ,20230726,4.0,4.0,3.83,3.86,2088691.87,811697.541
002685.SZ,20230726,3.81,3.85,3.78,3.79,106544.0,40529.283
002686.SZ,20230726,6.75,6.75,6.64,6.66,33637.5,22437.982
002687.SZ,20230726,4.93,4.96,4.9,4.95,51144.2,25250.599
002688.SZ,20230726,4.87,4.92,4.86,4.9,34121.0,16687.095
002689.SZ,20230726,4.32,4.32,4.23,4.26,137815.0,58715.57
002690.SZ,20230726,25.66,26.44,25.5,25.94,30758.25,80187.76
002691.SZ,20230726,6.26,6.26,6.13,6.13,32057.0,19750.681
002692.SZ,20230726,3.73,3.74,3.71,3.72,9590.0,3568.825
002693.SZ,20230726,6.19,6.26,6.14,6.22,54506.0,33863.654
002694.SZ,20230726,7.54,7.94,7.44,7.81,273369.6,211654.709
002695.SZ,20230726,11.66,11.71,11.5,11.65,29206.14,33945.997
002696.SZ,20230726,6.39,6.47,6.37,6.43,48356.0,31055.535
002697.SZ,20230726,6.05,6.09,5.91,6.07,321058.86,192810.383
002698.SZ,20230726,18.06,18.1,17.73,17.87,34803.6,62120.755
002699.SZ,20230726,1.51,1.54,1.5,1.52,263240.37,40053.114
002700.SZ,20230726,4.37,4.39,4.36,4.39,5986.0,2618.712
002701.SZ,20230726,4.62,4.66,4.6,4.65,127918.22,59363.143
002702.SZ,20230726,5.4,5.44,5.37,5.43,53289.56,28823.571
002703.SZ,20230726,14.62,15.33,14.45,14.62,689801.2,1023249.256
002705.SZ,20230726,17.77,17.95,17.4,17.49,44351.21,77783.188
002706.SZ,20230726,11.69,11.8,11.35,11.4,109554.69,125526.434
002707.SZ,20230726,7.9,8.15,7.89,8.04,323659.68,259633.058
002708.SZ,20230726,6.88,6.89,6.51,6.53,171752.0,114031.908
002709.SZ,20230726,34.83,35.42,34.58,35.18,183568.7,645276.876
002712.SZ,20230726,6.55,6.55,6.22,6.25,165594.5,104604.503
002713.SZ,20230726,9.0,9.4,8.91,9.17,208165.8,191132.498
002714.SZ,20230726,42.7,43.1,42.6,43.03,122930.07,527775.867
002715.SZ,20230726,15.11,15.12,14.68,14.78,12020.5,17818.088
002716.SZ,20230726,2.9,2.98,2.89,2.97,195108.21,57463.439
002717.SZ,20230726,3.37,3.48,3.35,3.39,940905.9,321608.514
002718.SZ,20230726,17.09,17.09,16.3,16.5,23178.0,38380.473
002719.SZ,20230726,12.75,14.6,12.11,13.36,620143.8,809372.331
002721.SZ,20230726,3.59,3.59,3.5,3.52,51899.0,18282.265
002722.SZ,20230726,14.14,14.18,14.0,14.14,14117.0,19953.377
002723.SZ,20230726,11.82,12.08,11.57,11.6,145927.0,172545.449
002724.SZ,20230726,8.64,8.67,8.47,8.51,20424.76,17473.283
002725.SZ,20230726,10.04,10.05,9.6,9.66,94981.98,92428.475
002726.SZ,20230726,7.82,7.92,7.77,7.88,42022.0,32995.69
002727.SZ,20230726,25.12,25.58,25.0,25.4,48191.0,122034.292
002728.SZ,20230726,15.8,15.94,15.63,15.77,88090.9,138822.448
002729.SZ,20230726,20.19,20.19,19.58,19.73,34950.28,69425.549
002730.SZ,20230726,9.44,9.44,9.2,9.21,28976.0,26880.29
300366.SZ,20230726,12.24,12.24,11.75,11.82,262439.96,311360.64
300368.SZ,20230726,8.05,8.16,7.75,7.81,954418.78,755000.709
300369.SZ,20230726,12.98,13.15,12.69,12.94,204001.46,264248.528
300370.SZ,20230726,2.9,3.02,2.86,2.96,270668.0,79229.706
300371.SZ,20230726,13.99,14.4,13.83,14.27,26563.4,37730.876
300373.SZ,20230726,41.83,42.18,41.58,41.73,30134.87,126122.161
300374.SZ,20230726,16.67,17.06,16.32,16.45,116972.75,195293.329
300375.SZ,20230726,3.94,3.94,3.86,3.88,76793.0,29900.249
300376.SZ,20230726,6.51,6.52,6.44,6.45,116993.0,75621.334
300377.SZ,20230726,8.09,8.1,7.93,7.96,98598.81,78647.365
300378.SZ,20230726,30.16,30.4,28.72,29.35,220385.53,646488.849
300379.SZ,20230726,19.58,19.58,19.15,19.25,37429.2,72082.602
300380.SZ,20230726,18.11,18.22,17.78,17.87,11502.0,20622.407
300381.SZ,20230726,7.2,7.29,7.17,7.25,32119.0,23226.003
300382.SZ,20230726,12.25,12.25,11.78,11.83,86151.0,102735.961
300383.SZ,20230726,10.49,10.52,10.14,10.17,220846.94,225876.969
300384.SZ,20230726,17.06,17.35,16.9,17.22,28724.0,49343.444
300385.SZ,20230726,6.37,6.52,6.35,6.48,36646.57,23682.701
300386.SZ,20230726,10.62,10.73,10.44,10.49,24583.0,25848.342
300387.SZ,20230726,7.52,7.8,7.51,7.64,63483.55,48563.216
300388.SZ,20230726,6.95,7.14,6.92,7.06,68323.01,48220.933
300389.SZ,20230726,16.46,16.46,16.13,16.19,34160.0,55494.968
300390.SZ,20230726,32.11,32.29,31.67,31.68,75292.21,240561.576
300391.SZ,20230726,7.09,7.19,7.03,7.13,27180.0,19354.045
300393.SZ,20230726,13.18,13.32,13.13,13.14,83712.85,110523.189
300394.SZ,20230726,96.56,98.34,91.0,94.06,145196.67,1371427.813
300395.SZ,20230726,41.9,43.09,41.51,42.19,31797.23,134480.858
300396.SZ,20230726,28.02,28.7,27.94,28.2,23393.0,66368.601
300397.SZ,20230726,10.69,10.74,10.54,10.58,39483.53,41935.505
300398.SZ,20230726,18.05,18.18,17.79,17.87,69446.44,124242.202
300399.SZ,20230726,13.12,13.14,12.77,12.77,33420.0,42990.827
300400.SZ,20230726,15.51,15.56,15.18,15.26,24582.0,37611.793
300401.SZ,20230726,11.92,11.93,11.84,11.92,27460.61,32639.279
300402.SZ,20230726,20.74,20.83,20.43,20.58,11295.0,23228.062
300403.SZ,20230726,8.24,8.27,7.84,7.9,264395.11,210872.544
300404.SZ,20230726,9.81,9.86,9.7,9.73,32828.0,32059.05
300405.SZ,20230726,5.81,5.81,5.72,5.81,18387.89,10635.003
300406.SZ,20230726,21.04,21.65,20.89,21.09,34731.32,73974.732
300407.SZ,20230726,8.67,8.72,8.56,8.57,41786.07,35953.557
300408.SZ,20230726,32.09,32.17,31.42,31.58,74408.77,235543.134
300409.SZ,20230726,12.58,12.62,12.51,12.54,32008.43,40198.467
300410.SZ,20230726,9.52,10.71,9.5,10.24,611776.63,618981.046
301069.SZ,20230726,24.58,25.31,24.58,25.08,24240.21,60576.72
301070.SZ,20230726,42.05,42.42,41.17,41.7,7284.0,30427.308
301071.SZ,20230726,40.19,40.19,39.43,39.52,23200.59,92099.513
301072.SZ,20230726,25.65,25.65,24.64,24.7,27941.0,69860.629
301073.SZ,20230726,35.02,35.79,34.34,35.12,42516.25,149266.033
301075.SZ,20230726,24.52,25.11,24.43,25.0,12333.5,30759.197
301076.SZ,20230726,21.55,22.31,21.4,21.77,35930.28,78465.862
301077.SZ,20230726,22.45,22.66,22.15,22.54,5704.57,12842.329
301078.SZ,20230726,11.24,11.5,11.1,11.41,179908.48,203573.465
301079.SZ,20230726,18.21,18.36,17.83,17.95,18053.4,32448.878
301080.SZ,20230726,63.0,66.65,62.57,65.65,27683.4,180791.825
301081.SZ,20230726,10.36,11.25,10.36,11.14,78745.88,86420.778
301082.SZ,20230726,16.65,17.4,16.58,16.89,30288.49,51431.206
301083.SZ,20230726,19.58,19.58,18.31,18.46,65500.97,122666.259
301085.SZ,20230726,64.15,64.15,61.9,62.23,14548.15,91005.277
301086.SZ,20230726,47.94,48.2,46.23,46.28,10484.78,49034.965
301087.SZ,20230726,44.51,44.92,44.29,44.52,6999.7,31195.886
301088.SZ,20230726,17.53,17.82,17.4,17.71,42052.5,74163.759
301089.SZ,20230726,62.27,63.55,62.0,63.25,30885.11,194555.052
301090.SZ,20230726,11.15,11.18,11.08,11.11,21957.0,24437.974
301091.SZ,20230726,18.21,18.75,18.08,18.37,98906.84,182585.537
301092.SZ,20230726,27.31,27.34,26.86,26.89,12634.0,34165.292
301093.SZ,20230726,34.0,34.66,33.61,34.31,11361.31,38921.065
301095.SZ,20230726,72.38,73.15,71.72,71.92,10362.67,74923.587
301096.SZ,20230726,60.0,61.1,59.82,60.15,7401.45,44719.161
301097.SZ,20230726,45.66,46.37,45.45,45.76,3272.95,15033.855
301098.SZ,20230726,13.53,14.87,13.53,14.81,305392.46,441686.651
301099.SZ,20230726,49.39,49.45,48.1,48.13,21124.57,103010.773
301100.SZ,20230726,21.41,22.78,21.41,22.05,47044.79,104870.015
301101.SZ,20230726,40.59,40.77,40.2,40.45,8716.26,35257.371
301102.SZ,20230726,24.85,24.85,23.9,24.46,18756.32,45453.723
301103.SZ,20230726,39.65,39.66,39.08,39.3,14879.7,58484.263
301105.SZ,20230726,38.4,39.39,38.26,38.57,6308.24,24388.765
301106.SZ,20230726,35.97,36.65,35.91,36.01,8938.0,32303.591
301107.SZ,20230726,31.42,31.42,30.81,31.02,14975.76,46460.877
301108.SZ,20230726,36.5,37.17,36.5,37.17,7329.0,27014.75
301109.SZ,20230726,16.59,17.58,16.59,17.35,93728.89,162174.795
301110.SZ,20230726,49.65,49.82,48.56,48.6,14940.82,73176.683
301111.SZ,20230726,19.64,19.76,19.6,19.67,6779.87,13347.041
301112.SZ,20230726,31.88,31.97,31.3,31.38,7589.0,23912.226
301113.SZ,20230726,31.23,33.0,30.9,31.16,21464.16,68012.412
301115.SZ,20230726,24.65,25.56,24.54,25.12,53740.77,135350.438
600516.SH,20230726,6.05,6.08,6.0,6.07,264385.74,159814.154
600517.SH,20230726,5.71,5.75,5.63,5.66,100741.13,57188.783
600518.SH,20230726,1.92,1.98,1.9,1.94,743816.61,144515.069
600519.SH,20230726,1828.55,1835.99,1815.08,1828.55,19611.45,3580171.484
600520.SH,20230726,15.17,15.68,14.97,15.1,89781.89,137163.349
600521.SH,20230726,18.18,18.51,18.16,18.39,96245.09,176885.615
600522.SH,20230726,15.71,16.09,15.65,15.96,565818.05,900239.278
600523.SH,20230726,14.39,14.43,14.16,14.22,26403.29,37699.501
600525.SH,20230726,5.33,5.35,5.24,5.26,92955.49,49122.2
600526.SH,20230726,5.16,5.21,5.15,5.17,80012.0,41415.44
600527.SH,20230726,2.01,2.05,2.0,2.05,216988.61,44026.851
600528.SH,20230726,9.89,9.91,9.74,9.78,64485.31,63105.78
600529.SH,20230726,26.8,26.9,25.86,26.21,54054.62,141789.103
600530.SH,20230726,1.85,1.95,1.83,1.95,247985.63,47865.26
600531.SH,20230726,6.61,6.64,6.52,6.57,108807.16,71579.495
600533.SH,20230726,3.62,3.84,3.59,3.68,838755.55,308693.896
600535.SH,20230726,14.2,14.5,14.19,14.39,71772.0,103340.45
600536.SH,20230726,50.76,52.0,50.2,50.82,159677.9,817497.238
600537.SH,20230726,6.66,6.79,6.63,6.72,482620.67,324166.162
600538.SH,20230726,4.42,4.49,4.41,4.48,37173.0,16596.153
600539.SH,20230726,6.87,7.0,6.85,6.98,39381.0,27391.651
600540.SH,20230726,5.24,5.31,5.22,5.27,97393.28,51345.172
600543.SH,20230726,5.43,5.48,5.42,5.48,15221.32,8298.528
600545.SH,20230726,2.51,2.58,2.49,2.56,158189.7,40254.041
600546.SH,20230726,15.26,15.38,15.05,15.17,89871.73,136255.544
600547.SH,20230726,25.27,25.99,25.2,25.88,202264.98,518636.827
600548.SH,20230726,9.28,9.45,9.28,9.42,29123.3,27326.689
600549.SH,20230726,18.69,18.74,18.5,18.61,60824.2,113116.007
600550.SH,20230726,5.19,5.25,5.19,5.23,67068.02,35067.679
600551.SH,20230726,11.86,11.86,11.14,11.19,94252.32,107302.418
600552.SH,20230726,11.95,12.09,11.86,11.93,95300.94,113939.003
600556.SH,20230726,7.13,7.14,6.92,6.97,351055.37,245740.023
600557.SH,20230726,20.41,20.67,20.36,20.51,82850.77,169998.35
600558.SH,20230726,3.88,3.9,3.84,3.85,57066.5,22034.916
600559.SH,20230726,26.85,27.5,26.4,26.84,390953.24,1050810.207
600560.SH,20230726,13.45,13.5,13.16,13.19,31351.0,41572.75
600561.SH,20230726,5.59,5.61,5.55,5.6,17717.89,9892.207
600562.SH,20230726,15.86,15.86,15.67,15.75,34515.28,54374.178
600563.SH,20230726,134.67,135.11,133.02,133.55,4280.25,57183.661
600565.SH,20230726,1.98,2.04,1.93,2.04,1701769.23,341849.483
600566.SH,20230726,27.86,28.03,27.72,27.81,40327.58,112459.301
600567.SH,20230726,2.3,2.32,2.29,2.32,345313.0,79691.148
603117.SH,20230726,3.61,3.61,3.59,3.6,4733.6,1703.904
603118.SH,20230726,11.8,11.87,11.19,11.25,250975.83,284698.814
603121.SH,20230726,8.68,8.71,8.34,8.39,62005.96,52413.73
603123.SH,20230726,10.6,11.09,10.6,10.82,297858.97,323291.216
603125.SH,20230726,28.95,29.29,28.74,29.21,15275.35,44438.32
603126.SH,20230726,7.88,7.95,7.84,7.87,65055.65,51344.24
603127.SH,20230726,26.77,27.78,26.65,27.4,78194.0,213550.548
603128.SH,20230726,9.27,9.4,9.26,9.31,57806.7,53856.454
603130.SH,20230726,23.9,24.65,23.62,24.37,58683.12,142124.345
603131.SH,20230726,13.3,13.54,13.07,13.13,101352.2,134445.395
603132.SH,20230726,11.89,12.04,11.88,12.03,9443.0,11315.815
603133.SH,20230726,7.47,7.48,7.26,7.37,19672.66,14460.723
603135.SH,20230726,19.54,19.56,19.09,19.13,36199.0,69771.258
603136.SH,20230726,25.04,25.34,24.86,25.0,14012.0,35136.212
603137.SH,20230726,21.36,22.15,21.15,21.66,76446.86,165772.322
603139.SH,20230726,17.24,17.45,17.2,17.34,5434.0,9426.341
603150.SH,20230726,27.27,27.35,27.06,27.22,3128.89,8508.683
603151.SH,20230726,16.81,16.93,16.81,16.9,4637.0,7825.146
603155.SH,20230726,25.53,25.58,25.24,25.36,2284.7,5795.015
603156.SH,20230726,25.61,25.89,25.45,25.74,12428.52,31878.789
603158.SH,20230726,7.77,7.77,7.47,7.49,80937.0,61283.327
603159.SH,20230726,14.68,14.74,14.36,14.4,10362.0,14974.896
603160.SH,20230726,55.05,55.28,54.1,54.6,49541.8,270107.345
603162.SH,20230726,17.12,17.28,17.11,17.22,9640.45,16600.805
603163.SH,20230726,40.07,41.13,39.11,39.4,6971.25,27826.504
603165.SH,20230726,15.86,16.19,15.78,15.9,28929.0,46208.672
603166.SH,20230726,6.78,6.78,6.65,6.68,30953.0,20768.113
603168.SH,20230726,8.85,9.0,8.85,8.91,55525.97,49585.527
603169.SH,20230726,7.36,7.39,7.2,7.29,120988.15,87859.609
603170.SH,20230726,19.08,19.23,18.85,19.06,14528.0,27683.159
603171.SH,20230726,38.64,38.64,37.54,37.72,7782.0,29574.305
603172.SH,20230726,17.67,18.02,17.67,17.9,18565.03,33257.51
603173.SH,20230726,29.35,29.74,28.95,29.2,8479.76,24904.356
603176.SH,20230726,6.69,6.98,6.66,6.85,134735.63,92352.034
603177.SH,20230726,14.51,14.84,14.41,14.57,24112.0,35338.718
603178.SH,20230726,11.81,11.85,11.45,11.47,50064.84,57817.424
603179.SH,20230726,48.0,48.4,45.91,46.31,39837.76,186007.447
603180.SH,20230726,33.21,34.2,32.97,33.67,41080.72,138039.382
603181.SH,20230726,11.26,11.55,11.2,11.53,44364.37,50821.728
603182.SH,20230726,15.51,15.73,15.49,15.72,12985.22,20294.852
603185.SH,20230726,49.28,50.08,48.98,49.44,31099.97,154004.619
603188.SH,20230726,3.61,3.68,3.61,3.66,40371.0,14739.828
688210.SH,20230726,19.71,20.09,18.94,19.06,12834.21,24592.456
688211.SH,20230726,41.75,41.75,41.12,41.24,3034.11,12509.57
688212.SH,20230726,61.4,64.42,60.5,62.42,14874.5,93675.719
688215.SH,20230726,38.5,38.5,37.68,37.87,2135.58,8098.03
688217.SH,20230726,39.0,39.5,38.99,39.24,3175.23,12457.733
688218.SH,20230726,18.1,18.2,17.6,17.65,23029.46,40910.127
688219.SH,20230726,10.65,10.93,10.54,10.59,23231.14,24870.886
688220.SH,20230726,76.9,77.42,76.3,76.61,8627.08,66195.537
688221.SH,20230726,10.96,11.08,10.91,10.98,16831.56,18508.77
688222.SH,20230726,15.3,15.55,15.2,15.31,25448.62,39124.733
688223.SH,20230726,12.46,12.69,12.37,12.44,252247.06,315259.212
688225.SH,20230726,19.62,19.69,19.31,19.42,3391.65,6602.364
688226.SH,20230726,18.85,19.01,18.7,18.88,23642.74,44563.597
688227.SH,20230726,22.5,22.5,21.87,22.13,7734.04,17118.868
688228.SH,20230726,47.36,47.36,45.96,46.16,11266.74,52245.797
688230.SH,20230726,45.12,45.12,44.02,44.11,2966.73,13155.253
688231.SH,20230726,25.48,25.48,25.21,25.35,8603.51,21793.171
688232.SH,20230726,48.61,48.95,47.11,47.43,10488.08,49980.64
688233.SH,20230726,34.35,34.39,33.6,33.82,18974.83,64389.823
688234.SH,20230726,68.0,68.8,67.79,68.62,5056.73,34604.49
688236.SH,20230726,25.13,26.33,24.81,26.3,23131.92,60010.287
688238.SH,20230726,11.28,11.65,11.28,11.54,45219.88,52132.525
688239.SH,20230726,69.6,69.88,68.2,68.71,8443.38,58253.559
688246.SH,20230726,35.58,35.73,34.86,35.16,3429.4,12065.613
688247.SH,20230726,12.81,12.87,12.75,12.82,13876.01,17761.308
688248.SH,20230726,34.26,34.26,33.34,33.53,29119.9,97511.272
688249.SH,20230726,20.78,20.78,20.18,20.23,83089.08,169452.163
688251.SH,20230726,29.15,29.66,29.0,29.21,3275.63,9570.938
688252.SH,20230726,20.02,20.26,19.45,19.52,15940.92,31552.982
688253.SH,20230726,23.03,23.1,22.8,22.95,10326.92,23686.313
688255.SH,20230726,29.12,29.35,28.4,28.47,7114.5,20433.69
688256.SH,20230726,171.42,175.75,167.0,169.42,104380.1,1787902.796
688257.SH,20230726,27.76,28.52,27.62,28.03,10080.02,28293.92
688258.SH,20230726,59.8,59.8,58.21,58.65,7957.07,46808.106
688259.SH,20230726,65.25,65.25,63.5,63.78,4762.96,30479.866
688260.SH,20230726,16.48,16.55,16.06,16.21,8052.21,13036.589
688261.SH,20230726,125.42,126.38,124.12,124.44,4611.25,57748.126
688262.SH,20230726,40.98,40.98,38.91,39.35,42021.35,166302.806
688265.SH,20230726,38.17,39.0,37.79,38.63,1672.5,6445.006
688269.SH,20230726,62.16,62.16,61.31,61.71,1056.68,6502.84
688270.SH,20230726,56.2,56.2,54.7,56.07,7544.22,42013.502
688271.SH,20230726,140.88,149.0,140.51,147.07,27764.62,407622.63
002032.SZ,20230726,49.66,49.78,49.0,49.22,15550.89,76635.897
002033.SZ,20230726,10.72,10.9,10.61,10.7,97437.57,104630.998
002034.SZ,20230726,15.84,16.28,15.77,16.08,40309.1,64770.224
002035.SZ,20230726,6.65,6.68,6.4,6.43,203380.97,132145.979
002036.SZ,20230726,11.81,11.89,10.9,11.06,766406.98,863803.573
002037.SZ,20230726,9.58,9.67,9.54,9.58,66516.0,63782.184
002038.SZ,20230726,9.97,10.01,9.92,9.96,78301.59,78007.467
002039.SZ,20230726,13.78,13.8,13.7,13.77,14581.8,20035.781
002040.SZ,20230726,6.98,7.05,6.98,7.03,24007.84,16851.401
002041.SZ,20230726,16.03,16.1,15.9,16.1,42413.67,67972.62
002042.SZ,20230726,3.14,3.16,3.13,3.15,94169.92,29645.573
002043.SZ,20230726,12.22,12.57,11.77,11.91,1332351.53,1609564.076
002044.SZ,20230726,7.26,7.26,7.12,7.15,223331.16,160227.476
002045.SZ,20230726,14.34,14.36,13.41,13.55,229996.46,315938.302
002046.SZ,20230726,11.97,11.99,11.78,11.84,47194.5,55965.855
002047.SZ,20230726,3.3,3.37,3.28,3.35,280591.26,93542.578
002048.SZ,20230726,13.63,13.72,13.42,13.48,50656.65,68687.924
002049.SZ,20230726,90.09,90.56,89.62,89.92,53057.18,477657.144
002050.SZ,20230726,28.04,28.04,26.7,26.86,406072.41,1100492.464
002051.SZ,20230726,11.69,11.89,11.53,11.57,152766.62,177986.307
002052.SZ,20230726,1.89,1.9,1.87,1.9,28679.0,5415.799
002053.SZ,20230726,11.53,11.61,11.41,11.47,60503.76,69434.475
002054.SZ,20230726,7.16,7.25,7.16,7.24,18151.63,13081.422
002055.SZ,20230726,9.75,9.77,9.53,9.54,136120.02,130791.557
002056.SZ,20230726,17.36,17.52,17.23,17.26,96290.77,166995.819
002057.SZ,20230726,9.89,9.91,9.79,9.84,34175.05,33606.612
002058.SZ,20230726,11.13,11.23,10.94,11.02,16339.0,18004.401
002059.SZ,20230726,6.38,6.47,6.36,6.41,62169.0,39823.091
002060.SZ,20230726,6.39,6.43,6.37,6.4,71406.0,45707.538
002061.SZ,20230726,4.41,4.44,4.38,4.42,257669.06,113773.619
002062.SZ,20230726,5.71,5.85,5.71,5.78,467346.22,270688.013
002063.SZ,20230726,6.9,6.9,6.64,6.69,308977.78,207104.622
002064.SZ,20230726,7.39,7.44,7.31,7.36,189596.13,139416.974
002065.SZ,20230726,6.82,6.82,6.69,6.71,268818.84,181062.051
002066.SZ,20230726,11.99,12.14,11.91,12.0,28401.0,34159.409
002067.SZ,20230726,3.54,3.57,3.53,3.56,74808.46,26574.334
002068.SZ,20230726,12.37,12.47,11.77,11.94,208874.98,252309.482
002069.SZ,20230726,4.58,4.65,4.55,4.64,69000.51,31819.777
002072.SZ,20230726,6.47,6.56,6.41,6.52,25332.0,16433.135
002073.SZ,20230726,6.83,6.93,6.71,6.73,145590.35,98864.773
002074.SZ,20230726,26.2,26.26,25.92,25.99,85397.99,222434.58
002075.SZ,20230726,4.09,4.18,4.09,4.18,216239.39,89625.17
002731.SZ,20230726,13.75,14.44,13.62,14.04,66453.7,93643.434
002732.SZ,20230726,23.13,23.51,23.06,23.34,25853.0,60142.297
002733.SZ,20230726,16.92,16.98,16.64,16.67,23122.0,38751.511
002734.SZ,20230726,9.38,9.48,9.36,9.43,25592.78,24132.515
002735.SZ,20230726,13.68,13.78,13.38,13.46,26154.44,35467.089
002736.SZ,20230726,9.31,9.32,9.21,9.3,171178.0,158760.395
002737.SZ,20230726,22.58,22.72,22.45,22.62,38954.11,88077.185
002738.SZ,20230726,48.11,48.47,46.58,46.74,135233.24,640639.172
002739.SZ,20230726,13.87,14.23,13.7,13.92,387382.13,538570.083
002740.SZ,20230726,2.64,2.68,2.62,2.66,64133.03,16982.918
002741.SZ,20230726,16.39,16.4,16.2,16.23,11549.88,18793.091
002742.SZ,20230726,3.83,3.91,3.78,3.85,41414.0,15869.364
002743.SZ,20230726,5.99,6.08,5.97,6.04,61065.24,36868.553
002745.SZ,20230726,9.38,9.41,9.18,9.21,93110.39,86284.313
002746.SZ,20230726,8.39,8.49,8.37,8.43,61062.63,51442.013
002747.SZ,20230726,23.48,23.54,22.73,22.88,164705.75,378217.165
002748.SZ,20230726,9.38,9.63,9.36,9.55,18389.0,17496.695
002749.SZ,20230726,11.5,11.92,11.5,11.85,28964.77,34065.085
002750.SZ,20230726,9.36,9.41,9.3,9.39,39694.97,37204.998
002752.SZ,20230726,4.89,4.95,4.88,4.9,45875.1,22487.22
002753.SZ,20230726,7.42,7.43,7.37,7.4,17703.15,13096.337
002755.SZ,20230726,8.25,8.4,8.23,8.34,30438.65,25375.512
002756.SZ,20230726,54.0,54.78,53.58,54.38,96716.15,523633.318
002757.SZ,20230726,14.55,14.57,14.09,14.14,53014.25,75379.353
002758.SZ,20230726,12.52,12.82,12.4,12.7,71165.27,89897.2
002759.SZ,20230726,13.45,13.45,13.33,13.4,21627.58,28950.74
002760.SZ,20230726,24.59,24.93,24.1,24.1,12493.0,30457.321
002761.SZ,20230726,17.28,18.94,17.25,17.94,1200118.5,2181738.205
002762.SZ,20230726,9.68,10.12,9.56,9.92,283679.44,280240.807
002763.SZ,20230726,8.94,8.97,8.76,8.8,31201.0,27568.697
002765.SZ,20230726,7.54,7.55,7.3,7.32,141691.0,104602.649
002766.SZ,20230726,5.58,5.6,5.33,5.37,121497.0,65703.923
002767.SZ,20230726,14.18,14.24,13.95,14.01,14729.24,20698.077
002768.SZ,20230726,24.51,24.59,24.33,24.44,11165.99,27269.028
002769.SZ,20230726,8.46,8.51,8.31,8.39,15829.5,13315.348
002771.SZ,20230726,19.65,19.71,18.56,18.86,255757.96,484867.437
002772.SZ,20230726,9.6,9.64,9.49,9.52,74649.0,71268.68
002773.SZ,20230726,16.21,16.4,16.19,16.31,47237.39,77073.802
002774.SZ,20230726,7.97,8.06,7.85,7.87,50172.0,39888.165
002775.SZ,20230726,4.23,4.45,4.23,4.4,294589.35,129089.01
002776.SZ,20230726,1.88,2.01,1.82,2.01,351006.82,66556.384
002777.SZ,20230726,30.82,30.85,29.69,29.91,109557.16,328322.472
300411.SZ,20230726,6.7,6.76,6.65,6.7,21237.4,14223.642
300412.SZ,20230726,5.54,5.54,5.46,5.49,72481.1,39798.361
300413.SZ,20230726,35.0,35.1,32.75,34.78,170101.34,574180.173
300414.SZ,20230726,9.05,9.13,8.91,8.92,53295.3,47864.531
300415.SZ,20230726,19.84,19.93,19.11,19.29,93383.07,181443.193
300416.SZ,20230726,18.39,18.66,18.15,18.37,47565.12,87476.105
300417.SZ,20230726,11.38,11.81,11.11,11.34,90456.7,103133.723
300418.SZ,20230726,38.98,39.0,36.97,37.2,689415.02,2583516.764
300419.SZ,20230726,6.53,6.55,6.3,6.33,101122.24,64584.19
300420.SZ,20230726,3.18,3.19,3.11,3.12,137422.7,43122.67
300421.SZ,20230726,11.0,11.02,10.64,10.69,64819.64,69904.555
300422.SZ,20230726,6.73,6.89,6.71,6.85,108788.13,74412.443
300423.SZ,20230726,11.26,11.3,10.72,10.79,126727.86,138645.372
300424.SZ,20230726,13.79,13.8,13.57,13.62,23355.16,31899.463
300425.SZ,20230726,5.3,5.42,5.26,5.38,173682.6,93274.734
300426.SZ,20230726,13.26,13.46,12.7,12.8,81853.0,105784.386
300427.SZ,20230726,8.04,8.05,7.95,8.0,33094.0,26436.826
300428.SZ,20230726,25.18,25.25,24.24,24.4,102974.01,253062.153
300429.SZ,20230726,9.8,9.82,9.57,9.66,43656.16,42177.899
300430.SZ,20230726,15.97,16.14,15.63,15.72,22446.25,35441.883
300432.SZ,20230726,10.54,10.63,10.39,10.42,63425.96,66453.584
300433.SZ,20230726,12.2,12.23,12.03,12.07,131867.82,159525.215
300434.SZ,20230726,12.71,12.77,12.5,12.54,42435.0,53591.682
300435.SZ,20230726,14.51,14.54,14.18,14.23,29694.0,42433.774
300436.SZ,20230726,26.41,26.99,26.25,26.69,17558.18,46974.204
300437.SZ,20230726,14.84,17.5,14.76,16.89,321728.3,522860.509
300438.SZ,20230726,46.4,47.1,46.1,46.35,59004.37,274718.261
300439.SZ,20230726,11.41,11.5,11.39,11.44,27720.0,31693.673
300440.SZ,20230726,6.9,6.95,6.82,6.85,24185.0,16577.631
300441.SZ,20230726,6.05,6.05,5.89,5.92,43467.0,25867.156
300442.SZ,20230726,28.57,28.59,27.91,28.06,21087.2,59309.743
300443.SZ,20230726,34.24,34.72,33.44,34.11,50635.99,172558.746
300444.SZ,20230726,6.78,6.78,6.48,6.51,234030.89,153334.101
300445.SZ,20230726,16.38,16.43,15.9,16.06,33449.8,53974.616
300446.SZ,20230726,13.71,13.93,13.56,13.6,64558.32,88545.615
300447.SZ,20230726,17.36,17.49,17.05,17.11,47836.99,82668.318
300448.SZ,20230726,6.18,6.24,5.85,5.86,177050.41,105665.801
300449.SZ,20230726,6.56,6.59,6.43,6.44,68647.0,44473.696
300450.SZ,20230726,33.9,34.07,33.42,33.47,79668.8,268015.754
300451.SZ,20230726,7.54,7.56,7.41,7.44,132474.73,98899.718
300452.SZ,20230726,15.48,15.59,15.42,15.51,27797.98,43077.218
300453.SZ,20230726,6.98,7.04,6.95,6.98,14703.86,10266.539
301116.SZ,20230726,16.08,16.66,15.87,16.66,115889.5,189066.67
301117.SZ,20230726,55.95,55.95,53.05,53.29,26119.35,140718.408
301118.SZ,20230726,27.68,28.58,27.6,28.25,34818.61,98177.155
301119.SZ,20230726,26.26,26.26,25.21,25.29,9844.8,25138.364
301120.SZ,20230726,14.27,14.27,13.77,13.79,126322.34,176215.152
301121.SZ,20230726,49.17,49.17,46.82,47.0,10779.14,51319.298
301122.SZ,20230726,35.56,36.38,35.42,36.35,3426.54,12356.073
301123.SZ,20230726,25.39,25.76,24.82,25.14,32547.87,82170.162
301125.SZ,20230726,19.78,19.88,19.53,19.68,13685.6,26951.895
301126.SZ,20230726,13.3,13.93,13.2,13.6,50655.45,68752.006
301127.SZ,20230726,10.5,10.82,10.45,10.63,140034.36,148933.07
301128.SZ,20230726,33.03,33.04,31.8,32.02,8004.68,25761.364
301129.SZ,20230726,35.83,37.33,35.4,36.74,13316.51,48817.615
301130.SZ,20230726,28.67,29.3,28.51,29.08,12848.27,37337.708
301131.SZ,20230726,39.7,40.49,39.6,39.87,5647.74,22613.761
301132.SZ,20230726,29.73,29.94,28.78,28.93,58442.33,170429.786
301133.SZ,20230726,25.75,25.95,25.38,25.51,15116.03,38801.727
301135.SZ,20230726,24.77,24.77,24.0,24.04,11338.0,27468.439
301136.SZ,20230726,14.85,16.48,14.8,15.87,263479.81,414064.679
301137.SZ,20230726,16.5,16.6,16.05,16.26,23215.0,37736.934
301138.SZ,20230726,34.07,35.19,33.6,34.99,23596.51,81849.351
301139.SZ,20230726,27.09,27.32,27.02,27.05,6338.95,17195.543
301141.SZ,20230726,67.4,69.55,62.62,63.15,71734.07,470809.291
301148.SZ,20230726,22.53,25.55,22.41,25.07,70110.38,170705.692
301149.SZ,20230726,10.95,11.11,10.9,11.03,30805.4,34007.015
301150.SZ,20230726,46.18,46.85,45.73,45.91,8602.33,39804.473
301151.SZ,20230726,18.36,19.1,18.29,18.74,62831.04,117975.389
301152.SZ,20230726,46.28,47.89,45.8,47.15,34038.41,160070.419
301153.SZ,20230726,66.0,66.01,64.06,64.32,11443.58,74068.616
301155.SZ,20230726,68.46,68.55,67.62,68.07,8676.95,59101.445
301156.SZ,20230726,17.1,17.55,17.07,17.36,14484.53,25037.474
301157.SZ,20230726,52.45,53.45,51.32,52.56,10171.78,53075.357
301158.SZ,20230726,17.78,17.94,17.63,17.87,18312.0,32575.568
301159.SZ,20230726,40.6,40.64,39.01,39.2,16911.39,66803.1
301160.SZ,20230726,35.73,35.74,35.29,35.39,7540.0,26748.656
301161.SZ,20230726,22.72,23.3,22.4,22.93,19957.0,45819.194
301162.SZ,20230726,74.41,74.69,72.0,73.51,13675.16,99892.167
301163.SZ,20230726,28.65,28.65,27.84,28.04,11728.41,32901.524
301165.SZ,20230726,51.69,51.69,49.98,50.36,31390.46,158771.6
301166.SZ,20230726,43.51,44.1,43.42,43.91,6807.27,29852.198
301167.SZ,20230726,19.77,21.69,19.49,20.74,219581.69,450393.607
301168.SZ,20230726,57.42,58.45,55.78,55.87,17241.97,97989.961
600568.SH,20230726,1.73,1.74,1.72,1.73,38505.0,6668.841
600569.SH,20230726,2.07,2.21,2.06,2.18,603278.78,129492.782
600570.SH,20230726,38.01,38.1,37.37,37.66,221673.14,834501.32
600571.SH,20230726,9.25,9.25,9.08,9.1,58214.0,53193.81
600572.SH,20230726,5.64,5.66,5.53,5.56,406409.34,226852.881
600573.SH,20230726,11.33,11.33,11.16,11.27,25622.01,28803.666
600575.SH,20230726,2.56,2.59,2.55,2.58,231673.98,59458.434
600576.SH,20230726,8.01,8.06,7.92,7.94,60489.0,48154.466
600577.SH,20230726,4.24,4.25,4.2,4.23,106127.0,44787.484
600578.SH,20230726,3.63,3.66,3.6,3.64,280286.17,101676.926
600579.SH,20230726,7.42,7.42,7.19,7.21,33145.0,24036.82
600580.SH,20230726,13.09,13.09,12.78,12.82,160126.46,206075.412
600581.SH,20230726,4.13,4.34,4.11,4.26,660084.12,278166.982
600582.SH,20230726,5.82,5.83,5.75,5.76,133809.25,77247.637
600583.SH,20230726,6.39,6.45,6.29,6.33,134502.72,85342.598
600584.SH,20230726,34.3,34.6,33.86,34.15,260439.18,889486.651
600585.SH,20230726,24.7,25.0,24.7,24.92,272868.12,679626.516
600586.SH,20230726,7.91,7.96,7.79,7.82,200565.0,157299.462
600587.SH,20230726,31.31,31.67,31.1,31.18,45246.03,141769.525
600588.SH,20230726,18.66,18.8,18.39,18.48,239252.25,442725.6
600589.SH,20230726,2.59,2.61,2.52,2.52,189833.18,48253.661
600590.SH,20230726,6.84,6.88,6.79,6.82,52619.0,35900.194
600592.SH,20230726,10.0,10.01,9.63,9.65,99039.0,96302.743
600593.SH,20230726,16.79,17.1,16.44,16.49,34246.0,57049.043
600594.SH,20230726,5.28,5.31,5.25,5.28,59222.0,31274.817
600595.SH,20230726,2.79,2.82,2.77,2.82,116484.41,32562.019
600596.SH,20230726,11.71,11.98,11.65,11.79,173659.31,205383.39
600597.SH,20230726,10.71,10.83,10.67,10.82,100174.96,107796.581
600598.SH,20230726,14.0,14.0,13.84,13.98,105873.88,147204.582
600599.SH,20230726,10.58,10.64,10.5,10.51,6444.0,6796.985
600600.SH,20230726,98.9,99.1,98.08,98.81,27004.12,266271.852
600601.SH,20230726,3.76,3.76,3.61,3.64,641845.59,235452.689
600602.SH,20230726,14.91,15.1,14.2,14.27,1043836.46,1523806.903
600603.SH,20230726,6.49,6.66,6.47,6.53,212339.21,138610.177
600604.SH,20230726,5.01,5.15,5.01,5.12,178685.45,90997.289
600605.SH,20230726,19.01,19.29,18.8,19.2,36529.44,69582.435
600606.SH,20230726,3.07,3.18,3.05,3.15,1967889.89,616012.816
600608.SH,20230726,4.04,4.08,4.02,4.07,12450.1,5054.567
600609.SH,20230726,5.33,5.35,5.22,5.23,114979.28,60524.865
600610.SH,20230726,10.44,10.78,10.39,10.59,126332.95,133988.716
600611.SH,20230726,3.16,3.18,3.15,3.18,106003.39,33571.835
600612.SH,20230726,64.48,64.49,63.53,63.96,9708.74,61952.434
603189.SH,20230726,13.91,13.98,13.61,13.64,32024.0,43927.603
603190.SH,20230726,30.32,30.32,29.57,29.82,17810.6,53247.871
603191.SH,20230726,20.68,20.76,19.97,20.06,139780.67,283694.673
603195.SH,20230726,96.96,97.58,96.4,96.79,5851.9,56740.738
603197.SH,20230726,56.8,57.26,53.8,54.25,36007.38,197712.493
603198.SH,20230726,67.66,68.25,66.6,67.56,27653.68,186423.497
603199.SH,20230726,32.98,33.21,32.23,32.36,21065.51,68688.339
603200.SH,20230726,19.32,19.79,19.32,19.5,25230.8,49401.632
603201.SH,20230726,22.45,22.66,22.31,22.36,4090.4,9186.125
603203.SH,20230726,29.25,29.3,28.68,28.79,4706.66,13610.132
603206.SH,20230726,17.28,17.38,16.94,17.0,19147.43,32716.996
603208.SH,20230726,39.17,39.7,38.47,38.6,19695.43,76629.214
603209.SH,20230726,21.71,21.93,21.58,21.71,9609.8,20886.318
603211.SH,20230726,15.31,15.41,14.84,14.86,59144.0,88837.88
603212.SH,20230726,19.15,19.39,18.91,19.02,105555.27,201841.684
603213.SH,20230726,12.06,12.21,11.98,12.1,12656.0,15310.645
603215.SH,20230726,19.63,19.74,19.18,19.29,36049.68,69891.517
603216.SH,20230726,13.8,14.0,13.78,13.96,16768.2,23376.777
603217.SH,20230726,25.78,25.84,24.93,25.08,16417.8,41368.093
603218.SH,20230726,18.18,18.18,17.79,18.09,106938.84,192128.211
603219.SH,20230726,13.59,13.59,13.07,13.17,31371.8,41477.78
603220.SH,20230726,17.3,17.49,16.6,16.85,227321.82,384106.649
603221.SH,20230726,8.82,9.05,8.81,8.9,18255.0,16296.444
603222.SH,20230726,10.47,10.47,10.26,10.3,87649.43,90747.757
603223.SH,20230726,13.8,14.15,13.78,13.83,10802.55,14992.238
603225.SH,20230726,12.5,13.0,12.43,12.6,138617.13,176240.85
603226.SH,20230726,5.83,5.86,5.74,5.82,18615.08,10820.416
603227.SH,20230726,8.54,8.92,8.51,8.85,220647.91,193660.115
603228.SH,20230726,24.52,24.52,23.64,23.84,48352.13,115455.691
603229.SH,20230726,14.59,14.87,14.55,14.78,22403.19,33023.907
603230.SH,20230726,13.01,13.02,12.67,12.72,34729.0,44397.638
603235.SH,20230726,30.75,30.88,30.46,30.56,5631.95,17252.37
603236.SH,20230726,60.15,61.08,58.95,60.19,48576.09,292064.491
603238.SH,20230726,13.09,13.1,12.85,12.95,9587.45,12400.335
603239.SH,20230726,15.93,15.95,15.0,15.08,29065.0,44513.645
603255.SH,20230726,44.35,45.15,43.88,44.06,8477.49,37769.407
603258.SH,20230726,34.83,34.83,33.56,33.91,47527.82,161555.601
603260.SH,20230726,71.3,72.29,71.12,71.53,22972.83,164901.894
603261.SH,20230726,33.47,33.66,32.5,32.97,3859.0,12751.607
603266.SH,20230726,14.36,14.36,13.87,13.91,31887.11,44701.554
603267.SH,20230726,58.82,58.9,58.13,58.27,24278.43,141794.721
603268.SH,20230726,22.96,22.96,21.95,22.1,11024.4,24514.941
688272.SH,20230726,18.31,18.34,18.05,18.15,1650.19,3001.726
688273.SH,20230726,33.65,36.33,33.65,35.15,20660.53,73137.39
688275.SH,20230726,89.42,89.42,88.83,89.0,1798.44,16010.932
688276.SH,20230726,61.05,63.5,60.65,63.2,27134.2,169811.999
688277.SH,20230726,15.97,16.01,15.71,15.82,28330.51,44860.292
688278.SH,20230726,34.39,34.87,34.12,34.17,23058.65,79427.194
688279.SH,20230726,114.94,116.13,113.2,114.48,5099.21,58361.343
688281.SH,20230726,207.3,207.99,205.06,206.12,1480.61,30566.629
688282.SH,20230726,44.01,44.38,43.0,43.2,8442.81,36863.267
688283.SH,20230726,69.0,69.0,67.0,68.0,1960.38,13306.817
688285.SH,20230726,9.07,9.12,9.01,9.06,25012.67,22631.646
688286.SH,20230726,56.06,56.62,55.04,55.39,2680.24,14864.571
688287.SH,20230726,11.17,11.23,11.04,11.08,17388.54,19304.48
688288.SH,20230726,23.96,23.96,23.2,23.4,7316.79,17186.384
688289.SH,20230726,17.85,18.19,17.85,18.16,19027.7,34485.284
688290.SH,20230726,59.9,59.9,59.05,59.23,1454.28,8622.098
688291.SH,20230726,32.61,32.78,31.62,31.72,19365.42,61954.644
688292.SH,20230726,29.79,29.79,28.45,28.55,31063.94,89931.604
688293.SH,20230726,45.68,50.3,45.13,48.85,19849.9,96104.086
688295.SH,20230726,34.85,35.79,34.77,35.44,22391.72,79084.693
688296.SH,20230726,17.95,18.38,17.81,18.34,16545.49,30064.25
688297.SH,20230726,49.05,49.42,48.54,48.76,19340.38,94552.517
688298.SH,20230726,38.89,40.2,38.89,40.05,19914.99,79317.391
688299.SH,20230726,15.7,15.79,15.6,15.69,11323.05,17764.886
688300.SH,20230726,47.93,48.29,44.92,45.33,28072.57,129266.594
688301.SH,20230726,283.0,287.49,278.63,280.9,1863.25,52556.785
688302.SH,20230726,51.21,51.95,50.5,50.83,3479.43,17803.134
688303.SH,20230726,40.69,40.92,40.44,40.5,34567.61,140338.918
688305.SH,20230726,85.95,87.0,85.19,86.3,5428.99,46726.433
688306.SH,20230726,5.35,5.42,5.28,5.3,67582.32,36002.09
688307.SH,20230726,31.18,31.18,29.98,30.1,9281.92,28156.927
688308.SH,20230726,41.55,41.55,40.58,41.15,14387.54,58853.13
688309.SH,20230726,21.32,22.7,21.2,22.39,15269.67,34104.724
688310.SH,20230726,32.12,32.54,31.99,32.17,3617.19,11637.892
688312.SH,20230726,18.34,18.34,17.82,17.87,8780.19,15765.054
688313.SH,20230726,14.42,14.51,13.86,13.9,145912.05,204352.95
688314.SH,20230726,34.87,35.28,34.5,34.7,3090.78,10765.896
688315.SH,20230726,25.57,26.98,25.39,26.17,22878.94,60296.049
688316.SH,20230726,45.66,46.26,44.39,44.65,6454.36,28977.894
688318.SH,20230726,108.82,115.61,107.0,112.96,66985.11,741472.436
688319.SH,20230726,19.33,19.96,19.33,19.55,11859.4,23304.307
688321.SH,20230726,22.13,22.96,22.1,22.61,37292.8,84412.701
002076.SZ,20230726,2.7,2.93,2.68,2.77,874595.69,243009.288
002077.SZ,20230726,16.99,17.98,16.57,17.18,556744.95,967318.128
002078.SZ,20230726,11.37,11.72,11.33,11.61,198480.56,229654.721
002079.SZ,20230726,12.87,12.9,12.57,12.64,179279.05,227382.455
002080.SZ,20230726,20.82,21.4,20.76,20.8,115011.76,242347.955
002081.SZ,20230726,4.81,4.87,4.79,4.85,190780.56,92366.218
002082.SZ,20230726,7.16,7.22,7.14,7.19,29626.48,21266.603
002083.SZ,20230726,4.64,4.71,4.62,4.7,105955.69,49479.82
002084.SZ,20230726,4.2,4.2,4.16,4.18,91858.24,38438.249
002085.SZ,20230726,6.66,6.68,6.28,6.3,344831.69,221229.855
002086.SZ,20230726,2.59,2.63,2.58,2.6,37897.0,9865.252
002087.SZ,20230726,2.13,2.13,2.08,2.11,139530.56,29389.11
002088.SZ,20230726,18.18,18.5,18.02,18.38,13456.79,24659.392
002089.SZ,20230726,1.13,1.14,1.11,1.13,231241.0,25987.682
002090.SZ,20230726,11.88,11.98,11.8,11.86,33277.7,39512.596
002091.SZ,20230726,7.8,7.81,7.74,7.8,35544.48,27657.01
002092.SZ,20230726,6.99,7.25,6.99,7.21,399992.34,287648.967
002093.SZ,20230726,7.86,7.86,7.67,7.7,126036.29,97431.503
002094.SZ,20230726,3.83,3.89,3.81,3.87,108976.57,42045.317
002095.SZ,20230726,21.0,21.12,20.7,20.86,46015.16,95868.044
002096.SZ,20230726,11.77,11.9,11.7,11.83,20116.0,23779.452
002097.SZ,20230726,6.64,6.64,6.53,6.57,64918.0,42659.223
002098.SZ,20230726,6.14,6.21,6.13,6.19,26779.0,16556.278
002099.SZ,20230726,8.16,8.25,8.09,8.1,39150.0,31910.421
002100.SZ,20230726,8.1,8.15,8.04,8.1,156134.0,126394.876
002101.SZ,20230726,20.02,20.2,19.44,19.49,123924.15,244366.29
002102.SZ,20230726,3.19,3.2,3.17,3.19,52985.0,16877.786
002103.SZ,20230726,6.4,6.4,6.25,6.28,211780.01,133121.778
002104.SZ,20230726,8.69,8.71,8.54,8.57,114540.52,98633.731
002105.SZ,20230726,6.31,6.35,6.27,6.33,28235.0,17820.935
002106.SZ,20230726,8.85,8.85,8.64,8.68,60979.0,53061.755
002107.SZ,20230726,6.09,6.16,6.08,6.15,33178.63,20343.65
002108.SZ,20230726,4.59,4.6,4.54,4.56,82504.73,37628.783
002109.SZ,20230726,4.5,4.57,4.47,4.54,37164.5,16825.275
002110.SZ,20230726,4.49,4.59,4.48,4.58,137401.64,62340.054
002111.SZ,20230726,9.45,9.51,9.37,9.41,20528.22,19354.074
002112.SZ,20230726,11.85,11.94,11.56,11.73,100641.44,117972.13
002114.SZ,20230726,7.33,7.4,7.28,7.34,67249.01,49308.979
002115.SZ,20230726,6.5,6.5,6.33,6.35,223314.74,142510.528
002116.SZ,20230726,13.07,13.65,13.07,13.54,414016.97,557658.086
002117.SZ,20230726,10.44,10.5,10.01,10.1,149098.69,151386.15
002778.SZ,20230726,15.04,15.26,15.01,15.13,11390.6,17286.635
002779.SZ,20230726,24.74,24.97,24.14,24.15,6778.0,16513.758
002780.SZ,20230726,13.85,13.95,13.68,13.72,23863.0,32857.288
002782.SZ,20230726,13.8,13.84,13.52,13.56,49265.49,67141.871
002783.SZ,20230726,8.63,8.71,8.55,8.65,26358.66,22797.93
002785.SZ,20230726,23.35,23.35,22.94,23.16,18590.0,42921.884
002786.SZ,20230726,6.29,6.34,6.03,6.16,159502.0,97999.187
002787.SZ,20230726,7.35,7.39,7.29,7.34,22795.0,16712.7
002788.SZ,20230726,9.58,9.75,9.53,9.65,46908.44,45244.54
002789.SZ,20230726,15.91,16.35,15.81,16.22,89642.38,145090.015
002790.SZ,20230726,11.37,11.41,11.0,11.21,30817.84,34516.174
002791.SZ,20230726,60.8,62.55,60.4,61.53,46805.05,287703.534
002792.SZ,20230726,15.11,15.17,14.75,14.82,61900.08,91969.24
002793.SZ,20230726,5.57,5.83,5.55,5.71,116016.8,66122.06
002795.SZ,20230726,8.25,8.37,8.21,8.32,42684.92,35410.598
002796.SZ,20230726,11.06,11.07,10.65,10.69,80441.78,86630.294
002797.SZ,20230726,5.92,5.96,5.87,5.96,578865.08,342665.771
002798.SZ,20230726,7.51,7.65,7.48,7.6,58296.29,44213.859
002799.SZ,20230726,11.0,11.04,10.9,11.01,25336.02,27806.144
002800.SZ,20230726,15.47,15.65,15.38,15.52,6010.0,9336.535
002801.SZ,20230726,25.96,25.98,25.61,25.79,6557.9,16897.208
002802.SZ,20230726,11.51,11.55,11.38,11.54,14364.46,16531.432
002803.SZ,20230726,19.4,19.45,18.89,18.99,91844.76,175762.562
002805.SZ,20230726,20.3,20.45,20.16,20.25,39958.79,81076.745
002806.SZ,20230726,12.15,12.15,11.87,11.95,47230.0,56562.041
002807.SZ,20230726,3.78,3.8,3.77,3.78,106658.26,40344.084
002808.SZ,20230726,6.32,6.33,6.2,6.22,51777.0,32327.964
002809.SZ,20230726,11.1,11.22,11.05,11.1,25261.25,28091.451
002810.SZ,20230726,18.9,19.0,18.79,18.85,21227.04,40044.425
002811.SZ,20230726,8.77,8.96,8.64,8.9,22863.0,20298.57
002812.SZ,20230726,93.01,93.49,92.19,92.5,34305.7,317613.412
002813.SZ,20230726,33.63,33.63,32.86,33.06,19956.0,66074.472
002815.SZ,20230726,12.3,12.36,12.12,12.14,43712.0,53279.454
002816.SZ,20230726,9.99,10.05,9.92,10.01,3043.0,3037.887
002817.SZ,20230726,8.89,8.9,8.82,8.85,24165.64,21401.755
002818.SZ,20230726,14.53,14.75,14.42,14.73,40159.2,58577.638
002819.SZ,20230726,28.57,28.61,27.89,27.9,11029.3,31084.64
002820.SZ,20230726,11.66,11.69,11.25,11.54,169662.4,194079.365
002821.SZ,20230726,119.98,122.92,119.7,120.79,27457.13,333035.685
002822.SZ,20230726,4.46,4.56,4.43,4.49,283512.13,127674.482
002823.SZ,20230726,10.51,10.54,10.31,10.39,26608.0,27705.416
002824.SZ,20230726,19.84,19.86,19.51,19.57,18347.85,35986.458
300454.SZ,20230726,110.88,112.34,109.0,110.6,20126.33,223171.373
300455.SZ,20230726,12.2,12.2,11.9,11.91,166289.64,199442.291
300456.SZ,20230726,25.45,26.55,25.1,26.35,364973.85,948778.025
300457.SZ,20230726,25.6,28.08,25.58,27.69,548850.87,1487527.179
300458.SZ,20230726,30.28,30.37,28.82,28.95,205785.54,602751.426
300459.SZ,20230726,6.02,6.23,5.94,6.05,2180386.65,1330924.79
300460.SZ,20230726,11.85,11.95,11.56,11.64,111164.0,130064.433
300461.SZ,20230726,21.1,21.4,19.88,19.94,16618.0,33510.229
300462.SZ,20230726,11.64,11.67,11.41,11.47,23768.46,27282.955
300463.SZ,20230726,15.2,15.4,15.2,15.38,41973.8,64373.972
300464.SZ,20230726,7.18,7.18,6.82,6.87,267144.96,184447.073
300465.SZ,20230726,9.65,9.65,9.28,9.3,117933.72,110952.051
300466.SZ,20230726,6.44,6.44,6.28,6.3,59656.0,37713.046
300467.SZ,20230726,15.82,15.84,15.15,15.24,103416.68,158697.146
300468.SZ,20230726,10.47,10.5,10.3,10.32,68897.23,71413.611
300469.SZ,20230726,21.1,21.19,20.51,20.98,21486.0,44471.384
300470.SZ,20230726,44.23,44.23,42.76,43.23,12067.03,52167.133
300471.SZ,20230726,13.8,13.86,13.52,13.84,75532.19,103190.486
300472.SZ,20230726,9.64,9.66,9.32,9.35,47354.26,44737.382
300473.SZ,20230726,17.98,18.0,17.4,17.49,47718.0,84093.001
300474.SZ,20230726,79.48,79.55,77.7,77.97,60429.93,473361.152
300475.SZ,20230726,38.24,38.68,36.88,37.08,305858.34,1149722.605
300476.SZ,20230726,25.38,25.38,23.5,24.16,484614.55,1172941.616
300477.SZ,20230726,4.65,4.68,4.63,4.67,65260.86,30373.389
300478.SZ,20230726,10.76,10.92,10.61,10.9,14749.5,15987.818
300479.SZ,20230726,20.0,20.14,19.63,19.68,37443.0,74258.506
300480.SZ,20230726,22.55,22.55,21.68,22.42,35618.04,79177.507
300481.SZ,20230726,20.5,20.56,19.95,20.0,29287.0,58992.803
300482.SZ,20230726,27.17,27.32,27.02,27.18,28535.84,77542.168
300483.SZ,20230726,12.15,12.23,12.11,12.17,11114.0,13514.499
300484.SZ,20230726,13.2,13.2,12.78,12.83,30728.0,39790.549
300485.SZ,20230726,10.42,10.55,10.37,10.5,23604.6,24754.036
300486.SZ,20230726,8.85,8.86,8.67,8.7,27168.25,23712.264
300487.SZ,20230726,59.17,59.32,57.61,57.76,23029.48,134102.149
300488.SZ,20230726,23.25,23.25,22.31,22.36,10040.0,22694.694
300489.SZ,20230726,21.9,22.18,21.3,21.39,47232.15,101695.257
300490.SZ,20230726,15.35,15.35,14.87,14.97,66252.87,99046.63
300491.SZ,20230726,27.35,27.48,26.31,26.55,41225.26,110352.604
300492.SZ,20230726,55.58,58.0,55.5,57.68,5234.03,29914.419
300493.SZ,20230726,8.75,8.75,8.43,8.5,89427.65,76247.866
300494.SZ,20230726,16.93,17.0,16.18,16.31,272444.28,447318.061
300495.SZ,20230726,1.94,2.24,1.91,2.08,297987.46,61887.112
301169.SZ,20230726,44.02,44.05,42.14,42.29,13410.81,57183.381
301170.SZ,20230726,36.21,36.88,35.58,35.67,31068.38,111980.79
301171.SZ,20230726,21.33,21.5,20.79,20.95,39409.6,82689.91
301172.SZ,20230726,48.0,48.96,42.15,42.2,220206.55,996744.476
301175.SZ,20230726,5.96,6.1,5.94,6.04,271482.08,164096.465
301176.SZ,20230726,17.8,18.0,17.27,17.38,19494.56,34145.92
301177.SZ,20230726,36.5,36.83,36.05,36.16,13041.83,47366.601
301178.SZ,20230726,32.36,32.78,31.82,32.19,15311.27,49415.186
301179.SZ,20230726,28.3,28.43,27.72,28.17,22530.74,63259.595
301180.SZ,20230726,16.52,16.57,16.33,16.39,9849.91,16180.66
301181.SZ,20230726,29.0,29.3,28.67,29.03,11802.56,34169.386
301182.SZ,20230726,22.3,22.68,22.25,22.43,19958.32,44830.165
301183.SZ,20230726,61.11,64.99,59.03,63.02,99841.45,621831.042
301185.SZ,20230726,29.21,29.45,27.53,27.62,52278.4,146784.186
301186.SZ,20230726,39.22,39.28,37.35,37.5,25801.1,97849.08
301187.SZ,20230726,17.31,17.4,16.99,17.03,13316.42,22844.826
301188.SZ,20230726,16.01,16.19,15.95,16.0,6344.0,10165.746
301189.SZ,20230726,31.17,31.17,30.63,30.7,5420.0,16698.728
301190.SZ,20230726,19.23,19.95,19.14,19.8,43671.83,85737.328
301191.SZ,20230726,89.01,89.5,85.5,87.48,18749.62,163181.966
301192.SZ,20230726,28.22,29.4,25.62,25.8,83475.42,228707.19
301193.SZ,20230726,18.69,19.07,18.63,18.73,11640.0,21821.941
301195.SZ,20230726,46.01,46.14,44.83,44.91,6191.66,27979.833
301196.SZ,20230726,34.89,34.93,34.25,34.29,11866.45,41025.07
301197.SZ,20230726,23.5,25.5,23.37,25.17,59635.5,147609.126
301198.SZ,20230726,15.51,15.59,15.07,15.16,62756.76,95865.982
301199.SZ,20230726,27.3,27.3,26.22,26.29,28280.07,75103.531
301200.SZ,20230726,39.51,39.75,39.31,39.51,2707.11,10701.637
301201.SZ,20230726,25.71,26.15,25.6,25.94,15835.28,41105.243
301202.SZ,20230726,34.9,35.2,33.75,33.97,50810.53,174830.487
301203.SZ,20230726,39.14,43.2,39.03,43.2,69538.74,290893.959
301205.SZ,20230726,147.0,148.0,137.2,138.28,70316.54,991357.531
301206.SZ,20230726,31.02,31.18,30.91,31.11,7200.7,22336.966
301207.SZ,20230726,34.4,35.55,34.35,34.86,28566.21,100387.641
301208.SZ,20230726,35.17,36.26,34.23,35.63,18875.5,66789.593
301209.SZ,20230726,24.98,25.95,24.94,25.62,12411.0,31737.239
301210.SZ,20230726,44.6,45.28,44.44,44.48,9621.79,43054.994
301211.SZ,20230726,25.45,25.75,25.08,25.22,35558.0,90380.43
301212.SZ,20230726,33.62,34.29,33.45,34.18,8957.56,30419.695
301213.SZ,20230726,43.63,44.51,43.0,43.49,19744.02,86329.908
301215.SZ,20230726,6.55,6.63,6.42,6.47,135705.45,88220.223
301216.SZ,20230726,16.03,16.04,15.96,15.98,23408.32,37415.446
600613.SH,20230726,6.9,6.95,6.87,6.9,42335.01,29221.967
600615.SH,20230726,9.23,9.32,9.18,9.18,12919.0,11945.375
600616.SH,20230726,7.18,7.2,7.09,7.16,88821.19,63429.921
600617.SH,20230726,4.43,4.52,4.42,4.48,81889.0,36632.416
600618.SH,20230726,9.15,9.32,9.11,9.25,54913.56,50623.805
600619.SH,20230726,6.33,6.35,6.23,6.25,40330.0,25285.181
600620.SH,20230726,12.4,12.4,12.3,12.31,16146.67,19934.702
600621.SH,20230726,11.18,11.26,11.05,11.16,134197.16,149746.379
600622.SH,20230726,3.12,3.28,3.09,3.22,797034.21,255003.239
600623.SH,20230726,6.51,6.6,6.51,6.58,64013.77,42007.406
600624.SH,20230726,6.05,6.06,6.01,6.02,21103.38,12719.483
600626.SH,20230726,3.65,3.69,3.65,3.67,42384.01,15550.974
600628.SH,20230726,7.69,7.74,7.65,7.71,38768.0,29865.764
600629.SH,20230726,7.05,7.43,7.02,7.39,1145046.23,822026.362
600630.SH,20230726,5.83,5.85,5.77,5.8,47758.0,27699.931
600633.SH,20230726,14.59,14.63,14.12,14.19,403400.37,577683.15
600635.SH,20230726,3.46,3.47,3.44,3.47,124180.28,42938.649
600636.SH,20230726,11.79,11.79,11.3,11.39,133111.06,152692.246
600637.SH,20230726,8.1,8.1,7.94,7.97,197612.8,157734.745
600638.SH,20230726,6.6,6.84,6.22,6.84,466974.01,311644.67
600639.SH,20230726,12.83,13.05,12.74,12.94,169012.84,218449.556
600640.SH,20230726,11.75,11.76,11.26,11.32,103894.23,118590.481
600641.SH,20230726,18.35,18.47,18.22,18.28,61548.11,112868.811
600642.SH,20230726,6.72,6.74,6.65,6.73,180486.76,120842.319
600643.SH,20230726,5.24,5.29,5.23,5.28,79250.47,41708.445
600644.SH,20230726,7.21,7.23,7.16,7.21,31373.1,22564.559
600645.SH,20230726,17.25,17.42,17.18,17.36,28173.0,48893.222
600647.SH,20230726,14.27,14.39,14.05,14.19,9282.0,13185.883
600648.SH,20230726,11.64,11.86,11.6,11.78,46747.81,54913.435
600649.SH,20230726,4.24,4.36,4.22,4.32,497000.25,214097.698
600650.SH,20230726,9.91,9.98,9.91,9.98,13770.0,13695.221
600651.SH,20230726,3.85,3.87,3.8,3.81,78889.48,30149.527
600653.SH,20230726,1.93,2.1,1.92,1.99,640031.54,127798.201
600654.SH,20230726,2.18,2.2,2.18,2.18,23694.0,5181.55
600655.SH,20230726,7.23,7.26,7.2,7.26,133955.02,96963.723
600657.SH,20230726,4.7,4.89,4.66,4.77,630067.86,300582.567
600658.SH,20230726,5.84,6.05,5.83,6.03,455015.2,271203.548
600660.SH,20230726,37.18,37.25,36.92,37.02,56378.71,209127.252
600661.SH,20230726,9.27,9.27,9.15,9.19,23266.0,21419.536
600662.SH,20230726,6.0,6.08,5.99,6.07,73094.0,44178.16
600663.SH,20230726,10.59,10.83,10.51,10.75,130130.53,139506.495
603269.SH,20230726,13.83,14.67,13.73,14.19,84729.4,120898.454
603272.SH,20230726,17.46,17.78,17.46,17.73,15917.62,28089.984
603277.SH,20230726,26.05,26.61,25.52,26.01,23531.0,61573.699
603278.SH,20230726,11.89,12.0,11.76,11.87,28257.51,33511.238
603281.SH,20230726,31.86,31.86,31.63,31.81,9383.42,29786.832
603282.SH,20230726,31.03,31.1,30.33,30.44,7656.0,23515.266
603283.SH,20230726,35.67,35.82,35.0,35.1,32813.32,116096.652
603286.SH,20230726,18.64,18.76,18.25,18.32,26981.0,49637.245
603288.SH,20230726,44.71,45.15,44.7,45.14,110130.8,494623.036
603289.SH,20230726,10.69,10.74,10.48,10.52,18797.0,19863.505
603290.SH,20230726,217.17,218.36,214.6,214.6,10104.27,217960.065
603291.SH,20230726,17.0,17.84,16.87,17.3,147969.54,257322.256
603297.SH,20230726,84.11,84.4,82.5,83.05,6502.0,53913.916
603298.SH,20230726,24.93,25.0,23.95,24.07,83259.18,202036.867
603299.SH,20230726,10.07,10.17,10.04,10.08,53986.66,54563.708
603300.SH,20230726,6.14,6.37,6.09,6.28,286786.44,179823.176
603301.SH,20230726,28.65,29.14,28.65,29.08,16089.0,46614.061
603303.SH,20230726,14.61,14.69,14.42,14.46,7838.2,11375.705
603305.SH,20230726,26.5,26.5,25.4,25.52,86263.34,221730.347
603306.SH,20230726,29.96,29.96,29.26,29.47,23342.0,68838.195
603307.SH,20230726,48.79,49.46,48.5,48.81,5007.0,24499.54
603308.SH,20230726,17.0,17.09,16.86,16.98,15016.81,25496.314
603309.SH,20230726,14.85,15.09,14.81,14.97,27720.3,41476.024
603311.SH,20230726,11.5,11.55,11.47,11.52,13720.0,15792.521
603313.SH,20230726,11.54,11.58,11.22,11.28,35591.42,40353.138
603316.SH,20230726,7.42,7.44,7.13,7.19,89441.6,64868.597
603318.SH,20230726,8.3,8.35,8.26,8.35,44531.0,36966.389
603319.SH,20230726,17.09,17.15,16.76,17.03,53356.04,90236.324
603320.SH,20230726,14.8,14.84,14.59,14.69,8191.4,12028.389
603321.SH,20230726,7.97,7.97,7.84,7.86,23799.0,18761.197
603322.SH,20230726,27.11,27.25,25.69,25.88,133029.73,347835.246
603323.SH,20230726,4.34,4.36,4.33,4.35,129776.6,56376.653
603324.SH,20230726,34.3,34.4,33.85,34.16,4023.0,13725.547
603326.SH,20230726,8.45,8.49,8.31,8.39,17524.0,14710.915
603327.SH,20230726,12.09,12.15,11.91,11.97,19269.52,23112.417
603328.SH,20230726,7.98,7.98,7.77,7.8,109167.1,85282.282
603329.SH,20230726,13.15,13.23,12.91,13.0,24576.41,32096.509
603330.SH,20230726,10.28,10.95,10.1,10.15,158671.43,164747.424
603331.SH,20230726,14.19,14.21,13.92,13.96,15129.4,21225.138
603332.SH,20230726,8.74,8.8,8.68,8.78,12195.34,10687.031
603333.SH,20230726,4.98,4.99,4.87,4.89,60057.0,29482.28
603336.SH,20230726,5.31,5.34,5.28,5.34,30645.81,16264.081
688322.SH,20230726,35.03,35.05,34.01,34.25,27484.96,94603.457
688325.SH,20230726,40.53,40.53,39.95,40.0,3854.8,15478.825
688326.SH,20230726,142.32,142.5,135.9,136.67,15190.74,209605.426
688327.SH,20230726,16.82,17.53,16.58,16.83,313422.63,536055.759
688328.SH,20230726,27.55,27.79,26.13,26.35,21498.48,56960.436
688329.SH,20230726,28.6,29.15,28.39,28.9,7915.66,22873.161
688330.SH,20230726,35.45,35.45,35.0,35.05,6573.52,23089.177
688331.SH,20230726,67.94,69.73,67.93,69.25,21225.52,146559.052
688332.SH,20230726,68.87,68.87,67.47,68.05,6140.85,41680.923
688333.SH,20230726,122.26,125.8,121.74,124.07,22502.23,279298.28
688334.SH,20230726,17.45,17.45,17.14,17.24,28899.27,49879.889
688335.SH,20230726,24.51,25.39,24.51,25.31,6139.92,15435.343
688336.SH,20230726,19.88,20.12,19.69,19.83,39672.88,78856.284
688337.SH,20230726,55.0,55.0,53.22,53.88,6221.29,33492.685
688338.SH,20230726,37.11,37.61,36.9,36.98,5908.42,21954.14
688345.SH,20230726,36.66,36.76,35.9,36.05,2797.31,10158.667
688348.SH,20230726,168.88,172.83,167.0,168.72,8729.07,148004.186
688350.SH,20230726,16.92,17.2,16.8,17.03,5803.02,9897.365
688355.SH,20230726,26.0,26.3,25.75,26.07,6201.47,16099.26
688356.SH,20230726,107.1,109.89,105.32,108.38,3105.86,33586.554
688357.SH,20230726,61.51,61.98,61.36,61.69,2361.8,14558.73
688358.SH,20230726,45.54,46.38,45.35,45.86,8490.84,38971.566
688359.SH,20230726,60.8,61.2,59.62,61.05,4986.84,30143.516
688360.SH,20230726,21.05,21.15,20.71,20.79,6423.74,13376.389
688361.SH,20230726,73.13,78.85,72.41,74.69,38844.82,295823.18
688363.SH,20230726,93.9,95.5,93.3,94.7,19140.07,181278.376
688365.SH,20230726,13.5,13.5,13.0,13.05,42954.79,56664.144
688366.SH,20230726,87.62,91.5,87.61,90.35,13463.76,121494.668
688367.SH,20230726,18.0,18.08,17.8,18.0,3992.67,7169.047
688368.SH,20230726,134.29,135.2,130.1,130.97,6612.35,87571.023
688369.SH,20230726,52.98,53.88,50.91,53.55,17736.66,93252.034
688370.SH,20230726,27.04,28.67,26.99,28.63,29958.25,84530.971
688371.SH,20230726,20.1,20.39,19.72,19.73,14398.92,28622.373
688372.SH,20230726,100.41,104.48,98.17,102.42,8372.39,85034.38
688373.SH,20230726,7.67,7.93,7.59,7.8,36886.78,28602.424
688375.SH,20230726,76.05,76.6,75.5,76.32,2671.62,20344.434
688376.SH,20230726,34.9,36.6,34.37,34.82,28214.84,99982.004
688377.SH,20230726,28.45,28.45,27.1,27.31,6913.38,18955.141
688379.SH,20230726,19.67,19.96,19.61,19.71,6809.53,13442.818
688380.SH,20230726,29.9,29.9,29.11,29.29,12176.33,35893.594
688381.SH,20230726,32.3,32.3,31.2,31.41,13406.6,42263.22
688382.SH,20230726,14.38,14.74,14.23,14.52,14455.32,21025.661
920575.BJ,20230726,16.89,17.68,16.73,17.5,10602.4,18487.892
920957.BJ,20230726,4.96,4.98,4.96,4.97,87.34,43.449
920087.BJ,20230726,7.33,7.46,7.18,7.41,16695.66,12211.366
920839.BJ,20230726,7.71,7.95,7.7,7.87,2050.83,1609.637
920351.BJ,20230726,5.4,5.4,5.37,5.39,888.41,477.762
920885.BJ,20230726,5.6,5.6,5.53,5.56,377.71,210.119
920925.BJ,20230726,9.34,9.4,9.14,9.29,1846.01,1706.07
920906.BJ,20230726,13.4,13.4,12.75,12.75,4541.35,5873.081
920299.BJ,20230726,4.12,4.17,4.11,4.15,549.0,226.728
920946.BJ,20230726,7.56,7.56,7.49,7.5,2721.53,2046.189
920396.BJ,20230726,6.5,6.54,6.5,6.52,7.0,4.562
920190.BJ,20230726,10.32,10.32,10.25,10.32,1584.38,1628.467
920199.BJ,20230726,12.18,12.18,12.13,12.16,235.69,286.301
920357.BJ,20230726,8.37,8.48,8.37,8.44,217.3,182.706
920799.BJ,20230726,7.83,7.83,7.61,7.61,3107.69,2386.911
920717.BJ,20230726,4.46,4.47,4.44,4.45,3930.02,1748.493
920374.BJ,20230726,8.06,8.07,7.91,7.92,1718.67,1364.958
920471.BJ,20230726,8.01,8.05,7.98,8.03,897.39,719.841
920146.BJ,20230726,2.6,2.67,2.57,2.64,2475.06,651.321
920247.BJ,20230726,6.66,6.69,6.6,6.66,1102.15,730.737
920242.BJ,20230726,9.03,9.03,8.87,8.89,835.47,746.098
920089.BJ,20230726,10.0,10.05,10.0,10.05,220.65,221.236
920809.BJ,20230726,8.41,8.45,8.4,8.43,4731.6,3990.039
920571.BJ,20230726,3.45,3.52,3.45,3.49,2303.5,805.639
920924.BJ,20230726,6.18,6.23,6.14,6.21,937.37,579.118
920139.BJ,20230726,10.58,10.58,10.5,10.54,4207.73,4428.385
920455.BJ,20230726,3.43,3.43,3.35,3.37,20817.54,7013.262
920427.BJ,20230726,5.54,6.54,5.53,5.89,15618.11,9430.78
920640.BJ,20230726,16.2,16.28,16.0,16.09,767.44,1236.065
920895.BJ,20230726,5.98,5.98,5.94,5.98,745.18,444.629
920834.BJ,20230726,3.57,3.6,3.56,3.6,1438.0,514.613
920260.BJ,20230726,5.0,5.05,4.99,5.04,628.45,314.92
920145.BJ,20230726,4.63,4.65,4.62,4.63,1317.79,610.983
920942.BJ,20230726,9.2,9.23,9.15,9.2,444.04,408.789
920566.BJ,20230726,6.25,6.25,6.12,6.16,2131.24,1313.54
920807.BJ,20230726,5.24,5.25,5.23,5.25,415.09,217.391
920047.BJ,20230726,11.9,11.93,11.65,11.74,2357.8,2760.764
920263.BJ,20230726,4.72,4.76,4.63,4.74,2548.77,1197.818
920433.BJ,20230726,3.27,3.27,3.24,3.25,2727.84,886.643
920000.BJ,20230726,5.15,5.2,5.11,5.15,1149.56,590.993
000001.SZ,20230726,11.65,11.74,11.56,11.67,751662.68,875260.135
000002.SZ,20230726,14.8,14.97,14.69,14.87,1439549.7,2135930.247
000004.SZ,20230726,17.43,19.39,17.11,19.39,364914.8,682715.166
002119.SZ,20230726,14.9,14.96,14.5,14.56,350174.63,514021.177
002120.SZ,20230726,10.01,10.06,9.91,9.95,152893.11,152207.1
002121.SZ,20230726,6.52,6.52,6.36,6.37,181454.42,116255.744
002122.SZ,20230726,3.79,3.79,3.64,3.65,305532.0,112592.33
002123.SZ,20230726,15.31,15.34,14.36,14.51,475804.97,699494.995
002124.SZ,20230726,4.55,4.59,4.54,4.59,166491.94,76117.485
002125.SZ,20230726,12.31,12.34,12.12,12.16,49526.0,60478.519
002126.SZ,20230726,17.36,17.45,16.5,16.58,145185.67,243315.02
002127.SZ,20230726,3.88,3.92,3.85,3.91,221616.3,86286.972
002128.SZ,20230726,13.63,13.66,13.5,13.6,56100.83,76123.158
002129.SZ,20230726,29.13,29.59,28.92,29.06,295892.98,863608.292
002130.SZ,20230726,7.3,7.31,7.12,7.17,211567.36,151956.728
002131.SZ,20230726,2.31,2.31,2.28,2.3,964802.72,220912.204
002132.SZ,20230726,3.55,3.59,3.54,3.58,74137.96,26468.151
002133.SZ,20230726,3.85,3.92,3.82,3.88,348850.72,135100.613
002134.SZ,20230726,10.2,10.3,9.98,10.06,107181.59,108127.433
002135.SZ,20230726,6.83,7.09,6.81,6.91,223565.28,154680.299
002136.SZ,20230726,11.8,12.08,11.74,12.0,43947.67,52574.203
002137.SZ,20230726,6.74,6.74,6.59,6.62,79744.0,52930.494
002138.SZ,20230726,25.87,26.05,25.27,25.4,65681.09,167460.867
002139.SZ,20230726,11.7,11.7,11.43,11.49,149336.58,172237.169
002140.SZ,20230726,9.25,9.33,9.22,9.28,36995.03,34325.893
002141.SZ,20230726,3.33,3.37,3.31,3.36,89421.0,29958.229
002142.SZ,20230726,26.62,26.86,26.45,26.69,311930.36,832321.602
002144.SZ,20230726,11.44,11.58,11.35,11.57,36970.55,42566.996
002145.SZ,20230726,5.86,6.02,5.81,6.02,314690.47,187280.587
002146.SZ,20230726,2.78,2.79,2.67,2.79,4717479.62,1305338.513
002148.SZ,20230726,5.86,5.86,5.75,5.77,59192.57,34160.934
002149.SZ,20230726,16.75,16.94,16.59,16.75,25678.75,42914.551
002150.SZ,20230726,16.33,16.41,16.03,16.12,43710.0,70550.173
002151.SZ,20230726,33.53,33.57,32.13,32.59,115980.29,378991.743
002152.SZ,20230726,11.65,11.66,11.35,11.43,147235.8,168480.351
002153.SZ,20230726,13.49,13.55,13.24,13.3,75410.97,100656.668
002154.SZ,20230726,6.1,6.13,5.86,5.93,317169.67,187991.266
002155.SZ,20230726,12.0,12.18,11.97,12.17,358603.28,433277.141
002156.SZ,20230726,24.0,24.0,23.09,23.36,607772.63,1423209.472
002157.SZ,20230726,2.77,2.79,2.62,2.64,990528.58,263921.917
002158.SZ,20230726,25.5,25.89,25.38,25.56,63361.33,162208.977
002159.SZ,20230726,16.97,17.23,16.78,16.84,32762.0,55644.637
002160.SZ,20230726,4.19,4.2,4.15,4.18,64122.09,26738.172
002161.SZ,20230726,5.46,5.49,5.35,5.38,88932.0,47924.843
002825.SZ,20230726,8.84,8.85,8.79,8.81,20746.16,18284.655
002826.SZ,20230726,10.89,10.97,10.87,10.91,30863.0,33704.706
002827.SZ,20230726,11.8,11.94,11.72,11.86,30267.9,35820.22
002828.SZ,20230726,8.59,8.62,8.54,8.59,19111.0,16390.89
002829.SZ,20230726,32.01,32.01,31.32,31.4,21012.6,66435.082
002830.SZ,20230726,13.72,14.0,13.52,13.59,20534.0,28043.882
002831.SZ,20230726,25.65,25.97,25.65,25.88,17223.49,44471.426
002832.SZ,20230726,33.4,33.46,32.4,32.61,41786.82,137175.887
002833.SZ,20230726,18.1,18.1,17.29,17.34,42118.6,74043.713
002835.SZ,20230726,18.66,18.66,17.75,17.83,54646.0,98693.67
002836.SZ,20230726,8.38,8.47,8.35,8.46,17387.64,14647.449
002837.SZ,20230726,29.33,29.49,28.65,28.91,38505.21,111202.254
002838.SZ,20230726,16.08,16.08,15.88,15.95,16262.21,25985.274
002839.SZ,20230726,4.35,4.38,4.35,4.38,111449.21,48625.515
002840.SZ,20230726,17.48,17.72,17.06,17.6,51063.9,88897.45
002841.SZ,20230726,62.52,62.68,61.53,62.1,12903.19,80164.128
002842.SZ,20230726,8.84,8.87,8.74,8.81,17219.0,15132.567
002843.SZ,20230726,19.01,19.19,18.72,18.81,22042.0,41544.634
002845.SZ,20230726,18.01,18.11,16.82,17.69,368646.89,646815.794
002846.SZ,20230726,12.8,12.93,12.5,12.58,74972.65,95003.369
002847.SZ,20230726,85.2,86.47,84.4,85.14,9648.43,82670.087
002848.SZ,20230726,10.08,10.1,9.81,9.81,52504.0,51934.945
002849.SZ,20230726,16.0,16.28,15.41,15.71,108416.39,171471.661
002850.SZ,20230726,123.5,125.02,122.5,124.38,9660.27,119868.704
002851.SZ,20230726,33.17,33.53,32.5,32.71,16914.99,55470.882
002852.SZ,20230726,12.11,12.14,11.93,12.04,42888.0,51507.463
002853.SZ,20230726,19.04,19.13,18.38,18.61,64124.5,120351.356
002855.SZ,20230726,10.51,10.53,10.15,10.19,18321.0,18759.837
002856.SZ,20230726,10.57,10.88,10.51,10.74,49332.8,53014.352
002857.SZ,20230726,19.9,20.04,19.24,19.49,17135.6,33372.08
002858.SZ,20230726,20.8,20.8,19.6,19.8,71301.0,143348.187
002859.SZ,20230726,29.5,29.51,28.7,28.91,19240.4,55797.613
002860.SZ,20230726,13.57,13.65,13.34,13.43,36175.4,48698.277
002861.SZ,20230726,11.76,11.8,11.66,11.69,17625.2,20633.642
002862.SZ,20230726,19.09,19.14,18.71,18.83,18379.5,34740.731
002863.SZ,20230726,6.56,6.56,6.35,6.4,509279.09,326827.891
002864.SZ,20230726,38.76,39.05,38.27,38.4,16718.0,64638.424
002865.SZ,20230726,111.02,117.48,109.82,113.03,99035.02,1128616.689
002866.SZ,20230726,27.16,27.85,26.65,26.99,204301.15,557214.984
002867.SZ,20230726,16.39,16.53,16.3,16.36,29815.83,48949.919
002868.SZ,20230726,33.38,33.5,32.9,33.29,6201.4,20614.981
002869.SZ,20230726,19.72,19.72,18.58,18.71,63003.0,119698.485
300496.SZ,20230726,90.0,90.05,87.83,88.2,69058.28,610643.899
300497.SZ,20230726,13.55,13.7,13.47,13.59,30866.44,41893.08
300498.SZ,20230726,18.01,18.12,17.78,18.05,227019.62,408335.958
300499.SZ,20230726,15.46,15.55,14.6,14.71,200584.12,298655.374
300500.SZ,20230726,19.21,20.68,19.06,20.17,210377.66,421067.535
300501.SZ,20230726,16.25,16.35,16.04,16.09,18714.22,30212.738
300502.SZ,20230726,57.81,58.0,53.8,55.0,396162.09,2194608.489
300503.SZ,20230726,16.41,16.5,15.38,15.56,312060.77,493417.199
300504.SZ,20230726,17.91,17.91,17.33,17.48,36524.0,63888.929
300505.SZ,20230726,19.0,21.44,19.0,20.8,250342.67,506718.681
300506.SZ,20230726,6.96,7.74,6.72,6.81,332727.88,232553.421
300507.SZ,20230726,6.2,6.22,5.98,6.0,220719.13,133802.106
300508.SZ,20230726,31.75,31.97,30.9,31.0,13999.77,43778.132
300509.SZ,20230726,7.23,7.28,7.12,7.13,32541.0,23320.896
300510.SZ,20230726,6.21,6.35,6.12,6.19,242690.56,151089.84
300511.SZ,20230726,7.17,7.19,7.08,7.1,109724.89,78052.524
300512.SZ,20230726,8.5,8.53,8.19,8.22,122571.98,101796.678
300513.SZ,20230726,13.61,13.68,13.3,13.35,68898.88,92577.008
300514.SZ,20230726,13.3,13.31,12.46,12.55,126078.0,160154.699
300515.SZ,20230726,13.93,13.99,13.58,13.67,41360.43,56648.43
300516.SZ,20230726,30.95,31.11,30.55,30.62,11772.0,36140.054
300517.SZ,20230726,15.4,15.74,15.23,15.6,30110.0,46775.346
300518.SZ,20230726,21.3,21.32,20.75,20.81,17463.18,36508.596
300519.SZ,20230726,16.38,16.45,16.27,16.44,13665.0,22385.91
300520.SZ,20230726,21.56,21.57,21.0,21.05,43197.37,91555.12
300521.SZ,20230726,13.54,13.77,13.23,13.63,47805.0,64804.724
300522.SZ,20230726,12.98,13.08,12.77,12.83,29038.4,37449.165
300523.SZ,20230726,22.82,22.87,22.48,22.51,10587.0,23932.262
300525.SZ,20230726,15.9,16.1,15.75,15.98,43413.1,69300.724
300527.SZ,20230726,8.47,8.6,8.34,8.37,80224.83,67529.758
300528.SZ,20230726,12.11,12.6,11.63,11.8,307852.87,368453.954
300529.SZ,20230726,22.33,23.46,22.26,23.2,117855.92,271264.025
300530.SZ,20230726,21.97,22.08,21.75,21.98,4915.49,10788.485
300531.SZ,20230726,14.04,14.08,13.79,13.84,27931.5,38820.446
300532.SZ,20230726,19.22,19.26,18.4,18.52,118496.75,220961.339
300533.SZ,20230726,35.3,35.4,34.04,34.38,81142.6,279698.908
300534.SZ,20230726,9.47,9.51,9.39,9.42,40967.5,38637.478
300535.SZ,20230726,15.19,15.35,15.11,15.28,9967.69,15182.561
300536.SZ,20230726,15.0,15.23,14.92,15.05,21766.25,32725.678
300537.SZ,20230726,15.74,15.74,15.29,15.34,32565.0,50118.606
300538.SZ,20230726,15.62,15.62,15.25,15.26,17634.0,27090.231
300539.SZ,20230726,13.25,13.25,12.67,12.69,22389.06,28596.007
301217.SZ,20230726,13.77,13.82,13.58,13.72,41477.77,56773.589
301218.SZ,20230726,35.62,38.32,34.41,35.48,206814.42,752223.763
301219.SZ,20230726,39.26,39.39,38.92,39.05,8883.49,34707.313
301220.SZ,20230726,34.37,35.07,34.27,34.88,6979.0,24347.308
301221.SZ,20230726,60.8,61.0,58.46,58.73,33047.46,195613.987
301222.SZ,20230726,29.08,29.45,29.02,29.31,5769.32,16879.955
301223.SZ,20230726,20.0,20.0,19.68,19.76,25808.37,51084.438
301225.SZ,20230726,35.55,35.56,34.35,34.35,24271.88,84259.87
301226.SZ,20230726,26.59,26.6,25.41,25.51,41991.37,108705.608
301227.SZ,20230726,29.62,31.9,29.59,31.23,43789.04,135996.391
301228.SZ,20230726,16.03,16.67,16.03,16.46,31097.52,51072.606
301229.SZ,20230726,32.5,32.76,31.65,31.84,17350.67,55426.137
301230.SZ,20230726,47.01,48.61,46.6,47.74,22578.53,107934.205
301231.SZ,20230726,35.17,35.79,33.69,34.22,33253.15,114805.535
301232.SZ,20230726,57.58,58.27,57.52,57.65,5660.78,32747.587
301233.SZ,20230726,42.45,42.77,41.64,41.8,7756.0,32680.57
301234.SZ,20230726,30.54,31.13,30.43,30.84,8582.0,26486.779
301235.SZ,20230726,28.22,28.7,28.1,28.31,5573.97,15833.616
301236.SZ,20230726,23.82,23.82,22.85,22.94,113899.98,263982.336
301237.SZ,20230726,29.91,30.22,29.9,30.1,3980.4,11967.159
301238.SZ,20230726,20.2,20.32,20.17,20.28,22037.32,44608.86
301239.SZ,20230726,101.79,102.36,100.38,101.62,10203.73,103608.298
301246.SZ,20230726,32.26,32.43,31.92,32.01,11613.08,37374.961
301248.SZ,20230726,21.41,21.45,20.68,20.77,27506.0,57668.073
301252.SZ,20230726,50.67,51.5,48.67,49.1,35095.78,175415.207
301255.SZ,20230726,46.92,47.99,44.3,44.8,95663.03,434906.152
301256.SZ,20230726,8.98,9.22,8.91,9.18,51987.38,47489.073
301257.SZ,20230726,54.75,55.73,53.45,54.99,14108.67,77339.08
301258.SZ,20230726,40.23,40.38,39.78,40.07,16576.95,66473.582
301259.SZ,20230726,14.57,16.1,14.53,15.63,108724.7,169433.134
301260.SZ,20230726,23.3,23.31,22.94,22.97,23901.0,55223.644
301261.SZ,20230726,42.5,42.98,41.45,41.59,24718.86,103918.666
301262.SZ,20230726,30.16,31.18,29.71,30.03,86811.48,263349.429
301263.SZ,20230726,20.25,20.43,19.8,20.11,41109.33,82833.275
301265.SZ,20230726,12.25,13.49,12.19,12.96,216187.46,280769.904
301266.SZ,20230726,62.98,63.55,60.5,60.65,14045.0,86368.305
301267.SZ,20230726,42.74,43.66,42.32,43.18,37202.37,160930.625
301268.SZ,20230726,35.46,35.46,34.22,34.26,17593.93,61085.192
301269.SZ,20230726,101.8,104.44,101.06,102.83,15990.48,164884.818
301270.SZ,20230726,46.69,46.7,45.53,45.88,8528.79,39192.957
301272.SZ,20230726,70.35,72.2,69.32,72.19,33186.04,235739.813
301273.SZ,20230726,32.56,32.65,31.69,31.91,4788.1,15293.0
600664.SH,20230726,3.28,3.32,3.27,3.31,210668.89,69494.004
600665.SH,20230726,4.37,4.53,4.34,4.46,338208.09,150174.08
600666.SH,20230726,2.05,2.14,2.04,2.1,88932.0,18665.982
600667.SH,20230726,7.48,7.48,7.3,7.32,482766.32,356332.362
600668.SH,20230726,11.85,12.05,11.84,12.04,48271.02,57802.942
600671.SH,20230726,9.05,9.2,8.97,9.12,10376.88,9412.027
600673.SH,20230726,6.92,6.94,6.88,6.94,44031.87,30432.749
600674.SH,20230726,14.5,14.7,14.43,14.6,94869.33,138461.867
600675.SH,20230726,3.4,3.73,3.36,3.52,821228.86,290986.651
600676.SH,20230726,4.36,4.38,4.33,4.38,75211.52,32740.497
600678.SH,20230726,5.65,5.94,5.63,5.84,219955.84,128204.961
600679.SH,20230726,8.84,8.98,8.75,8.86,38762.0,34451.434
600681.SH,20230726,4.62,4.68,4.62,4.66,40555.36,18891.584
600682.SH,20230726,8.12,8.21,8.1,8.19,60801.69,49659.576
600683.SH,20230726,6.49,7.13,6.37,6.84,1137435.26,767621.524
600684.SH,20230726,3.66,3.83,3.62,3.77,431707.89,162576.103
600685.SH,20230726,27.6,28.05,27.15,27.31,78004.79,215334.269
600686.SH,20230726,8.08,8.13,7.78,7.86,308429.68,243579.693
600688.SH,20230726,3.12,3.14,3.11,3.14,140427.81,43926.202
600689.SH,20230726,9.77,9.93,9.72,9.93,17588.0,17321.138
600690.SH,20230726,23.8,23.97,23.67,23.89,167318.33,398374.415
600691.SH,20230726,3.3,3.45,3.28,3.38,191245.42,64612.792
600692.SH,20230726,6.1,6.31,6.08,6.21,144829.75,89718.328
600693.SH,20230726,4.15,4.22,4.11,4.21,111098.0,46411.762
600694.SH,20230726,19.49,19.5,19.2,19.34,17506.33,33820.155
600696.SH,20230726,25.2,25.3,25.0,25.15,7367.01,18521.16
600697.SH,20230726,13.15,13.23,12.99,13.2,25191.01,33108.066
600698.SH,20230726,4.71,4.71,4.61,4.64,53161.21,24667.752
600699.SH,20230726,19.6,19.62,18.77,18.81,377275.77,717068.402
600702.SH,20230726,143.0,146.74,140.48,143.15,165904.38,2376959.644
600703.SH,20230726,16.75,16.8,16.61,16.68,199329.27,332443.092
600704.SH,20230726,4.99,5.0,4.95,4.98,264404.31,131603.059
600705.SH,20230726,3.91,3.92,3.85,3.88,614557.22,238588.491
600706.SH,20230726,17.88,18.5,17.71,17.96,262489.75,475093.64
600707.SH,20230726,6.38,6.52,6.23,6.4,502315.18,320262.589
600708.SH,20230726,2.45,2.7,2.43,2.6,1386882.96,356768.326
600710.SH,20230726,8.5,8.62,8.41,8.44,110929.07,94358.265
600711.SH,20230726,5.06,5.08,5.02,5.08,202071.1,102243.857
600712.SH,20230726,4.16,4.25,4.15,4.23,169736.59,71216.595
600713.SH,20230726,5.39,5.45,5.39,5.44,60006.0,32587.802
600714.SH,20230726,9.38,9.38,9.22,9.3,8609.0,8000.687
600715.SH,20230726,2.29,2.36,2.25,2.31,496198.0,114248.898
603337.SH,20230726,20.31,20.68,20.23,20.5,12092.59,24808.295
603338.SH,20230726,61.2,61.65,59.71,60.17,38084.57,231183.327
603339.SH,20230726,15.21,15.21,14.97,15.0,21576.9,32488.413
603345.SH,20230726,151.78,154.16,150.71,153.3,17846.24,273361.46
603348.SH,20230726,55.0,57.76,54.1,54.82,113395.29,630922.46
603351.SH,20230726,26.84,27.97,26.84,26.94,5026.0,13647.272
603353.SH,20230726,20.2,20.3,20.01,20.05,4525.7,9106.711
603355.SH,20230726,27.81,27.98,27.51,27.6,9825.58,27148.513
603356.SH,20230726,13.44,13.48,13.23,13.33,13541.0,18019.479
603357.SH,20230726,10.51,11.19,10.46,11.09,404232.34,440010.199
603359.SH,20230726,10.58,10.72,10.54,10.65,69625.71,74010.312
603360.SH,20230726,11.41,11.47,11.28,11.37,30309.09,34429.772
603363.SH,20230726,9.3,9.48,9.27,9.4,98723.8,92599.059
603365.SH,20230726,15.02,15.47,15.0,15.17,14300.11,21664.433
603366.SH,20230726,6.14,6.19,6.08,6.18,116322.02,71433.358
603368.SH,20230726,21.81,22.33,21.63,21.75,70090.67,153756.318
603369.SH,20230726,59.42,59.6,58.41,58.95,43017.16,253571.278
603377.SH,20230726,7.63,7.73,7.56,7.6,30305.0,23065.553
603378.SH,20230726,10.33,10.35,9.97,10.14,170710.86,172201.55
603379.SH,20230726,28.51,29.36,28.25,29.0,68761.02,199248.668
603380.SH,20230726,25.18,25.39,24.11,24.28,24824.0,60983.246
603383.SH,20230726,57.16,57.2,55.38,55.89,13970.0,78234.329
603385.SH,20230726,8.22,8.4,8.14,8.37,39672.82,32956.027
603386.SH,20230726,11.45,11.47,11.22,11.26,15157.4,17106.289
603387.SH,20230726,12.64,12.69,12.52,12.67,26674.19,33704.471
603388.SH,20230726,10.8,10.94,10.55,10.59,52188.0,55870.189
603389.SH,20230726,5.78,5.82,5.7,5.73,22337.0,12842.311
603390.SH,20230726,8.52,8.52,8.22,8.23,24718.0,20540.316
603392.SH,20230726,67.66,73.98,66.92,73.09,119087.26,855088.872
603396.SH,20230726,59.5,61.85,59.01,60.98,27747.21,168263.941
603398.SH,20230726,24.13,24.3,23.89,23.95,10268.85,24678.578
603399.SH,20230726,11.3,11.34,11.19,11.25,50470.0,56818.757
603408.SH,20230726,10.82,10.87,10.73,10.77,14663.96,15817.909
603416.SH,20230726,39.3,39.93,38.31,38.4,43485.9,169487.977
603429.SH,20230726,10.49,10.58,10.44,10.55,45958.03,48367.28
603439.SH,20230726,16.0,16.13,15.87,16.12,43391.0,69577.293
603456.SH,20230726,25.31,26.06,25.28,25.82,73166.17,188650.222
603458.SH,20230726,10.28,10.47,10.23,10.38,64372.52,66911.467
603466.SH,20230726,13.81,13.88,13.44,13.48,122643.81,167240.732
603477.SH,20230726,31.03,31.68,30.78,31.5,50909.47,159450.695
603488.SH,20230726,7.93,7.98,7.83,7.86,18304.0,14437.191
603489.SH,20230726,62.24,62.9,61.9,62.36,4887.75,30533.996
688383.SH,20230726,130.96,131.65,127.63,128.46,1524.25,19739.95
688385.SH,20230726,56.08,56.4,54.6,55.04,27702.37,153179.743
688386.SH,20230726,40.28,40.47,39.7,40.04,3711.3,14844.821
688388.SH,20230726,23.98,24.32,23.96,24.19,22950.38,55467.618
688389.SH,20230726,23.15,23.65,23.07,23.37,30313.8,70738.375
688390.SH,20230726,158.7,163.5,157.0,161.2,21764.87,350633.596
688391.SH,20230726,65.9,66.08,65.0,65.03,2319.46,15177.75
688392.SH,20230726,93.53,93.53,88.5,90.01,13614.68,122700.533
688393.SH,20230726,25.68,25.84,25.18,25.34,15983.56,40681.433
688395.SH,20230726,25.81,26.3,24.9,25.02,6699.33,16973.486
688396.SH,20230726,55.0,55.66,54.72,54.92,20609.17,113676.724
688398.SH,20230726,35.81,36.44,35.21,35.47,4004.54,14284.569
688399.SH,20230726,53.44,54.41,53.14,53.83,4585.77,24723.697
688400.SH,20230726,26.87,26.88,26.11,26.16,29852.55,78407.025
688403.SH,20230726,12.35,12.38,12.02,12.02,45858.62,55792.262
688408.SH,20230726,71.29,73.2,70.69,71.13,11761.16,84130.774
688410.SH,20230726,48.92,50.0,48.68,49.68,4325.38,21402.427
688416.SH,20230726,69.39,71.89,68.39,70.4,25949.68,181880.537
688418.SH,20230726,17.37,17.46,16.9,16.93,25724.0,44109.728
688419.SH,20230726,46.11,46.5,43.78,44.07,37227.54,166470.418
688420.SH,20230726,34.56,34.64,34.1,34.1,6601.78,22632.118
688425.SH,20230726,4.91,4.93,4.87,4.9,196519.1,96182.408
688426.SH,20230726,32.4,32.53,31.71,32.31,5062.6,16259.928
688428.SH,20230726,11.91,11.95,11.73,11.84,14411.83,17084.249
688429.SH,20230726,25.26,25.6,24.96,25.12,17718.33,44725.844
688432.SH,20230726,15.13,15.13,14.83,14.88,27022.69,40414.312
688433.SH,20230726,35.19,35.5,34.68,35.32,13005.21,45662.035
688435.SH,20230726,71.9,72.21,70.3,70.6,5179.19,36743.142
688439.SH,20230726,100.0,100.0,97.23,98.02,12359.4,121553.325
688443.SH,20230726,29.61,29.94,29.24,29.64,17823.78,52914.213
688448.SH,20230726,31.18,31.27,30.31,30.46,2795.85,8551.046
688450.SH,20230726,48.88,50.44,47.4,47.51,42769.07,206855.205
688455.SH,20230726,14.14,14.16,14.01,14.12,3727.21,5247.435
688456.SH,20230726,38.85,39.04,37.95,38.02,9634.88,36881.087
688458.SH,20230726,83.07,84.84,82.0,82.16,6157.4,51399.859
688459.SH,20230726,9.83,9.93,9.77,9.85,24304.54,23951.822
688466.SH,20230726,16.93,17.94,16.93,17.67,10096.89,17790.294
688468.SH,20230726,9.67,9.94,9.57,9.86,41599.94,40894.198
688469.SH,20230726,5.64,5.65,5.62,5.64,138470.04,78052.304
688472.SH,20230726,15.34,16.1,15.16,15.7,307567.4,482187.033
688475.SH,20230726,41.1,41.12,39.3,39.63,30000.79,119455.221
688478.SH,20230726,44.02,44.43,43.08,43.12,12420.6,54199.215
000005.SZ,20230726,1.24,1.31,1.24,1.31,179269.99,23028.371
000006.SZ,20230726,4.82,5.15,4.8,4.92,893869.19,444521.872
000007.SZ,20230726,5.0,5.0,4.91,4.97,14031.0,6938.509
000008.SZ,20230726,2.36,2.39,2.35,2.39,265464.7,63025.232
000009.SZ,20230726,11.63,11.63,11.5,11.55,88830.62,102649.369
000010.SZ,20230726,2.72,3.01,2.65,2.85,1441112.47,407868.841
000011.SZ,20230726,9.9,10.5,9.82,10.25,194021.68,196950.238
000012.SZ,20230726,6.01,6.05,6.0,6.04,150475.27,90656.271
000014.SZ,20230726,14.33,15.6,14.18,14.75,664510.08,1001422.237
000016.SZ,20230726,4.63,4.64,4.6,4.63,82093.0,37951.235
000017.SZ,20230726,4.62,4.66,4.6,4.63,27885.68,12921.506
000019.SZ,20230726,7.67,7.78,7.62,7.78,108846.11,84089.739
000020.SZ,20230726,12.05,12.22,11.97,12.03,45160.26,54529.104
000021.SZ,20230726,19.52,19.52,18.7,19.38,431628.43,827497.561
000023.SZ,20230726,6.5,6.59,6.46,6.53,12556.0,8179.327
000025.SZ,20230726,17.02,17.14,16.84,16.98,39737.06,67355.116
000026.SZ,20230726,12.24,12.24,12.05,12.14,27560.0,33395.533
000027.SZ,20230726,6.74,6.74,6.65,6.67,206426.75,137897.163
000028.SZ,20230726,36.03,36.16,35.2,35.48,48492.58,172483.68
000029.SZ,20230726,11.78,12.0,11.67,11.82,91450.2,108323.989
000030.SZ,20230726,5.45,5.46,5.31,5.35,71858.55,38472.922
000031.SZ,20230726,4.12,4.3,4.11,4.28,492958.85,208868.378
000032.SZ,20230726,30.47,30.55,29.6,29.99,103120.23,309718.843
000034.SZ,20230726,25.76,25.76,24.98,25.07,102269.45,257603.16
000035.SZ,20230726,4.77,4.82,4.74,4.78,88235.0,42172.584
000036.SZ,20230726,4.22,4.28,4.19,4.28,253264.57,107705.723
000037.SZ,20230726,11.09,11.13,10.67,10.74,181789.89,195891.838
000039.SZ,20230726,7.26,7.26,7.21,7.24,54012.75,39060.99
000040.SZ,20230726,4.25,4.3,4.24,4.26,184425.11,78699.406
000042.SZ,20230726,8.08,8.25,8.01,8.23,93752.47,76581.242
000045.SZ,20230726,10.76,10.76,10.62,10.66,34575.01,36873.18
000046.SZ,20230726,1.28,1.32,1.27,1.32,1143462.13,149642.394
000048.SZ,20230726,20.11,20.39,20.02,20.12,44698.02,90048.937
000049.SZ,20230726,34.53,34.59,34.32,34.51,17910.58,61759.492
000050.SZ,20230726,9.25,9.28,9.2,9.24,41661.91,38476.57
000055.SZ,20230726,5.06,5.11,5.01,5.05,135306.0,68451.486
000056.SZ,20230726,4.02,4.15,3.95,4.07,661728.94,269026.529
000058.SZ,20230726,6.68,6.76,6.62,6.73,95316.66,63763.786
000059.SZ,20230726,6.27,6.36,6.26,6.34,71559.17,45301.591
000060.SZ,20230726,5.57,5.72,5.57,5.64,570728.4,322258.29
000061.SZ,20230726,6.72,6.91,6.72,6.88,125867.43,86135.618
000062.SZ,20230726,11.76,11.76,11.66,11.71,27246.39,31894.96
002162.SZ,20230726,4.64,4.64,4.5,4.59,270819.0,124090.217
002163.SZ,20230726,10.3,10.46,10.25,10.38,61379.0,63709.452
002164.SZ,20230726,6.05,6.06,5.93,5.95,82335.09,49070.209
002165.SZ,20230726,4.21,4.24,4.2,4.23,101078.0,42706.335
002166.SZ,20230726,7.81,7.82,7.71,7.72,61384.0,47585.478
002167.SZ,20230726,7.39,7.4,7.22,7.26,151610.72,110250.006
002168.SZ,20230726,4.85,4.86,4.63,4.68,262277.74,123863.34
002169.SZ,20230726,7.78,7.79,7.65,7.68,83922.0,64650.117
002170.SZ,20230726,6.31,6.45,6.29,6.35,225221.4,143374.743
002171.SZ,20230726,7.36,7.38,7.26,7.3,61344.6,44818.071
002172.SZ,20230726,3.83,3.97,3.83,3.92,616805.4,240174.172
002173.SZ,20230726,9.35,9.36,9.09,9.13,160564.0,147313.932
002174.SZ,20230726,13.7,13.7,13.22,13.31,476226.05,635638.844
002175.SZ,20230726,2.93,3.0,2.87,2.98,415380.09,122567.716
002176.SZ,20230726,11.71,11.87,11.67,11.71,307213.27,360531.612
002177.SZ,20230726,4.25,4.28,4.13,4.16,390947.0,163572.78
002178.SZ,20230726,3.89,3.9,3.85,3.88,75479.15,29205.694
002179.SZ,20230726,44.9,45.6,44.73,45.15,52080.84,235460.416
002180.SZ,20230726,33.01,33.04,32.35,32.56,49150.79,159965.564
002181.SZ,20230726,4.98,4.98,4.89,4.91,118329.3,58181.759
002182.SZ,20230726,21.85,22.6,21.81,22.44,146721.02,327818.305
002183.SZ,20230726,5.36,5.36,5.3,5.33,173044.17,92187.023
002184.SZ,20230726,14.44,14.46,13.9,14.0,76588.58,107991.909
002185.SZ,20230726,9.77,9.83,9.67,9.69,181062.3,175940.943
002186.SZ,20230726,13.7,13.99,13.39,13.87,237160.47,325300.203
002187.SZ,20230726,7.02,7.13,7.02,7.13,60949.0,43219.752
002188.SZ,20230726,6.87,7.37,6.82,7.03,430753.0,305147.65
002189.SZ,20230726,16.04,16.13,15.85,15.96,15526.01,24754.779
002190.SZ,20230726,22.07,22.15,21.88,21.97,19180.61,42126.058
002191.SZ,20230726,6.7,6.84,6.64,6.76,185416.77,125338.997
002192.SZ,20230726,61.86,62.23,60.65,60.76,50538.17,310399.803
002193.SZ,20230726,7.03,7.3,6.93,7.24,306981.24,219731.998
002194.SZ,20230726,9.81,9.83,9.56,9.58,104302.0,100538.037
002195.SZ,20230726,2.99,2.99,2.96,2.99,514670.95,153085.149
002196.SZ,20230726,7.55,7.74,7.47,7.61,141405.7,107556.003
002197.SZ,20230726,10.31,10.32,10.07,10.1,147697.01,149769.854
002198.SZ,20230726,7.56,7.59,7.5,7.55,30889.0,23308.112
002199.SZ,20230726,8.69,8.69,8.44,8.48,142214.0,121198.245
002200.SZ,20230726,8.41,8.44,8.31,8.38,5022.0,4205.756
002201.SZ,20230726,10.06,10.08,9.95,9.98,23639.63,23650.204
002202.SZ,20230726,10.94,10.98,10.9,10.94,96548.65,105594.464
002203.SZ,20230726,12.36,12.44,12.29,12.4,28436.58,35134.736
002870.SZ,20230726,31.45,31.55,30.74,31.03,17877.0,55523.971
002871.SZ,20230726,12.42,12.6,12.32,12.54,14566.78,18195.293
002872.SZ,20230726,5.32,5.36,5.27,5.29,11636.01,6192.197
002873.SZ,20230726,12.75,12.84,12.68,12.78,15825.92,20171.665
002875.SZ,20230726,13.27,14.7,13.27,14.14,272147.66,385001.949
002876.SZ,20230726,34.35,34.42,33.2,33.49,34898.86,117617.982
002877.SZ,20230726,11.26,11.35,10.94,11.08,254510.3,282055.925
002878.SZ,20230726,18.01,18.01,17.52,17.61,49975.29,88445.209
002879.SZ,20230726,15.64,15.72,15.28,15.47,12619.0,19470.576
002880.SZ,20230726,38.19,38.33,37.68,37.78,6108.8,23155.31
002881.SZ,20230726,32.0,32.01,29.81,30.38,81517.23,249102.401
002882.SZ,20230726,15.05,15.08,14.42,14.46,110694.0,162664.02
002883.SZ,20230726,12.5,12.89,12.5,12.75,129171.19,164417.026
002884.SZ,20230726,16.34,16.55,16.19,16.31,8295.9,13588.77
002885.SZ,20230726,18.34,18.41,17.85,17.91,49148.84,88469.124
002886.SZ,20230726,18.49,18.63,18.26,18.31,22169.75,40772.887
002887.SZ,20230726,9.54,9.98,9.54,9.77,89465.4,87646.376
002888.SZ,20230726,14.67,14.67,14.2,14.25,20237.0,28970.903
002889.SZ,20230726,20.56,21.15,20.53,20.62,59975.4,124592.507
002890.SZ,20230726,14.65,14.74,14.45,14.71,9193.0,13481.175
002891.SZ,20230726,24.82,24.95,24.42,24.64,29619.06,73062.733
002892.SZ,20230726,12.28,12.28,11.79,11.85,185063.08,220481.894
002893.SZ,20230726,13.18,13.19,12.74,12.8,206141.98,265406.433
002895.SZ,20230726,21.23,22.16,21.2,21.85,151978.32,330310.342
002896.SZ,20230726,33.8,33.89,31.7,32.0,123510.19,399967.923
002897.SZ,20230726,39.94,39.94,38.75,38.85,25098.96,98048.444
002898.SZ,20230726,11.32,11.5,11.28,11.44,20181.8,23039.32
002899.SZ,20230726,16.05,16.29,15.94,16.07,28694.0,46256.285
002900.SZ,20230726,14.15,14.32,14.1,14.2,36382.5,51649.55
002901.SZ,20230726,31.73,32.25,31.64,32.03,12902.93,41280.328
002902.SZ,20230726,25.41,25.5,24.53,24.67,129411.43,321667.139
002903.SZ,20230726,21.42,21.43,21.11,21.15,20331.0,43194.863
002905.SZ,20230726,11.63,12.28,11.23,11.53,203295.55,236476.743
002906.SZ,20230726,33.26,33.65,31.88,32.06,59074.05,191216.391
002907.SZ,20230726,15.2,15.42,15.07,15.3,35009.28,53417.545
002908.SZ,20230726,13.58,13.58,13.23,13.28,54733.92,73021.037
002909.SZ,20230726,8.18,8.45,8.16,8.32,92112.15,76461.803
002910.SZ,20230726,11.59,11.72,11.43,11.64,60110.44,69470.429
002911.SZ,20230726,13.1,13.1,12.82,12.88,25926.9,33477.749
002912.SZ,20230726,38.8,39.15,37.77,37.99,55009.49,210105.096
002913.SZ,20230726,36.59,36.59,35.36,35.7,19913.0,71148.459
002915.SZ,20230726,16.35,16.44,16.11,16.28,14946.4,24336.756
300540.SZ,20230726,26.2,26.2,24.95,25.21,23734.5,60097.548
300541.SZ,20230726,13.67,13.68,13.23,13.31,101027.99,135177.014
300542.SZ,20230726,11.62,11.69,11.48,11.55,18422.0,21271.918
300543.SZ,20230726,9.7,9.71,9.51,9.56,24807.15,23707.543
300545.SZ,20230726,25.51,25.59,24.35,24.39,67363.0,166811.253
300546.SZ,20230726,18.26,18.37,17.87,17.88,25081.3,45111.197
300547.SZ,20230726,16.16,16.3,15.8,15.85,10000.4,15945.098
300548.SZ,20230726,30.42,30.56,28.84,29.13,154029.69,450978.829
300549.SZ,20230726,23.66,23.87,22.3,22.54,90361.0,206379.129
300550.SZ,20230726,15.16,15.16,14.8,14.9,22253.07,33197.861
300551.SZ,20230726,26.49,26.49,20.56,20.56,199272.1,446846.45
300552.SZ,20230726,21.7,22.22,19.76,19.8,103991.99,215009.011
300553.SZ,20230726,49.7,49.88,48.47,48.72,6671.0,32657.164
300554.SZ,20230726,20.48,20.48,20.15,20.28,9377.0,18992.876
300555.SZ,20230726,6.58,6.58,6.48,6.51,10628.15,6935.515
300556.SZ,20230726,22.5,22.53,22.0,22.15,23696.0,52624.831
300557.SZ,20230726,37.8,37.8,36.96,37.09,4666.0,17337.037
300558.SZ,20230726,51.23,53.33,50.88,51.68,31136.4,162628.24
300559.SZ,20230726,14.61,14.67,14.02,14.17,36902.83,52302.265
300560.SZ,20230726,17.1,17.1,16.47,16.56,50730.0,84391.989
300561.SZ,20230726,11.92,12.15,11.8,11.85,82555.23,98356.347
300562.SZ,20230726,9.92,9.99,9.86,9.93,23554.0,23406.22
300563.SZ,20230726,14.7,14.71,14.27,14.32,31261.0,44918.358
300564.SZ,20230726,13.66,14.35,13.61,13.93,143473.6,201528.059
300565.SZ,20230726,18.43,18.48,17.44,17.59,168901.0,300687.879
300566.SZ,20230726,17.4,17.52,17.24,17.28,24033.83,41781.856
300567.SZ,20230726,89.98,90.67,86.13,87.9,31745.63,279670.223
300568.SZ,20230726,16.65,16.73,16.51,16.64,75552.03,125471.758
300569.SZ,20230726,7.86,7.89,7.82,7.84,56879.19,44670.44
300570.SZ,20230726,42.26,42.49,40.36,41.0,106467.53,437645.158
300571.SZ,20230726,35.16,35.21,33.7,33.95,21346.0,73055.409
300572.SZ,20230726,20.39,20.41,18.88,19.1,116314.7,224502.5
300573.SZ,20230726,185.27,186.24,170.0,172.7,25397.67,450154.748
300575.SZ,20230726,11.04,11.45,10.91,11.37,104851.73,118012.528
300576.SZ,20230726,37.98,37.99,36.36,36.6,87231.09,323851.309
300577.SZ,20230726,16.35,16.64,16.2,16.54,11121.9,18266.359
300578.SZ,20230726,20.28,20.28,19.9,20.08,19157.96,38395.095
300579.SZ,20230726,31.9,33.2,31.54,32.9,129048.17,420218.542
300580.SZ,20230726,22.27,22.53,21.79,21.86,59892.44,132720.248
300581.SZ,20230726,10.3,10.38,10.16,10.18,38719.22,39614.265
300582.SZ,20230726,13.14,13.18,12.87,12.91,27218.57,35365.337
300583.SZ,20230726,27.19,27.72,26.9,27.67,16544.32,45230.566
301276.SZ,20230726,26.59,28.38,26.21,27.92,74850.2,205129.791
301277.SZ,20230726,19.93,20.74,19.88,20.41,55920.58,114076.946
301278.SZ,20230726,59.03,60.34,58.5,58.84,6037.65,35727.533
301279.SZ,20230726,26.93,27.05,26.18,26.28,10713.0,28346.838
301280.SZ,20230726,37.58,37.58,36.26,36.45,10770.99,39560.334
301281.SZ,20230726,29.35,30.34,29.21,29.51,66910.55,198274.87
301282.SZ,20230726,28.3,28.32,27.32,27.44,31951.06,88504.382
301283.SZ,20230726,36.01,36.72,36.0,36.5,7639.93,27838.521
301285.SZ,20230726,15.6,15.65,14.95,15.1,79137.26,119943.104
301286.SZ,20230726,29.59,29.89,29.04,29.8,19728.0,58182.341
301287.SZ,20230726,42.16,43.88,42.0,43.15,34217.65,147044.916
301288.SZ,20230726,18.98,21.9,18.81,21.9,43058.54,92074.555
301289.SZ,20230726,36.48,36.72,36.3,36.53,3951.3,14434.266
301290.SZ,20230726,32.82,33.33,32.82,32.93,9242.06,30521.005
301291.SZ,20230726,31.54,31.59,31.22,31.35,27971.24,87789.922
301292.SZ,20230726,24.6,25.22,24.21,24.28,69593.34,171852.201
301293.SZ,20230726,80.26,80.26,76.91,77.09,33545.91,261091.911
301295.SZ,20230726,37.88,37.88,37.07,37.16,17177.07,64192.425
301296.SZ,20230726,16.09,16.28,16.07,16.24,5740.42,9306.594
301297.SZ,20230726,22.58,23.12,22.43,22.52,39388.38,89785.9
301298.SZ,20230726,16.25,16.33,15.98,16.05,16821.0,27116.17
301299.SZ,20230726,54.6,54.64,53.39,53.48,7587.91,40880.804
301300.SZ,20230726,32.04,32.81,32.04,32.4,4701.27,15282.013
301301.SZ,20230726,8.9,8.98,8.88,8.98,70872.29,63367.353
301302.SZ,20230726,37.3,37.4,36.0,36.2,32883.74,120010.404
301303.SZ,20230726,22.88,23.71,22.74,23.71,79519.63,186020.57
301305.SZ,20230726,21.39,23.2,21.39,22.9,141572.7,320588.966
301306.SZ,20230726,38.25,39.29,38.25,38.74,11908.75,46202.082
301307.SZ,20230726,35.9,36.29,34.75,35.11,42500.49,150175.843
301308.SZ,20230726,99.68,102.02,98.26,99.99,24463.21,245264.618
301309.SZ,20230726,28.23,28.45,27.99,28.21,3546.28,9990.779
301310.SZ,20230726,65.3,65.3,61.21,61.45,13206.58,82981.524
301311.SZ,20230726,28.47,29.26,28.16,28.26,111344.73,319002.019
301312.SZ,20230726,91.92,91.92,89.11,89.5,6380.0,57609.091
301313.SZ,20230726,44.6,47.3,44.06,45.05,60544.58,275736.059
301314.SZ,20230726,55.18,55.36,52.55,52.96,13525.41,72146.731
301315.SZ,20230726,56.33,60.7,56.33,57.39,85740.43,501947.833
301316.SZ,20230726,22.82,23.15,22.2,22.43,20226.24,45599.658
301317.SZ,20230726,25.28,25.41,24.35,24.48,9516.68,23451.643
301318.SZ,20230726,32.96,33.0,31.85,31.99,8805.27,28405.633
301319.SZ,20230726,55.81,56.11,55.2,55.3,3012.45,16724.714
301320.SZ,20230726,21.91,22.69,21.6,22.34,70536.34,156286.297
600716.SH,20230726,3.98,4.07,3.96,4.04,217940.43,87701.85
600717.SH,20230726,4.58,4.59,4.53,4.56,77639.04,35324.435
600718.SH,20230726,10.25,10.28,10.13,10.17,104754.0,106759.059
600719.SH,20230726,7.9,7.91,7.57,7.65,228990.74,175908.953
600720.SH,20230726,11.5,11.68,11.48,11.58,101762.23,117952.702
600721.SH,20230726,7.27,7.33,7.2,7.2,37590.0,27277.55
600722.SH,20230726,5.0,5.09,4.97,5.08,71075.68,35890.744
600724.SH,20230726,4.06,4.23,4.04,4.19,132537.63,55087.008
600725.SH,20230726,2.83,2.89,2.81,2.86,78165.87,22317.032
600726.SH,20230726,2.45,2.51,2.43,2.5,419530.17,103869.781
600727.SH,20230726,6.07,6.19,6.05,6.16,59680.46,36573.398
600728.SH,20230726,6.09,6.09,6.02,6.03,213622.68,128897.9
600729.SH,20230726,34.0,34.7,33.89,34.28,20544.0,70498.868
600730.SH,20230726,6.17,6.21,6.08,6.1,79885.08,48923.34
600731.SH,20230726,7.97,8.03,7.88,7.99,58473.3,46524.536
600732.SH,20230726,26.66,28.26,26.5,26.89,327465.12,894398.972
600733.SH,20230726,5.66,5.66,5.53,5.54,428488.49,238696.3
600734.SH,20230726,3.75,3.78,3.75,3.77,18351.72,6909.593
600735.SH,20230726,6.05,6.11,6.04,6.11,41935.0,25504.97
600736.SH,20230726,5.41,5.52,5.38,5.45,386378.31,211002.418
600737.SH,20230726,8.18,8.2,8.12,8.16,98881.22,80633.058
600738.SH,20230726,5.74,5.74,5.63,5.72,70650.93,40113.463
600739.SH,20230726,13.56,13.74,13.55,13.71,88153.79,120494.767
600740.SH,20230726,5.12,5.19,5.12,5.18,140128.66,72254.529
600741.SH,20230726,18.56,18.58,18.38,18.45,53829.76,99490.703
600742.SH,20230726,8.67,8.69,8.61,8.62,67959.0,58700.193
600743.SH,20230726,2.07,2.07,2.07,2.07,794908.01,164545.958
600744.SH,20230726,3.6,3.61,3.58,3.59,145440.72,52236.454
600745.SH,20230726,45.15,45.31,44.77,44.82,91994.29,413969.197
600746.SH,20230726,6.96,7.15,6.95,7.06,48036.18,33945.186
600748.SH,20230726,4.49,4.68,4.44,4.57,1045030.48,477120.176
600749.SH,20230726,13.56,13.72,13.39,13.62,77841.0,105644.282
600750.SH,20230726,19.01,19.22,18.89,19.0,65973.03,125645.43
600751.SH,20230726,2.7,2.72,2.66,2.68,184374.61,49513.682
600753.SH,20230726,10.35,11.13,10.1,11.13,212207.44,225049.079
600754.SH,20230726,46.78,48.05,46.64,47.62,80692.86,382772.954
600755.SH,20230726,7.6,7.67,7.57,7.64,160850.57,122473.381
600756.SH,20230726,15.78,15.78,15.48,15.57,41288.0,64365.182
600757.SH,20230726,8.67,8.7,8.41,8.46,217272.02,184743.833
600758.SH,20230726,4.59,4.61,4.53,4.55,84390.35,38445.728
600759.SH,20230726,2.73,2.74,2.68,2.69,74568.44,20144.984
600760.SH,20230726,44.1,44.52,43.91,44.33,71605.61,317265.59
603496.SH,20230726,18.81,18.99,17.91,18.08,208970.16,383492.482
603499.SH,20230726,9.89,9.91,9.8,9.87,10595.0,10438.051
603500.SH,20230726,12.98,12.99,12.8,12.84,8988.4,11556.866
603501.SH,20230726,102.93,102.93,101.18,101.47,49125.77,500469.009
603505.SH,20230726,25.6,25.85,25.36,25.49,19621.31,50146.377
603506.SH,20230726,13.36,14.69,13.15,13.95,101403.78,140765.022
603507.SH,20230726,30.02,30.33,29.61,29.75,25784.4,77395.095
603508.SH,20230726,16.97,17.28,16.62,16.71,26782.16,45099.103
603511.SH,20230726,16.86,16.93,16.54,16.79,12504.0,20927.278
603515.SH,20230726,20.99,21.12,20.8,20.99,11064.8,23197.196
603517.SH,20230726,37.58,38.13,37.33,37.8,39910.66,150519.335
603518.SH,20230726,10.26,10.35,10.08,10.22,40632.4,41508.071
603519.SH,20230726,14.56,14.56,14.21,14.29,22992.2,32957.868
603520.SH,20230726,16.35,16.53,16.35,16.4,44042.84,72418.934
603527.SH,20230726,12.43,12.57,12.39,12.45,17848.67,22263.994
603528.SH,20230726,8.54,8.56,8.21,8.3,176064.0,147086.029
603529.SH,20230726,33.91,33.91,33.23,33.4,38004.06,127202.822
603530.SH,20230726,15.74,15.96,15.54,15.83,23790.98,37617.458
603533.SH,20230726,25.35,25.35,24.2,24.35,129984.0,318606.1
603535.SH,20230726,17.28,17.28,17.02,17.19,4474.35,7670.439
603538.SH,20230726,17.43,17.6,17.37,17.47,16023.4,28026.21
603551.SH,20230726,12.52,12.53,11.77,11.87,35774.0,42963.432
603555.SH,20230726,1.64,1.68,1.62,1.68,263992.01,43720.012
603556.SH,20230726,24.7,25.47,24.5,25.24,44203.38,110527.195
603557.SH,20230726,2.46,2.49,2.45,2.48,28952.0,7153.868
603566.SH,20230726,23.2,23.44,23.12,23.25,19736.73,45953.0
603567.SH,20230726,13.95,14.15,13.86,14.08,52628.77,73860.695
603569.SH,20230726,11.69,11.83,11.62,11.65,121943.2,142543.688
603577.SH,20230726,9.5,9.53,9.41,9.44,8250.8,7802.384
603578.SH,20230726,15.33,15.41,14.92,15.01,32252.8,48622.633
603579.SH,20230726,21.41,21.41,21.09,21.23,5357.0,11350.045
603580.SH,20230726,14.18,14.5,14.09,14.4,9792.84,14076.949
603583.SH,20230726,19.29,19.31,19.03,19.09,28104.36,53777.84
603585.SH,20230726,15.36,15.36,15.17,15.31,5345.0,8166.534
603587.SH,20230726,15.35,15.35,15.22,15.28,7142.36,10915.206
603588.SH,20230726,9.94,10.15,9.91,10.03,58703.05,58927.775
603589.SH,20230726,56.0,56.93,55.63,56.41,64916.92,365159.446
603590.SH,20230726,34.9,35.47,34.8,35.24,7242.0,25509.48
603595.SH,20230726,37.88,37.88,36.8,36.9,14747.0,54721.197
603596.SH,20230726,86.5,86.5,84.93,85.5,34560.22,296269.388
603598.SH,20230726,10.5,10.5,10.12,10.16,93962.0,96152.833
603599.SH,20230726,19.68,19.7,19.25,19.37,51481.04,99723.322
688479.SH,20230726,29.65,29.67,29.18,29.43,8134.02,23882.931
688480.SH,20230726,30.07,30.83,29.75,30.08,5443.56,16458.366
688485.SH,20230726,14.84,15.0,14.69,14.94,9247.1,13767.607
688486.SH,20230726,95.68,95.68,92.9,93.71,1852.45,17338.531
688488.SH,20230726,11.18,11.65,11.18,11.55,45429.58,52271.75
688489.SH,20230726,56.7,56.74,55.28,55.71,6723.0,37435.782
688498.SH,20230726,216.88,216.9,201.44,202.58,26956.36,556309.003
688499.SH,20230726,52.08,52.72,51.61,52.15,7102.32,36993.511
688500.SH,20230726,17.92,17.93,17.62,17.84,1440.59,2563.827
688501.SH,20230726,20.42,20.71,20.16,20.23,8719.89,17746.893
688502.SH,20230726,191.98,191.98,177.29,178.61,6735.13,122734.291
688503.SH,20230726,89.54,90.95,87.48,89.36,11447.39,102635.804
688505.SH,20230726,9.45,9.73,9.45,9.7,47494.09,45906.031
688506.SH,20230726,89.8,89.8,84.5,86.4,10728.22,92877.65
688507.SH,20230726,122.18,122.18,119.37,120.39,3919.32,47259.411
688508.SH,20230726,66.48,66.84,65.58,65.87,7223.59,47749.675
688509.SH,20230726,4.81,4.81,4.7,4.73,65949.48,31264.069
688510.SH,20230726,19.21,19.24,18.7,18.8,12960.37,24493.804
688511.SH,20230726,32.15,32.34,31.73,32.09,4463.75,14308.303
688512.SH,20230726,20.6,20.66,19.11,19.39,38810.65,76856.218
688513.SH,20230726,50.01,50.89,49.99,50.09,1579.33,7965.094
688515.SH,20230726,150.0,150.46,147.61,149.73,4226.16,62959.225
688516.SH,20230726,177.77,182.37,175.29,180.3,7468.45,134833.458
688518.SH,20230726,25.03,25.12,24.3,24.42,27747.17,68254.764
688519.SH,20230726,26.15,26.15,25.26,25.46,11907.14,30352.569
688520.SH,20230726,56.88,59.07,55.93,58.52,8135.52,47166.826
688521.SH,20230726,67.13,68.21,65.71,67.44,20259.58,136138.358
688523.SH,20230726,26.66,26.77,25.83,25.9,15269.22,39994.864
688525.SH,20230726,82.0,83.64,80.03,82.19,42855.96,352510.394
688528.SH,20230726,10.68,10.78,10.52,10.71,6079.59,6495.432
688529.SH,20230726,27.44,27.78,26.97,27.3,12228.95,33458.267
688531.SH,20230726,148.16,149.5,145.1,146.58,5089.61,74870.836
688533.SH,20230726,50.0,50.01,48.34,48.46,10345.18,50705.881
688535.SH,20230726,95.96,98.66,91.42,96.4,44835.21,430412.716
688536.SH,20230726,236.15,238.45,231.5,234.64,3580.67,83913.318
688538.SH,20230726,2.63,2.65,2.63,2.65,153656.53,40531.702
688539.SH,20230726,41.8,43.56,41.7,42.06,14186.7,60462.494
688543.SH,20230726,50.7,50.76,49.7,49.84,22640.06,113351.249
688550.SH,20230726,37.0,37.75,36.67,37.58,12744.33,47469.603
688551.SH,20230726,62.74,64.98,61.82,62.69,3021.1,19056.317
688552.SH,20230726,24.61,24.7,24.01,24.09,24796.57,60081.245
688556.SH,20230726,46.7,47.95,46.35,46.54,35106.45,165489.552
000063.SZ,20230726,40.7,40.74,39.09,39.35,822073.07,3257186.354
000065.SZ,20230726,15.22,15.41,15.01,15.08,136115.94,206829.188
000066.SZ,20230726,12.32,12.34,12.06,12.15,382175.34,465092.02
000068.SZ,20230726,3.57,3.64,3.52,3.63,89759.0,32410.636
000069.SZ,20230726,4.66,4.72,4.63,4.7,549670.73,257599.232
000070.SZ,20230726,8.37,8.37,8.08,8.11,154147.88,125764.092
000078.SZ,20230726,3.18,3.2,3.17,3.19,90644.0,28838.4
000088.SZ,20230726,5.0,5.02,4.98,5.0,36907.1,18430.744
000089.SZ,20230726,7.23,7.26,7.17,7.22,88364.06,63692.651
000090.SZ,20230726,5.35,5.66,5.35,5.49,837071.38,462358.833
000096.SZ,20230726,8.6,8.68,8.58,8.64,16858.0,14547.391
000099.SZ,20230726,9.05,9.06,8.84,8.86,161437.2,144038.497
000100.SZ,20230726,4.25,4.29,4.13,4.22,2815057.91,1182302.668
000151.SZ,20230726,12.7,12.96,12.46,12.48,83453.35,105301.74
000153.SZ,20230726,9.72,9.77,9.66,9.73,40993.7,39863.987
000155.SZ,20230726,14.4,14.57,14.3,14.38,82343.0,118927.497
000156.SZ,20230726,8.98,8.98,8.81,8.83,64545.21,57184.11
000157.SZ,20230726,6.87,6.88,6.71,6.76,425217.34,288410.101
000158.SZ,20230726,7.08,7.08,6.82,6.86,401683.32,277452.584
000159.SZ,20230726,6.85,6.92,6.83,6.89,36093.55,24831.418
000166.SZ,20230726,4.86,4.91,4.8,4.83,648647.52,314629.048
000301.SZ,20230726,12.07,12.1,11.94,12.04,142538.89,171332.997
000333.SZ,20230726,58.81,59.54,58.48,58.58,187525.82,1105031.414
000338.SZ,20230726,12.78,12.84,12.54,12.56,348292.22,440779.073
000400.SZ,20230726,22.65,22.65,22.14,22.25,78904.47,175702.847
000401.SZ,20230726,7.71,7.92,7.69,7.86,151810.11,119123.07
000402.SZ,20230726,4.82,4.95,4.8,4.92,315719.36,154884.045
000403.SZ,20230726,20.2,20.58,20.1,20.55,24612.33,50279.055
000404.SZ,20230726,6.9,6.9,6.55,6.61,315516.18,209936.899
000407.SZ,20230726,3.73,3.76,3.72,3.76,56734.98,21256.877
000408.SZ,20230726,24.17,24.32,23.76,23.8,146183.85,350404.32
000409.SZ,20230726,9.04,9.05,8.79,8.85,78325.65,69464.967
000410.SZ,20230726,8.07,8.08,7.93,8.04,66829.0,53588.181
000411.SZ,20230726,12.63,12.72,12.59,12.64,22073.0,27922.255
000413.SZ,20230726,1.84,1.85,1.81,1.83,1044626.13,191228.134
000415.SZ,20230726,2.25,2.29,2.24,2.29,354124.39,80533.754
000416.SZ,20230726,2.23,2.23,2.2,2.22,70895.0,15705.202
000417.SZ,20230726,5.62,5.66,5.55,5.63,173905.0,97442.318
000419.SZ,20230726,5.85,5.91,5.8,5.88,91415.12,53541.014
000420.SZ,20230726,3.65,3.66,3.62,3.64,108542.6,39483.618
000421.SZ,20230726,5.57,5.6,5.51,5.57,89990.0,49862.392
000422.SZ,20230726,12.34,12.98,12.32,12.75,342335.85,434594.717
002204.SZ,20230726,4.97,4.98,4.92,4.94,82905.0,40992.87
002205.SZ,20230726,11.5,11.7,11.1,11.25,373585.98,425400.428
002206.SZ,20230726,5.51,5.55,5.49,5.53,52491.73,28977.091
002207.SZ,20230726,7.07,7.09,7.0,7.09,29335.0,20698.236
002208.SZ,20230726,6.98,7.33,6.98,7.24,358699.46,258837.79
002209.SZ,20230726,9.57,9.57,9.38,9.44,24553.97,23186.004
002210.SZ,20230726,1.99,2.12,1.97,2.07,626275.31,128820.642
002211.SZ,20230726,4.58,4.65,4.33,4.38,532977.99,235296.322
002212.SZ,20230726,9.64,9.64,9.46,9.52,78314.01,74465.839
002213.SZ,20230726,15.22,15.3,14.68,14.74,105192.01,157126.652
002214.SZ,20230726,12.59,12.65,12.49,12.6,20321.05,25540.023
002215.SZ,20230726,7.15,7.18,7.0,7.05,125828.0,88997.114
002216.SZ,20230726,16.07,16.23,16.02,16.23,42065.54,67966.627
002217.SZ,20230726,3.32,3.33,3.23,3.25,302730.0,98635.81
002218.SZ,20230726,4.7,4.71,4.66,4.68,71120.0,33308.972
002219.SZ,20230726,4.22,4.22,4.17,4.19,78308.0,32830.59
002221.SZ,20230726,9.0,9.08,8.94,8.99,48430.38,43579.065
002222.SZ,20230726,27.34,27.34,25.45,25.73,292318.13,762875.315
002223.SZ,20230726,34.88,35.77,34.34,34.45,139621.52,486965.182
002224.SZ,20230726,5.07,5.14,5.05,5.12,74179.98,37964.463
002225.SZ,20230726,3.87,3.9,3.85,3.88,71519.01,27708.896
002226.SZ,20230726,5.2,5.24,5.19,5.22,73480.72,38357.382
002227.SZ,20230726,13.55,13.55,13.25,13.32,26129.0,34878.422
002228.SZ,20230726,3.28,3.31,3.27,3.31,63578.0,20944.407
002229.SZ,20230726,34.5,34.94,32.98,33.39,1077288.87,3655257.797
002230.SZ,20230726,64.0,64.2,62.13,62.72,519644.64,3271154.997
002231.SZ,20230726,6.78,6.8,6.64,6.68,89996.5,60142.818
002232.SZ,20230726,15.94,15.96,15.65,15.74,75307.34,118822.019
002233.SZ,20230726,8.28,8.41,8.24,8.4,131141.41,109736.935
002234.SZ,20230726,18.88,19.17,18.87,19.07,35163.36,66918.566
002235.SZ,20230726,6.54,6.54,6.43,6.45,145566.56,94129.16
002236.SZ,20230726,21.12,21.12,20.21,20.37,521616.62,1067016.033
002237.SZ,20230726,11.69,12.0,11.69,11.93,126290.05,150101.41
002238.SZ,20230726,7.14,7.16,6.85,6.87,114851.26,79599.103
002239.SZ,20230726,2.7,2.71,2.63,2.65,295647.66,78500.698
002240.SZ,20230726,27.48,27.68,27.04,27.16,121134.81,330593.299
002241.SZ,20230726,17.72,17.72,17.5,17.55,341703.28,600104.057
002242.SZ,20230726,15.05,15.19,15.0,15.14,38575.01,58332.794
002243.SZ,20230726,9.01,9.04,8.89,8.93,59131.69,52869.2
002244.SZ,20230726,9.84,10.4,9.62,9.92,946394.41,945711.174
002245.SZ,20230726,11.05,11.06,10.84,10.92,131581.0,143637.615
002246.SZ,20230726,9.36,9.37,9.27,9.27,35913.0,33418.147
002916.SZ,20230726,79.57,79.57,77.66,77.91,29451.45,230348.022
002917.SZ,20230726,10.33,10.47,10.28,10.32,50577.4,52473.368
002918.SZ,20230726,18.5,20.06,18.5,19.6,213803.75,415161.262
002919.SZ,20230726,36.58,36.58,35.53,35.93,47844.32,172605.684
002920.SZ,20230726,151.02,151.02,148.21,150.0,35001.26,522601.882
002921.SZ,20230726,15.24,15.28,14.99,15.1,30168.0,45508.994
002922.SZ,20230726,15.12,15.12,14.6,14.64,99757.19,147251.961
002923.SZ,20230726,13.56,13.65,13.54,13.58,16289.3,22126.255
002925.SZ,20230726,19.24,19.36,19.09,19.2,19043.83,36610.187
002926.SZ,20230726,8.66,8.71,8.58,8.66,241242.54,208639.332
002927.SZ,20230726,12.65,13.0,12.53,12.85,49377.97,63151.171
002928.SZ,20230726,8.7,8.88,8.63,8.74,172546.18,150815.783
002929.SZ,20230726,37.25,37.4,36.39,36.62,48097.4,176891.393
002930.SZ,20230726,22.99,23.24,22.84,23.09,10508.02,24230.328
002931.SZ,20230726,11.53,11.57,11.28,11.32,19075.54,21694.172
002932.SZ,20230726,24.59,24.94,24.51,24.88,20432.58,50723.858
002933.SZ,20230726,28.32,28.56,27.92,28.06,10436.0,29296.511
002935.SZ,20230726,19.18,19.22,18.96,19.01,18935.31,36057.132
002936.SZ,20230726,2.17,2.19,2.16,2.18,504176.87,109464.561
002937.SZ,20230726,26.23,26.34,25.7,25.99,17549.8,45729.962
002938.SZ,20230726,25.1,25.18,24.3,24.51,104023.16,255369.012
002939.SZ,20230726,8.39,8.44,8.34,8.42,287503.53,241229.855
002940.SZ,20230726,20.16,20.37,19.95,20.23,10315.3,20834.444
002941.SZ,20230726,15.4,15.58,15.08,15.19,138708.0,212733.365
002942.SZ,20230726,19.0,19.2,18.86,19.13,3085.2,5885.614
002943.SZ,20230726,34.74,36.03,34.15,35.8,88946.28,314241.779
002945.SZ,20230726,13.46,13.62,13.35,13.5,93693.1,126253.013
002946.SZ,20230726,14.62,14.64,14.42,14.62,27582.09,40053.964
002947.SZ,20230726,20.52,20.7,20.23,20.27,13098.0,26668.346
002948.SZ,20230726,3.28,3.3,3.27,3.3,132539.69,43538.291
002949.SZ,20230726,14.76,15.25,14.7,15.02,95183.75,142835.863
002950.SZ,20230726,10.52,10.72,10.52,10.65,36054.5,38403.933
002951.SZ,20230726,7.66,7.66,7.39,7.39,156907.12,117296.605
002952.SZ,20230726,17.1,17.17,16.78,16.82,12567.75,21193.854
002953.SZ,20230726,11.94,12.23,11.84,11.85,68970.43,82619.677
002955.SZ,20230726,20.95,20.95,20.53,20.58,17494.89,36140.898
002956.SZ,20230726,15.3,15.4,15.17,15.34,19772.8,30225.807
002957.SZ,20230726,16.94,16.94,16.23,16.28,66643.44,109319.315
002958.SZ,20230726,2.78,2.8,2.77,2.8,293808.54,81813.567
002959.SZ,20230726,68.12,68.14,66.72,67.23,15582.94,104852.669
002960.SZ,20230726,16.97,17.6,16.97,17.5,57226.46,99686.351
002961.SZ,20230726,15.03,15.18,14.9,14.99,23422.87,35129.509
300584.SZ,20230726,23.2,23.52,23.14,23.34,11900.5,27825.851
300585.SZ,20230726,20.38,20.45,19.45,19.49,191271.14,378450.521
300586.SZ,20230726,12.05,12.07,11.76,11.85,72081.24,85455.379
300587.SZ,20230726,7.54,7.6,7.44,7.49,75481.64,56698.488
300588.SZ,20230726,11.49,11.49,11.14,11.19,42110.8,47533.95
300589.SZ,20230726,14.52,14.66,14.26,14.31,50894.26,73371.921
300590.SZ,20230726,11.46,11.49,11.13,11.13,77957.92,87393.644
300591.SZ,20230726,6.21,6.34,6.15,6.32,83109.55,52151.66
300592.SZ,20230726,27.76,27.85,26.5,26.75,36843.55,99809.289
300593.SZ,20230726,18.8,18.99,18.5,18.56,74024.75,138637.56
300594.SZ,20230726,23.3,23.3,22.56,22.58,11453.0,26099.866
300595.SZ,20230726,32.44,33.12,32.3,32.99,80810.44,266008.662
300596.SZ,20230726,39.3,39.71,39.08,39.6,5413.0,21370.775
300597.SZ,20230726,9.19,9.24,8.92,8.98,65568.0,59001.714
300598.SZ,20230726,49.82,50.92,49.01,50.46,34013.02,170162.127
300599.SZ,20230726,8.72,8.76,8.63,8.68,18441.0,16031.847
300600.SZ,20230726,12.12,12.69,12.06,12.29,182404.78,226768.959
300601.SZ,20230726,28.75,30.68,28.57,29.93,316384.59,949750.822
300602.SZ,20230726,16.46,16.48,15.79,15.86,88768.04,142376.512
300603.SZ,20230726,11.69,11.72,11.41,11.47,50732.0,58399.924
300604.SZ,20230726,42.6,43.61,42.23,42.68,54887.34,235738.576
300605.SZ,20230726,14.91,15.23,14.76,14.95,33110.61,49751.717
300606.SZ,20230726,17.68,18.94,17.68,18.62,112817.44,209684.947
300607.SZ,20230726,13.31,13.31,12.92,12.98,41854.4,54493.601
300608.SZ,20230726,9.86,9.99,9.23,9.29,125313.11,118069.146
300609.SZ,20230726,26.39,26.5,25.29,25.36,28703.0,73698.581
300610.SZ,20230726,11.78,12.55,11.63,12.23,100784.0,122739.546
300611.SZ,20230726,9.96,10.04,9.8,9.93,46895.33,46567.369
300612.SZ,20230726,21.12,21.18,20.4,20.43,72245.41,149497.33
300613.SZ,20230726,57.99,58.0,57.2,57.64,14176.1,81632.836
300614.SZ,20230726,24.99,25.46,24.72,25.21,29958.67,75556.943
300615.SZ,20230726,15.84,16.05,15.61,15.76,24055.0,38102.293
300616.SZ,20230726,20.95,21.25,20.73,20.87,32021.0,66923.435
300617.SZ,20230726,39.38,39.5,38.72,39.08,12193.0,47667.959
300618.SZ,20230726,33.86,34.06,33.46,33.73,25009.62,84232.946
300619.SZ,20230726,65.56,65.67,64.71,64.87,2166.0,14055.891
300620.SZ,20230726,50.89,51.67,49.5,49.75,99941.09,502478.298
300621.SZ,20230726,10.98,11.77,10.87,11.27,99200.65,111679.604
300622.SZ,20230726,23.58,23.63,22.92,23.0,10113.0,23363.698
300623.SZ,20230726,18.7,18.73,18.5,18.61,22851.0,42502.243
300624.SZ,20230726,109.38,110.2,102.77,103.2,144910.97,1537520.705
300625.SZ,20230726,12.66,12.72,12.53,12.69,16562.0,20917.567
301321.SZ,20230726,13.34,13.34,13.12,13.14,26958.68,35525.933
301322.SZ,20230726,59.93,60.2,56.37,57.46,14099.58,82010.228
301323.SZ,20230726,44.91,45.3,42.6,42.98,55662.7,243760.42
301325.SZ,20230726,101.24,103.36,99.6,99.86,7110.55,71821.164
301326.SZ,20230726,36.46,36.54,35.05,35.45,9312.34,33286.781
301327.SZ,20230726,81.0,82.28,80.01,80.13,12017.31,97428.694
301328.SZ,20230726,51.58,53.58,51.58,52.61,9955.1,52539.502
301329.SZ,20230726,22.23,22.53,21.85,21.93,66467.45,147146.825
301330.SZ,20230726,34.61,34.61,31.5,31.99,48710.24,159381.037
301331.SZ,20230726,40.8,41.19,40.54,40.81,8213.5,33514.263
301332.SZ,20230726,15.02,15.6,15.02,15.29,145627.28,222640.693
301333.SZ,20230726,50.1,54.6,49.87,53.0,18074.21,95855.592
301335.SZ,20230726,25.06,25.52,24.95,25.32,13856.02,35102.894
301336.SZ,20230726,50.45,54.5,50.45,52.05,28290.95,148833.915
301337.SZ,20230726,35.5,35.5,34.5,34.55,14270.26,49862.629
301338.SZ,20230726,44.51,46.42,43.71,43.89,81535.16,367145.511
301339.SZ,20230726,23.18,24.42,22.35,22.69,49441.14,115418.683
301345.SZ,20230726,51.86,51.87,50.79,50.96,6337.0,32374.343
301349.SZ,20230726,60.0,60.0,56.9,57.7,28562.3,165488.662
301353.SZ,20230726,36.58,36.58,35.1,35.27,26356.03,93737.95
301355.SZ,20230726,17.78,18.53,17.68,18.49,92186.05,168101.543
301356.SZ,20230726,22.75,23.37,22.68,22.97,20741.43,47713.925
301357.SZ,20230726,51.78,52.88,51.0,51.16,13882.87,71810.181
301358.SZ,20230726,44.13,44.7,43.74,44.05,35795.54,158204.407
301359.SZ,20230726,25.95,26.5,25.77,26.19,21626.55,56674.965
301360.SZ,20230726,88.99,92.0,87.58,89.0,6522.06,58477.323
301361.SZ,20230726,25.62,25.79,25.07,25.21,23361.7,59205.545
301363.SZ,20230726,42.7,44.13,42.11,44.04,13234.08,57636.873
301365.SZ,20230726,19.16,22.7,19.16,20.99,227018.98,482100.23
301366.SZ,20230726,43.64,43.78,40.8,42.2,61693.27,258660.356
301367.SZ,20230726,147.93,154.3,146.55,146.95,14269.92,214803.413
301368.SZ,20230726,49.38,49.49,45.32,45.85,50213.81,233579.981
301369.SZ,20230726,84.3,87.65,83.5,84.81,25075.9,213863.695
301370.SZ,20230726,18.0,18.36,17.87,18.11,87212.4,157891.383
301373.SZ,20230726,33.48,33.83,33.15,33.74,11827.39,39699.11
301376.SZ,20230726,31.18,31.99,29.03,29.43,147835.65,445822.443
301377.SZ,20230726,21.0,21.0,20.3,20.37,36270.53,74379.39
301378.SZ,20230726,60.29,60.38,59.01,59.42,3955.5,23519.148
301379.SZ,20230726,36.81,36.9,34.86,35.23,87408.02,312756.099
301380.SZ,20230726,44.23,44.3,42.93,43.15,8562.0,37185.784
301381.SZ,20230726,48.51,52.66,46.6,51.7,189505.18,929525.371
301382.SZ,20230726,40.4,41.3,39.51,39.86,36583.59,147187.761
600761.SH,20230726,22.12,22.18,21.41,21.67,56647.03,122506.667
600763.SH,20230726,109.9,111.68,109.71,111.09,24533.17,272180.967
600764.SH,20230726,26.61,26.84,26.3,26.39,15045.2,39928.105
600765.SH,20230726,26.19,26.19,25.53,25.61,98210.29,252235.358
600766.SH,20230726,10.72,11.28,10.72,11.14,20595.0,22865.023
600768.SH,20230726,11.1,11.17,10.96,11.14,14635.0,16239.801
600769.SH,20230726,9.56,9.67,9.4,9.52,43525.1,41447.865
600770.SH,20230726,5.5,5.54,5.43,5.52,121239.57,66357.493
600771.SH,20230726,31.56,31.95,31.53,31.78,38837.28,123377.145
600773.SH,20230726,13.68,14.09,13.66,13.81,232298.56,322088.629
600774.SH,20230726,12.78,12.85,12.69,12.73,11508.0,14669.082
600775.SH,20230726,9.76,9.91,9.55,9.68,56675.16,55142.19
600776.SH,20230726,12.32,12.33,12.0,12.02,224260.84,270970.255
600777.SH,20230726,2.54,2.56,2.53,2.54,543753.87,138093.342
600778.SH,20230726,7.44,7.56,7.33,7.49,66789.8,49612.723
600779.SH,20230726,67.0,68.37,66.78,67.59,52873.39,356486.849
600780.SH,20230726,9.75,9.82,9.69,9.74,28507.56,27773.755
600782.SH,20230726,4.02,4.1,4.01,4.09,357886.53,145289.948
600783.SH,20230726,13.35,13.45,13.2,13.34,40152.26,53455.632
600784.SH,20230726,7.25,7.31,7.21,7.27,46185.01,33562.759
600785.SH,20230726,14.92,15.85,14.68,15.43,122392.27,186008.954
600787.SH,20230726,5.73,5.74,5.66,5.71,94586.7,53881.58
600789.SH,20230726,6.69,6.71,6.65,6.66,69074.28,46115.143
600790.SH,20230726,4.34,4.37,4.31,4.37,52418.07,22783.474
600791.SH,20230726,5.08,5.35,5.05,5.19,314504.61,162922.656
600792.SH,20230726,3.58,3.62,3.56,3.62,57827.0,20813.741
600793.SH,20230726,12.49,12.62,12.48,12.6,16872.8,21195.445
600794.SH,20230726,3.92,3.94,3.89,3.92,72545.0,28370.316
600795.SH,20230726,3.63,3.64,3.61,3.61,419454.64,151727.76
600796.SH,20230726,5.41,5.49,5.4,5.47,36557.11,19990.526
600797.SH,20230726,6.79,6.8,6.67,6.68,126690.0,84901.466
600798.SH,20230726,3.57,3.6,3.55,3.59,73672.01,26341.248
600800.SH,20230726,3.62,3.65,3.61,3.65,49077.1,17847.699
600801.SH,20230726,13.03,13.47,12.99,13.3,139381.91,185185.925
600802.SH,20230726,5.37,5.87,5.37,5.7,418872.97,241745.463
600803.SH,20230726,19.11,19.21,18.82,18.99,34938.0,66294.664
600804.SH,20230726,4.35,4.55,4.31,4.55,350606.55,156772.192
600805.SH,20230726,4.47,4.52,4.47,4.5,45669.23,20547.766
600807.SH,20230726,3.23,3.35,3.21,3.34,177694.27,58811.256
600808.SH,20230726,2.62,2.71,2.61,2.7,593712.72,158276.333
600809.SH,20230726,224.98,229.98,224.54,227.92,86920.42,1975369.6
600810.SH,20230726,7.23,7.28,7.19,7.26,33883.75,24569.667
603600.SH,20230726,9.97,10.05,9.91,9.97,15642.9,15595.37
603601.SH,20230726,4.47,4.53,4.44,4.5,116628.93,52243.35
603602.SH,20230726,12.13,12.13,11.89,11.92,15073.2,18030.531
603603.SH,20230726,3.25,3.37,3.25,3.3,62636.0,20797.02
603605.SH,20230726,110.0,111.36,109.5,110.18,13642.76,150498.878
603606.SH,20230726,44.85,45.28,44.52,45.23,37604.71,169017.117
603607.SH,20230726,14.63,14.69,14.51,14.57,11439.52,16718.769
603608.SH,20230726,4.96,5.02,4.89,4.96,72102.2,35731.147
603609.SH,20230726,9.31,9.42,9.26,9.41,48886.5,45825.187
603610.SH,20230726,11.84,11.86,11.76,11.84,18363.96,21710.915
603611.SH,20230726,26.27,26.27,25.2,25.37,30593.24,78269.764
603612.SH,20230726,17.78,17.86,17.53,17.62,26408.94,46620.203
603613.SH,20230726,35.68,35.69,34.73,34.87,74179.75,260107.307
603615.SH,20230726,9.59,9.62,9.43,9.5,24984.0,23709.367
603616.SH,20230726,5.45,5.58,5.4,5.52,149668.0,82523.249
603617.SH,20230726,9.82,9.89,9.76,9.82,18541.46,18195.224
603618.SH,20230726,6.07,6.07,5.98,6.02,50617.0,30457.147
603619.SH,20230726,20.02,20.3,19.74,20.0,67716.34,135341.166
603626.SH,20230726,6.91,6.94,6.79,6.83,54030.8,36972.013
603628.SH,20230726,15.99,15.99,15.44,15.55,27680.79,43116.564
603629.SH,20230726,20.18,20.18,19.46,19.62,72192.92,142069.427
603630.SH,20230726,16.26,16.44,16.19,16.37,43746.9,71428.216
603633.SH,20230726,12.67,12.67,12.0,12.1,72095.0,88117.789
603636.SH,20230726,13.55,13.61,13.16,13.22,92171.25,122381.973
603637.SH,20230726,8.68,8.77,8.63,8.71,28990.88,25214.193
603638.SH,20230726,18.92,18.93,18.4,18.5,23662.92,44054.397
603639.SH,20230726,18.39,18.6,18.39,18.49,20190.72,37341.203
603648.SH,20230726,9.58,9.72,9.54,9.56,32808.0,31492.075
603650.SH,20230726,30.09,30.36,29.9,30.15,29014.27,87376.005
603656.SH,20230726,13.5,13.51,12.93,13.01,39499.0,51834.806
603657.SH,20230726,16.87,16.96,16.59,16.67,12144.0,20369.768
603659.SH,20230726,39.39,40.2,39.22,39.8,105966.78,421660.586
603660.SH,20230726,6.68,6.68,6.43,6.44,132473.12,86315.351
603661.SH,20230726,34.44,34.88,34.06,34.2,4687.0,16092.533
603662.SH,20230726,28.96,28.99,27.91,28.12,70270.24,198637.183
603666.SH,20230726,37.0,37.0,36.35,36.47,14499.0,53043.756
603668.SH,20230726,14.99,15.26,14.9,15.16,53417.62,80702.759
603669.SH,20230726,5.16,5.2,5.15,5.18,33565.44,17373.681
603676.SH,20230726,12.84,12.87,12.43,12.49,42478.63,53360.723
603677.SH,20230726,13.93,13.97,13.56,13.6,46299.2,63475.609
603678.SH,20230726,32.13,32.14,31.91,32.03,16430.48,52620.479
603679.SH,20230726,14.65,14.8,14.44,14.69,29592.4,43309.163
688558.SH,20230726,31.76,31.84,31.41,31.48,4837.4,15278.755
688559.SH,20230726,47.61,47.68,46.66,46.9,20414.96,95987.822
688560.SH,20230726,24.19,24.2,23.57,23.62,26477.66,63045.46
688561.SH,20230726,49.0,49.44,48.75,49.11,17837.77,87412.41
688565.SH,20230726,8.39,8.52,8.37,8.42,15914.96,13438.361
688566.SH,20230726,34.1,34.47,33.4,33.57,6358.95,21553.95
688568.SH,20230726,49.38,51.08,49.26,49.94,18350.06,92497.473
688569.SH,20230726,43.46,43.8,42.8,43.53,15139.73,65584.278
688570.SH,20230726,26.78,26.78,26.28,26.35,22462.82,59440.968
688571.SH,20230726,6.82,6.95,6.74,6.82,46377.66,31656.433
688575.SH,20230726,18.22,18.83,18.21,18.71,29558.07,55055.066
688576.SH,20230726,115.19,116.82,114.22,115.59,3455.21,40013.735
688577.SH,20230726,43.6,43.82,42.3,42.5,2047.14,8772.183
688578.SH,20230726,28.44,29.07,28.26,28.66,12360.83,35505.492
688579.SH,20230726,14.33,14.36,13.5,14.02,95743.8,132831.408
688580.SH,20230726,65.66,68.8,65.15,66.83,4455.31,29943.768
688581.SH,20230726,120.51,123.58,120.07,120.33,2602.02,31519.065
688582.SH,20230726,39.84,40.3,38.61,38.96,26404.36,103516.897
688585.SH,20230726,8.66,8.66,8.4,8.46,11740.65,9959.046
688588.SH,20230726,14.38,14.38,13.86,13.89,43609.87,61026.866
688589.SH,20230726,41.8,41.8,40.66,40.77,17164.59,70202.944
688593.SH,20230726,17.56,17.6,17.09,17.17,31106.71,53750.429
688595.SH,20230726,32.6,32.7,31.86,32.3,12487.02,40372.727
688596.SH,20230726,35.94,36.28,35.5,35.58,12099.2,43332.889
688597.SH,20230726,9.17,9.22,9.12,9.16,17606.02,16126.187
688598.SH,20230726,122.53,123.5,118.31,119.65,10369.47,124473.61
688599.SH,20230726,36.99,37.98,36.5,36.61,214206.73,796249.795
688600.SH,20230726,22.98,22.98,22.38,22.58,6110.06,13816.89
688601.SH,20230726,44.39,44.5,43.05,43.29,9051.38,39381.89
688602.SH,20230726,11.1,11.15,10.88,11.0,140999.84,154891.827
688603.SH,20230726,96.5,98.9,94.0,95.0,7105.95,68264.883
688606.SH,20230726,51.4,51.88,51.32,51.49,2189.59,11309.233
688608.SH,20230726,129.97,131.69,126.87,128.22,10284.43,132446.212
688609.SH,20230726,9.3,9.33,9.01,9.04,82297.68,74930.694
688610.SH,20230726,67.6,70.3,66.9,68.88,18820.25,128980.31
688612.SH,20230726,60.0,62.0,48.9,49.63,250253.89,1323231.636
688613.SH,20230726,24.49,24.84,24.43,24.69,11740.54,28970.258
688616.SH,20230726,12.75,12.88,12.6,12.68,7749.16,9873.92
688618.SH,20230726,60.15,60.63,58.85,60.02,1972.47,11753.635
688619.SH,20230726,13.91,13.91,13.37,13.43,14189.92,19135.813
688620.SH,20230726,14.5,14.84,14.15,14.34,99949.6,144898.271
000423.SZ,20230726,50.12,50.69,49.88,50.13,29377.5,147578.723
000425.SZ,20230726,7.16,7.18,7.02,7.06,395518.75,280187.796
000426.SZ,20230726,9.48,9.78,9.43,9.56,195235.39,186786.311
000428.SZ,20230726,4.53,4.61,4.5,4.57,349801.18,159467.644
000429.SZ,20230726,7.51,7.56,7.49,7.54,48499.16,36507.349
000430.SZ,20230726,7.8,7.89,7.76,7.81,39566.0,30932.592
000488.SZ,20230726,5.0,5.04,4.99,5.04,81612.41,41027.586
000498.SZ,20230726,6.68,6.75,6.65,6.74,127045.14,85182.606
000501.SZ,20230726,9.77,9.88,9.76,9.85,56197.12,55205.943
000503.SZ,20230726,11.75,11.84,11.6,11.64,59117.08,68889.707
000504.SZ,20230726,11.74,12.05,11.73,11.89,20744.03,24701.614
000505.SZ,20230726,7.9,7.98,7.86,7.97,49528.0,39269.217
000506.SZ,20230726,4.19,4.58,4.14,4.44,941551.44,406579.919
000507.SZ,20230726,5.63,5.65,5.61,5.65,48309.01,27237.692
000509.SZ,20230726,3.36,3.43,3.36,3.43,61428.0,20880.933
000510.SZ,20230726,5.78,5.81,5.72,5.77,51261.0,29551.881
000513.SZ,20230726,37.75,38.98,37.57,38.58,62809.32,242241.728
000514.SZ,20230726,4.48,4.73,4.46,4.63,503627.99,231817.478
000516.SZ,20230726,9.02,9.06,8.95,8.99,111090.0,99928.195
000517.SZ,20230726,3.12,3.4,3.09,3.33,1200436.35,390809.011
000518.SZ,20230726,2.68,2.85,2.67,2.79,307687.98,85516.003
000519.SZ,20230726,17.4,17.42,17.25,17.31,91216.0,157905.246
000520.SZ,20230726,3.05,3.06,3.02,3.06,58322.11,17751.535
000521.SZ,20230726,6.92,6.94,6.79,6.81,181731.52,124086.79
000523.SZ,20230726,3.43,3.7,3.38,3.57,659145.63,234243.092
000524.SZ,20230726,10.95,10.95,10.64,10.7,47456.21,50994.192
000525.SZ,20230726,9.57,10.0,9.47,9.88,74025.0,72760.768
000526.SZ,20230726,27.67,28.15,27.2,27.7,39447.0,108844.459
000528.SZ,20230726,8.18,8.18,8.07,8.09,95920.53,77934.0
000529.SZ,20230726,6.57,6.59,6.54,6.57,34115.0,22395.831
000530.SZ,20230726,5.51,5.54,5.36,5.4,179641.1,97381.164
000531.SZ,20230726,7.03,7.04,6.95,6.99,46010.74,32127.829
000532.SZ,20230726,11.54,11.8,11.41,11.44,179970.09,207678.773
000533.SZ,20230726,4.36,4.38,4.28,4.31,143239.0,61694.074
000534.SZ,20230726,13.63,13.73,13.55,13.69,45180.0,61656.897
000536.SZ,20230726,1.9,1.96,1.89,1.95,380413.13,73634.872
000537.SZ,20230726,12.53,12.58,12.37,12.4,64686.59,80514.252
000538.SZ,20230726,53.84,54.19,53.55,53.69,50096.36,269564.414
000539.SZ,20230726,7.21,7.24,7.06,7.11,267203.38,190225.421
000541.SZ,20230726,5.61,5.62,5.53,5.54,37412.01,20786.681
000543.SZ,20230726,6.53,6.59,6.43,6.58,220029.32,143130.425
000544.SZ,20230726,7.87,8.13,7.82,8.08,227599.54,182642.61
002247.SZ,20230726,2.26,2.42,2.24,2.37,700585.11,163191.598
002248.SZ,20230726,8.61,8.61,8.41,8.42,71594.0,60671.889
002249.SZ,20230726,5.64,5.65,5.51,5.53,158070.85,87768.743
002250.SZ,20230726,10.36,10.44,10.28,10.39,123298.01,127980.237
002251.SZ,20230726,5.3,5.54,5.12,5.42,1001883.78,533920.945
002252.SZ,20230726,7.53,7.63,7.51,7.55,235285.55,177753.634
002253.SZ,20230726,14.13,14.13,13.81,13.85,31320.0,43542.934
002254.SZ,20230726,22.62,22.71,22.43,22.68,42226.62,95295.121
002255.SZ,20230726,6.11,6.14,6.03,6.05,102359.0,62232.744
002256.SZ,20230726,2.54,2.58,2.48,2.49,543701.0,136585.767
002258.SZ,20230726,14.25,14.49,14.24,14.46,64798.49,93320.074
002259.SZ,20230726,3.48,3.5,3.47,3.48,13574.0,4730.206
002261.SZ,20230726,17.5,17.77,16.63,16.89,2063538.68,3533615.528
002262.SZ,20230726,28.27,28.34,27.4,27.61,40534.08,112715.873
002263.SZ,20230726,2.69,2.7,2.67,2.7,53779.0,14446.316
002264.SZ,20230726,6.17,6.29,6.15,6.25,90679.83,56471.803
002265.SZ,20230726,13.71,13.76,13.37,13.42,74064.0,99923.528
002266.SZ,20230726,4.25,4.28,4.23,4.26,85484.04,36397.178
002267.SZ,20230726,7.75,7.86,7.75,7.83,50554.55,39506.001
002268.SZ,20230726,26.72,26.75,26.25,26.3,86766.99,228998.902
002269.SZ,20230726,1.83,1.99,1.79,1.99,3377281.06,655148.228
002270.SZ,20230726,11.98,12.25,11.77,12.19,160917.67,193940.781
002271.SZ,20230726,29.23,29.92,28.94,29.66,1036334.87,3066930.232
002272.SZ,20230726,6.5,6.54,6.35,6.37,144826.1,93152.049
002273.SZ,20230726,11.9,11.9,11.51,11.53,223869.47,259786.105
002274.SZ,20230726,7.8,7.91,7.76,7.83,113494.5,89067.612
002275.SZ,20230726,16.25,16.42,16.16,16.2,32294.01,52545.405
002276.SZ,20230726,11.32,11.33,10.82,10.87,288176.11,315757.253
002277.SZ,20230726,3.4,3.44,3.37,3.43,207327.03,70676.909
002278.SZ,20230726,5.65,5.68,5.6,5.66,32045.01,18109.516
002279.SZ,20230726,6.4,6.4,6.28,6.31,149118.2,94245.583
002280.SZ,20230726,3.28,3.3,3.23,3.25,552271.23,179726.477
002281.SZ,20230726,32.0,32.0,31.02,31.44,218601.56,686843.29
002282.SZ,20230726,7.68,7.69,7.61,7.69,20251.5,15505.25
002283.SZ,20230726,6.58,6.58,6.35,6.38,197695.0,127022.051
002284.SZ,20230726,10.38,10.4,9.76,9.83,399515.15,397841.006
002285.SZ,20230726,2.84,3.08,2.82,2.94,917254.98,270669.535
002286.SZ,20230726,8.47,8.52,8.44,8.5,28840.36,24460.2
002287.SZ,20230726,23.68,23.87,23.53,23.76,11103.29,26363.046
002288.SZ,20230726,4.34,4.34,4.29,4.3,62390.45,26888.897
002289.SZ,20230726,5.24,5.24,5.16,5.18,11459.5,5956.279
002290.SZ,20230726,13.23,13.4,12.98,13.12,17530.0,22969.829
002962.SZ,20230726,13.07,13.09,12.77,12.85,62957.2,81098.738
002963.SZ,20230726,15.19,15.33,15.08,15.3,12550.0,19157.354
002965.SZ,20230726,45.21,45.62,44.07,44.22,51922.06,231886.08
002966.SZ,20230726,6.79,6.8,6.75,6.78,114330.47,77389.646
002967.SZ,20230726,16.35,16.39,16.2,16.29,35183.57,57309.928
002968.SZ,20230726,17.54,19.07,17.02,18.23,203180.38,363541.957
002969.SZ,20230726,4.15,4.17,4.13,4.15,49991.0,20714.936
002970.SZ,20230726,31.24,31.24,29.81,29.97,25077.23,75826.98
002971.SZ,20230726,26.35,26.35,25.9,26.07,10766.0,28021.477
002972.SZ,20230726,13.03,13.03,12.63,12.66,22456.0,28793.534
002973.SZ,20230726,12.8,13.08,12.72,13.0,28981.0,37619.45
002975.SZ,20230726,38.11,38.2,36.75,37.03,8733.0,32464.008
002976.SZ,20230726,32.5,32.51,31.43,31.63,39188.3,124656.486
002977.SZ,20230726,33.03,33.14,32.6,32.69,9485.12,31173.983
002978.SZ,20230726,33.22,33.45,33.05,33.45,7901.06,26312.944
002979.SZ,20230726,20.31,20.32,19.74,19.8,25364.0,50516.607
002980.SZ,20230726,32.9,32.9,31.91,32.05,12493.0,40166.826
002981.SZ,20230726,26.16,26.36,25.62,26.05,6735.0,17533.438
002982.SZ,20230726,34.54,35.39,34.4,35.18,10509.72,36792.964
002983.SZ,20230726,24.28,24.55,23.86,23.96,18026.1,43497.214
002984.SZ,20230726,35.22,35.22,34.28,34.37,69275.47,239452.236
002985.SZ,20230726,42.35,42.36,41.87,42.05,20236.76,85103.721
002986.SZ,20230726,19.05,19.29,18.82,19.25,11818.45,22655.474
002987.SZ,20230726,20.65,20.65,20.18,20.24,38498.3,78156.981
002988.SZ,20230726,18.56,18.65,18.3,18.48,10556.37,19505.764
002989.SZ,20230726,17.43,17.79,17.27,17.4,86355.82,150898.711
002990.SZ,20230726,33.76,33.95,32.78,32.99,14751.58,48764.738
002991.SZ,20230726,76.41,78.16,75.9,76.38,6584.0,50596.757
002992.SZ,20230726,58.08,58.08,55.4,55.97,32101.73,180626.543
002993.SZ,20230726,36.34,36.68,35.42,35.55,28144.78,100998.494
002995.SZ,20230726,28.43,28.43,26.53,26.73,160349.83,432935.864
002996.SZ,20230726,12.49,12.51,12.39,12.43,12914.0,16069.786
002997.SZ,20230726,33.33,33.52,31.85,32.02,44959.21,146235.063
002998.SZ,20230726,7.89,7.96,7.85,7.93,35342.0,27963.903
002999.SZ,20230726,7.75,7.91,7.66,7.82,112331.0,87621.779
003000.SZ,20230726,11.59,11.59,11.34,11.55,27743.85,31762.249
003001.SZ,20230726,17.47,19.0,17.27,18.1,101073.91,184757.465
003002.SZ,20230726,16.99,17.15,16.8,17.01,17897.0,30411.031
003003.SZ,20230726,11.25,11.43,11.17,11.41,26380.0,29950.504
003004.SZ,20230726,28.07,28.33,27.4,27.47,13424.0,37048.89
003005.SZ,20230726,31.81,32.04,30.8,30.99,61577.0,192012.641
003006.SZ,20230726,15.78,15.92,15.5,15.6,26555.68,41618.432
300626.SZ,20230726,9.73,9.76,9.54,9.59,22592.0,21764.057
300627.SZ,20230726,32.2,32.39,31.59,31.69,21468.42,68252.597
300628.SZ,20230726,40.03,40.09,38.81,39.68,85916.54,337991.549
300629.SZ,20230726,20.0,20.86,19.96,20.6,71528.41,146563.342
300630.SZ,20230726,20.22,20.54,20.22,20.27,58268.56,118506.107
300631.SZ,20230726,32.89,33.4,32.55,33.05,7653.0,25268.222
300632.SZ,20230726,12.04,12.08,11.68,11.76,49074.16,57926.439
300633.SZ,20230726,47.68,49.3,47.13,48.25,39907.52,193707.993
300634.SZ,20230726,23.5,23.85,20.94,21.18,522363.3,1149933.615
300635.SZ,20230726,13.98,14.27,13.94,14.15,62654.76,88210.053
300636.SZ,20230726,12.04,12.04,11.51,11.56,55580.7,65181.483
300637.SZ,20230726,7.37,7.46,7.33,7.42,16647.8,12314.684
300638.SZ,20230726,21.98,21.98,21.47,21.66,71603.21,154777.724
300639.SZ,20230726,10.25,10.45,10.21,10.34,51503.05,53227.837
300640.SZ,20230726,6.32,6.33,6.24,6.3,35937.9,22570.756
300641.SZ,20230726,5.43,5.46,5.4,5.42,21480.8,11650.634
300642.SZ,20230726,19.99,20.21,19.93,19.96,14062.8,28204.946
300643.SZ,20230726,13.28,13.31,12.73,12.88,67645.0,87602.33
300644.SZ,20230726,17.59,17.68,17.25,17.56,80204.36,140550.004
300645.SZ,20230726,27.88,27.89,27.34,27.41,7295.35,20026.954
300647.SZ,20230726,7.05,7.05,6.85,6.88,65396.44,45227.826
300648.SZ,20230726,29.79,30.06,29.31,29.4,27639.09,81914.429
300649.SZ,20230726,24.5,26.55,24.36,25.84,195001.13,503930.575
300650.SZ,20230726,12.72,12.72,12.44,12.53,38357.95,48061.708
300651.SZ,20230726,27.47,27.52,26.35,26.43,21469.0,57457.349
300652.SZ,20230726,22.86,23.15,22.49,22.54,13192.44,29894.678
300653.SZ,20230726,33.85,34.79,33.85,34.55,17232.36,59411.949
300654.SZ,20230726,12.21,12.21,11.58,11.67,116973.1,137745.252
300655.SZ,20230726,11.42,11.42,11.07,11.15,170840.92,191169.201
300656.SZ,20230726,28.83,28.83,28.04,28.23,6043.52,17077.118
300657.SZ,20230726,18.5,18.7,17.77,18.1,284884.69,514944.594
300658.SZ,20230726,6.8,6.85,6.79,6.82,25576.9,17440.175
300659.SZ,20230726,21.75,23.07,21.2,22.44,193471.0,429669.018
300660.SZ,20230726,31.54,31.59,30.23,30.4,87427.03,267907.243
300661.SZ,20230726,85.45,87.8,84.71,87.04,23371.95,201997.299
300662.SZ,20230726,38.58,39.49,36.5,37.48,59927.35,224412.828
300663.SZ,20230726,13.85,13.85,13.52,13.59,51434.0,70064.908
300664.SZ,20230726,5.83,5.95,5.81,5.88,143781.0,84793.042
300665.SZ,20230726,8.75,9.25,8.66,9.19,154385.57,138406.503
300666.SZ,20230726,64.9,65.47,64.35,65.35,25321.08,164762.052
300667.SZ,20230726,17.91,17.91,17.46,17.53,21718.0,38231.305
300668.SZ,20230726,21.74,23.0,21.73,22.63,33336.46,74772.949
301383.SZ,20230726,39.9,39.91,37.0,38.1,35416.15,137440.168
301386.SZ,20230726,28.26,28.6,27.6,27.7,44828.52,125076.22
301387.SZ,20230726,47.44,47.44,45.88,46.08,15455.64,71822.549
301388.SZ,20230726,26.45,26.49,25.9,25.94,22211.56,58093.939
301389.SZ,20230726,18.03,18.04,17.75,17.78,14089.59,25122.987
301390.SZ,20230726,47.7,49.84,47.41,48.51,24300.03,118902.793
301391.SZ,20230726,99.1,100.11,97.8,98.4,2771.01,27337.822
301393.SZ,20230726,90.95,91.88,88.95,89.49,17621.11,158746.075
301395.SZ,20230726,23.04,23.19,22.91,23.15,21153.4,48819.333
301396.SZ,20230726,35.93,36.64,35.01,35.34,49325.01,176015.013
301397.SZ,20230726,45.65,47.38,44.68,44.98,27249.35,124697.608
301398.SZ,20230726,70.65,72.21,66.0,67.12,92985.16,640711.445
301399.SZ,20230726,52.3,53.09,51.41,51.41,13893.4,72259.46
301408.SZ,20230726,18.59,18.75,18.22,18.3,42265.67,77986.331
301419.SZ,20230726,40.16,40.28,37.73,37.95,29451.03,112757.888
301428.SZ,20230726,37.87,37.98,36.42,36.55,25734.51,95413.39
301429.SZ,20230726,24.71,30.1,24.71,30.1,194101.65,553617.885
301439.SZ,20230726,18.11,18.11,17.82,17.88,28210.93,50612.382
301446.SZ,20230726,38.02,39.75,37.02,37.83,101724.97,387684.618
301448.SZ,20230726,30.44,30.44,29.57,29.78,23887.13,71349.21
301456.SZ,20230726,37.0,37.75,36.49,36.55,46552.62,172366.268
301468.SZ,20230726,39.02,39.89,38.11,38.2,73697.33,285824.307
301486.SZ,20230726,54.99,56.96,54.18,55.59,46841.33,259191.326
301488.SZ,20230726,86.89,92.34,86.01,86.44,61409.45,547071.968
301499.SZ,20230726,32.46,33.22,30.36,31.31,163536.4,517314.897
301503.SZ,20230726,34.85,34.9,33.86,34.01,33737.51,115216.588
301505.SZ,20230726,48.0,58.93,47.0,58.93,142152.63,746058.931
301512.SZ,20230726,79.0,79.0,67.67,70.06,73828.83,534800.658
301515.SZ,20230726,40.03,45.58,40.02,42.33,146694.65,629503.445
600000.SH,20230726,7.28,7.34,7.26,7.29,228180.33,166416.269
600004.SH,20230726,14.0,14.12,13.82,13.87,100922.71,140520.106
600006.SH,20230726,6.15,6.17,5.96,5.97,353781.99,213684.598
600007.SH,20230726,19.99,20.98,19.99,20.95,41561.54,85503.389
600008.SH,20230726,2.93,2.96,2.92,2.95,532474.54,156706.59
600009.SH,20230726,44.8,44.8,43.7,44.02,157679.53,694695.005
600010.SH,20230726,1.82,1.88,1.81,1.86,3476746.95,642026.349
600011.SH,20230726,8.55,8.74,8.4,8.69,1081185.96,928786.478
600012.SH,20230726,9.9,9.99,9.73,9.87,112645.56,110988.21
600015.SH,20230726,5.6,5.62,5.56,5.59,208224.83,116452.627
600016.SH,20230726,3.93,3.95,3.91,3.93,491616.79,193185.946
600017.SH,20230726,3.01,3.03,3.0,3.02,227869.09,68729.45
600018.SH,20230726,5.32,5.34,5.3,5.32,104605.75,55674.913
600811.SH,20230726,2.33,2.38,2.33,2.37,578108.73,136279.573
600812.SH,20230726,5.7,5.75,5.69,5.74,61537.26,35259.268
600814.SH,20230726,9.0,9.07,8.92,9.03,50871.69,45756.356
600815.SH,20230726,2.72,2.81,2.7,2.76,174776.54,48110.684
600816.SH,20230726,3.71,3.72,3.68,3.7,65766.07,24285.407
600817.SH,20230726,11.16,11.18,11.01,11.07,10659.0,11808.931
600818.SH,20230726,18.23,18.24,17.73,17.8,20847.0,37256.771
600819.SH,20230726,5.07,5.08,5.02,5.06,76654.0,38672.732
600820.SH,20230726,6.06,6.09,6.01,6.05,174326.29,105416.629
600821.SH,20230726,6.6,6.62,6.55,6.59,49970.98,32851.882
600822.SH,20230726,13.24,13.45,13.11,13.43,124792.19,166101.812
600823.SH,20230726,1.34,1.34,1.34,1.34,118684.29,15903.695
600824.SH,20230726,3.74,3.76,3.7,3.75,72290.74,27005.62
600825.SH,20230726,4.8,4.8,4.68,4.73,185997.12,87731.178
600826.SH,20230726,12.09,12.09,11.84,11.97,56577.21,67557.669
600827.SH,20230726,12.98,13.07,12.89,13.0,51367.43,66679.363
600828.SH,20230726,4.35,4.36,4.27,4.35,58260.14,25198.229
600829.SH,20230726,7.16,7.25,7.11,7.23,40329.61,29003.915
600830.SH,20230726,6.65,6.66,6.59,6.65,52103.01,34530.375
600831.SH,20230726,6.08,6.08,5.91,5.95,143979.29,85629.79
600833.SH,20230726,12.42,12.43,12.29,12.32,30665.0,37863.55
600834.SH,20230726,8.42,8.48,8.39,8.47,17618.0,14893.371
600835.SH,20230726,15.45,15.47,15.17,15.25,61285.53,93681.682
600836.SH,20230726,4.79,4.83,4.76,4.79,45265.44,21695.49
600837.SH,20230726,9.92,9.97,9.85,9.94,407026.49,403534.142
600838.SH,20230726,6.94,7.01,6.93,7.0,39795.0,27750.729
600839.SH,20230726,4.31,4.32,4.21,4.22,1025827.07,435442.024
600841.SH,20230726,6.23,6.26,6.18,6.25,29417.0,18349.291
600843.SH,20230726,5.71,5.74,5.58,5.6,62977.0,35439.177
600844.SH,20230726,2.88,2.92,2.86,2.91,56630.4,16379.646
600845.SH,20230726,49.5,50.48,49.1,49.36,38980.2,192983.775
600846.SH,20230726,9.83,9.92,9.78,9.82,62591.0,61601.31
600847.SH,20230726,12.55,12.65,12.44,12.54,7875.0,9874.702
600848.SH,20230726,12.5,12.77,12.49,12.69,87881.98,111237.808
600850.SH,20230726,22.44,22.44,22.06,22.14,22298.87,49556.099
600851.SH,20230726,6.4,6.41,6.34,6.36,29583.0,18862.88
600853.SH,20230726,4.39,4.42,4.35,4.38,230273.96,101032.029
600854.SH,20230726,5.05,5.11,4.98,5.06,102361.0,51647.141
600855.SH,20230726,12.25,12.3,12.16,12.21,22956.75,28064.624
600857.SH,20230726,10.23,10.36,10.12,10.34,17062.0,17521.456
600858.SH,20230726,6.39,6.43,6.33,6.41,89668.86,57123.809
600859.SH,20230726,21.6,21.78,21.47,21.68,98595.32,213139.64
603680.SH,20230726,9.6,9.6,9.47,9.5,12244.0,11647.688
603681.SH,20230726,14.75,14.75,14.62,14.68,16645.0,24412.018
603682.SH,20230726,7.55,7.55,7.55,7.55,53704.34,40546.777
603683.SH,20230726,11.31,11.4,11.16,11.22,20769.8,23360.646
603685.SH,20230726,14.98,14.98,14.24,14.24,11960.0,17221.033
603687.SH,20230726,9.29,9.29,9.16,9.25,29578.0,27254.886
603688.SH,20230726,104.46,106.46,103.5,105.48,37812.83,398323.722
603689.SH,20230726,8.72,8.74,8.66,8.67,28081.8,24418.918
603690.SH,20230726,30.66,30.97,30.46,30.69,43277.82,133072.622
603693.SH,20230726,13.23,13.25,13.11,13.16,16938.5,22278.013
603696.SH,20230726,9.82,9.94,9.77,9.91,53127.76,52438.283
603697.SH,20230726,9.6,9.64,9.52,9.61,24055.2,23043.631
603698.SH,20230726,15.64,15.64,15.3,15.32,25029.0,38521.839
603699.SH,20230726,15.55,15.88,15.41,15.48,35796.98,55835.528
603701.SH,20230726,14.05,14.05,13.3,13.36,71058.7,96189.266
603703.SH,20230726,10.11,10.34,10.03,10.18,67760.8,69232.9
603707.SH,20230726,13.57,14.28,13.55,14.01,133901.87,187173.672
603708.SH,20230726,13.21,13.32,13.05,13.3,56962.67,75171.117
603709.SH,20230726,17.07,17.17,16.83,17.09,11517.6,19611.253
603711.SH,20230726,18.48,18.63,18.3,18.62,11857.0,21933.4
603712.SH,20230726,29.0,29.0,28.56,28.64,14961.01,43003.112
603713.SH,20230726,85.54,86.48,85.01,85.85,2933.89,25150.498
603717.SH,20230726,7.07,7.19,7.03,7.15,89112.0,63552.493
603718.SH,20230726,9.58,9.79,9.57,9.68,36055.9,34861.775
603719.SH,20230726,25.3,25.3,24.85,25.19,44655.08,111885.701
603722.SH,20230726,46.5,47.39,46.4,47.19,3256.0,15297.42
603725.SH,20230726,8.8,8.89,8.72,8.86,27431.17,24196.021
603727.SH,20230726,11.75,11.78,11.67,11.77,17670.14,20727.382
603728.SH,20230726,62.3,62.57,60.13,60.45,54583.61,332057.276
603729.SH,20230726,16.06,16.06,15.7,15.78,16488.4,26066.474
603730.SH,20230726,18.73,18.77,17.57,17.75,130088.14,233779.991
603733.SH,20230726,22.14,22.67,21.98,22.63,50366.45,113252.821
603737.SH,20230726,75.3,77.0,74.36,76.45,43472.76,331410.782
603738.SH,20230726,16.27,16.35,15.75,15.75,111105.13,177102.48
603739.SH,20230726,13.65,13.68,13.54,13.63,6032.2,8211.044
603755.SH,20230726,33.0,33.33,32.4,32.92,13777.81,45292.638
603757.SH,20230726,27.62,27.62,27.02,27.18,14519.5,39487.424
603758.SH,20230726,10.59,10.74,10.25,10.31,27615.0,28743.69
603766.SH,20230726,5.39,5.4,5.24,5.26,106986.02,56679.482
603767.SH,20230726,12.8,12.95,12.32,12.36,294659.2,369022.523
603768.SH,20230726,16.79,16.99,16.33,16.4,15968.0,26444.915
603773.SH,20230726,30.11,30.48,29.5,29.66,31597.59,94221.449
688621.SH,20230726,56.22,58.88,56.21,57.93,5589.99,32288.954
688622.SH,20230726,31.54,31.78,30.99,31.1,2479.49,7773.491
688623.SH,20230726,89.2,89.56,88.18,88.28,3695.79,32754.615
688625.SH,20230726,41.03,42.68,40.72,41.54,7372.73,30844.267
688627.SH,20230726,85.95,89.88,84.46,84.88,43730.48,378868.857
688628.SH,20230726,41.95,42.35,40.84,41.21,8313.48,34426.414
688629.SH,20230726,20.6,20.69,19.67,19.69,83474.99,166699.055
688630.SH,20230726,77.08,77.8,75.01,75.89,24087.75,183640.505
688631.SH,20230726,34.78,34.89,33.96,34.5,10754.96,36944.676
688633.SH,20230726,32.9,33.43,32.77,33.27,2856.79,9460.768
688636.SH,20230726,45.96,45.97,45.01,45.21,6797.17,30793.44
688638.SH,20230726,69.53,69.6,68.85,69.02,3710.59,25649.784
688651.SH,20230726,56.66,62.0,50.2,55.0,139081.93,744808.067
688655.SH,20230726,16.12,16.16,15.52,15.56,16488.97,25984.461
688656.SH,20230726,35.18,35.4,35.05,35.21,536.06,1886.447
688658.SH,20230726,18.35,18.35,17.94,17.95,33122.6,59839.387
688659.SH,20230726,13.2,13.4,13.0,13.17,33361.84,43936.008
688660.SH,20230726,5.56,5.57,5.52,5.53,50680.85,28074.681
688661.SH,20230726,71.5,71.5,65.52,66.0,34640.48,235962.262
688663.SH,20230726,31.6,32.14,31.23,31.67,15358.72,48553.427
688665.SH,20230726,86.0,87.3,84.01,84.79,1944.33,16663.56
688667.SH,20230726,87.6,88.49,83.8,84.82,4957.6,42147.971
688668.SH,20230726,78.35,78.82,75.77,76.36,29888.39,229453.046
688669.SH,20230726,18.49,18.97,18.43,18.79,9558.06,17921.419
688670.SH,20230726,31.01,33.0,30.88,32.38,23289.8,74976.065
688676.SH,20230726,35.39,36.13,34.67,35.8,80507.34,285711.006
688677.SH,20230726,52.53,53.6,51.81,52.42,11094.82,58547.158
688678.SH,20230726,21.52,21.54,20.9,21.03,11375.29,24000.2
688679.SH,20230726,14.63,14.91,14.53,14.89,4915.66,7258.17
688680.SH,20230726,98.44,100.44,96.86,98.59,23900.44,235121.215
688681.SH,20230726,15.24,15.47,14.97,15.21,12476.64,18997.433
688682.SH,20230726,55.81,57.77,54.69,56.7,5233.56,29628.33
688683.SH,20230726,21.44,21.44,20.62,20.69,3691.69,7691.717
688685.SH,20230726,20.25,20.25,19.7,19.73,7017.88,13950.903
688686.SH,20230726,131.99,132.35,130.48,131.1,3274.3,42913.066
688687.SH,20230726,21.86,22.25,21.42,21.87,17074.38,37322.369
688689.SH,20230726,28.02,28.3,26.93,27.5,27069.49,74110.923
688690.SH,20230726,38.0,39.1,37.8,38.6,20132.9,77828.399
688696.SH,20230726,134.88,136.0,133.7,135.16,4246.34,57286.151
688697.SH,20230726,23.82,23.9,23.22,23.4,25885.07,60887.04
688698.SH,20230726,33.5,33.51,32.2,32.87,15217.24,49931.505
688699.SH,20230726,50.2,50.2,49.05,49.33,5404.97,26732.498
000545.SZ,20230726,3.03,3.13,3.03,3.11,184175.07,56788.219
000546.SZ,20230726,6.78,6.89,6.76,6.85,81053.0,55417.881
000547.SZ,20230726,9.52,9.52,9.46,9.48,78665.22,74592.696
000548.SZ,20230726,5.15,5.38,5.11,5.31,413731.43,218567.565
000550.SZ,20230726,18.05,18.44,17.82,18.23,492654.71,893359.939
000551.SZ,20230726,10.63,10.67,10.5,10.54,24464.0,25843.174
000552.SZ,20230726,3.32,3.33,3.31,3.32,182406.0,60569.732
000553.SZ,20230726,8.59,8.68,8.56,8.61,35474.25,30562.851
000554.SZ,20230726,5.89,5.94,5.83,5.84,46771.0,27399.886
000555.SZ,20230726,11.44,11.47,11.23,11.26,63353.98,71629.741
000557.SZ,20230726,5.42,5.46,5.38,5.44,56870.95,30810.226
000558.SZ,20230726,3.36,3.42,3.33,3.38,477185.01,160854.059
000559.SZ,20230726,5.55,5.55,5.41,5.43,95903.21,52390.073
000560.SZ,20230726,2.88,3.14,2.8,3.09,3032076.55,907009.939
000561.SZ,20230726,9.7,9.7,9.49,9.5,122149.25,116852.033
000563.SZ,20230726,3.18,3.2,3.16,3.19,456256.0,145063.244
000564.SZ,20230726,1.13,1.19,1.12,1.16,2033262.09,234689.366
000565.SZ,20230726,5.87,5.91,5.84,5.88,21934.03,12867.786
000566.SZ,20230726,4.88,4.88,4.83,4.85,62243.02,30196.836
000567.SZ,20230726,13.15,13.18,13.0,13.07,25802.1,33731.896
000568.SZ,20230726,238.11,241.77,235.0,237.7,73720.92,1752337.391
000570.SZ,20230726,5.95,5.99,5.83,5.86,258614.52,152085.442
000571.SZ,20230726,2.54,2.56,2.47,2.56,231205.29,58184.649
000572.SZ,20230726,4.4,4.42,4.24,4.26,239504.84,102868.455
000573.SZ,20230726,3.96,4.08,3.91,3.93,945343.77,376615.353
000576.SZ,20230726,10.45,10.51,10.37,10.39,20805.0,21687.872
000581.SZ,20230726,17.46,17.46,16.98,17.06,108360.3,185652.433
000582.SZ,20230726,8.1,8.14,8.06,8.11,62887.53,50885.446
000584.SZ,20230726,5.04,5.11,4.93,5.03,128921.5,64549.417
000586.SZ,20230726,13.5,13.63,13.34,13.54,26810.0,36116.402
000589.SZ,20230726,6.94,6.99,6.82,6.87,194196.16,133449.983
000590.SZ,20230726,8.78,8.81,8.69,8.78,16315.0,14299.737
000591.SZ,20230726,6.58,6.59,6.53,6.55,187054.03,122617.927
000592.SZ,20230726,2.61,2.65,2.58,2.65,546394.3,143391.098
000593.SZ,20230726,7.18,7.31,7.17,7.28,56363.03,40980.151
000595.SZ,20230726,5.45,5.45,5.34,5.37,103689.02,55674.14
000596.SZ,20230726,257.69,263.0,255.51,259.58,11854.17,307721.196
000597.SZ,20230726,5.29,5.34,5.26,5.33,92147.88,48893.668
000598.SZ,20230726,5.57,5.66,5.56,5.63,131285.67,73801.694
000599.SZ,20230726,4.47,4.48,4.35,4.37,83033.0,36522.325
000600.SZ,20230726,6.85,6.96,6.82,6.84,162328.13,111451.988
000601.SZ,20230726,4.47,4.48,4.43,4.46,35625.45,15872.447
002291.SZ,20230726,12.12,12.14,11.65,11.68,336629.4,398136.218
002292.SZ,20230726,10.56,11.48,10.45,10.85,1689371.46,1867516.765
002293.SZ,20230726,11.37,11.41,11.26,11.3,22482.54,25435.775
002294.SZ,20230726,33.16,33.49,33.09,33.29,15949.14,53111.531
002295.SZ,20230726,7.24,7.29,7.18,7.22,27164.28,19633.273
002296.SZ,20230726,8.17,8.17,8.03,8.05,40940.0,33009.551
002297.SZ,20230726,7.89,7.94,7.86,7.89,38845.0,30659.542
002298.SZ,20230726,6.23,6.23,6.13,6.15,82202.47,50722.2
002299.SZ,20230726,20.63,21.12,20.62,21.03,91488.28,191671.838
002300.SZ,20230726,8.11,8.11,7.95,8.01,55276.5,44312.478
002301.SZ,20230726,7.19,7.25,7.17,7.19,42795.0,30829.255
002302.SZ,20230726,7.45,7.54,7.42,7.52,144856.19,108525.782
002303.SZ,20230726,3.38,3.4,3.36,3.39,77150.0,26109.319
002304.SZ,20230726,138.01,139.29,137.42,138.89,41847.71,578706.86
002305.SZ,20230726,2.45,2.7,2.42,2.7,1656706.5,424786.31
002306.SZ,20230726,4.1,4.1,4.05,4.09,30697.0,12512.355
002307.SZ,20230726,5.13,5.19,5.12,5.15,155974.34,80487.564
002308.SZ,20230726,5.14,5.3,5.07,5.2,223904.0,116078.514
002309.SZ,20230726,3.98,4.0,3.92,3.93,86005.0,34029.815
002310.SZ,20230726,2.32,2.6,2.32,2.6,2281097.32,575431.938
002311.SZ,20230726,47.96,49.08,47.96,48.6,29127.23,141495.769
002312.SZ,20230726,8.36,8.62,8.35,8.53,262906.89,223744.95
002313.SZ,20230726,7.84,8.17,7.72,8.04,50822.0,40147.03
002314.SZ,20230726,3.66,3.81,3.63,3.76,875110.89,326576.58
002315.SZ,20230726,39.57,40.16,38.08,38.69,188907.18,733368.836
002316.SZ,20230726,6.98,6.99,6.33,6.4,1388590.44,925458.903
002317.SZ,20230726,16.25,16.35,16.18,16.25,86965.46,141306.833
002318.SZ,20230726,17.48,17.55,17.27,17.41,23997.75,41727.949
002319.SZ,20230726,16.63,16.77,16.21,16.45,19310.0,31801.969
002320.SZ,20230726,6.39,6.47,6.36,6.38,77161.95,49431.643
002321.SZ,20230726,2.58,2.62,2.56,2.62,87984.1,22797.594
002322.SZ,20230726,10.05,10.06,9.96,10.02,29986.01,29996.168
002323.SZ,20230726,2.83,2.86,2.8,2.84,241652.07,68394.123
002324.SZ,20230726,13.73,13.76,13.35,13.46,61616.13,83301.678
002325.SZ,20230726,1.78,1.79,1.69,1.78,1598057.93,278843.431
002326.SZ,20230726,15.5,15.53,15.19,15.26,150361.08,230187.088
002327.SZ,20230726,8.48,8.48,8.28,8.42,50873.0,42497.855
002328.SZ,20230726,6.35,6.37,6.13,6.17,238042.17,147308.375
002329.SZ,20230726,6.79,6.84,6.66,6.74,166337.45,112146.209
002330.SZ,20230726,5.93,5.99,5.92,5.98,74192.8,44158.664
002331.SZ,20230726,7.08,7.11,6.88,6.91,55006.0,38303.29
002332.SZ,20230726,13.12,13.57,13.05,13.52,109733.0,147005.602
003007.SZ,20230726,25.59,25.59,24.77,25.1,10483.5,26266.319
003008.SZ,20230726,28.8,28.8,28.34,28.38,5461.0,15594.299
003009.SZ,20230726,51.82,52.3,50.6,50.75,10926.0,56181.239
003010.SZ,20230726,22.11,22.11,21.44,21.62,52778.24,114623.065
003011.SZ,20230726,32.77,33.26,32.28,32.35,17270.4,56643.638
003012.SZ,20230726,11.02,11.85,10.9,11.65,220284.51,254785.629
003013.SZ,20230726,19.69,19.94,19.61,19.79,15995.0,31658.422
003015.SZ,20230726,9.27,9.34,9.18,9.25,29125.0,26941.839
003016.SZ,20230726,10.18,10.2,10.07,10.15,17768.0,18007.577
003017.SZ,20230726,34.65,34.9,34.52,34.73,4213.0,14613.629
003018.SZ,20230726,10.06,10.14,10.01,10.14,10523.01,10630.945
003019.SZ,20230726,20.42,20.42,20.11,20.2,13217.83,26712.217
003020.SZ,20230726,33.6,33.8,33.19,33.55,8405.3,28154.412
003021.SZ,20230726,76.25,77.01,74.0,74.65,10587.22,79554.73
003022.SZ,20230726,24.12,24.77,24.04,24.2,78841.37,192544.359
003023.SZ,20230726,20.68,20.93,20.63,20.74,14709.76,30590.581
003025.SZ,20230726,14.87,14.87,14.53,14.67,11628.58,17041.504
003026.SZ,20230726,40.66,40.67,39.33,39.49,19322.61,76893.839
003027.SZ,20230726,21.05,22.33,20.93,22.0,84146.5,184018.756
003028.SZ,20230726,37.5,37.8,36.84,36.87,4786.75,17772.107
003029.SZ,20230726,25.45,25.45,24.65,24.88,40803.0,101750.799
003030.SZ,20230726,24.55,24.79,24.34,24.64,7355.0,18118.42
003031.SZ,20230726,114.91,118.26,113.19,116.39,10450.44,121039.891
003032.SZ,20230726,14.03,14.03,13.73,13.86,62638.0,86578.02
003033.SZ,20230726,33.62,33.62,32.45,32.49,8009.0,26316.886
003035.SZ,20230726,6.73,6.74,6.68,6.7,88557.49,59331.842
003036.SZ,20230726,13.42,13.57,13.39,13.54,9391.0,12678.893
003037.SZ,20230726,13.42,13.91,13.23,13.66,167089.4,227894.192
003038.SZ,20230726,37.31,37.61,36.52,36.68,12199.66,44900.33
003039.SZ,20230726,18.09,18.6,17.83,17.91,85071.91,155037.534
003040.SZ,20230726,17.9,17.9,17.63,17.67,23436.69,41512.36
003041.SZ,20230726,16.12,16.32,16.12,16.3,6874.24,11158.384
003042.SZ,20230726,20.76,21.78,20.74,21.54,68649.16,146778.473
003816.SZ,20230726,3.02,3.04,3.01,3.02,517890.74,156526.152
300001.SZ,20230726,19.7,19.79,19.13,19.21,112578.38,217365.417
300002.SZ,20230726,10.53,10.55,10.01,10.08,914287.43,928041.47
300003.SZ,20230726,21.61,21.77,21.46,21.51,92115.99,199031.179
300004.SZ,20230726,5.74,5.79,5.68,5.72,89010.21,50942.441
300005.SZ,20230726,8.15,8.2,8.08,8.19,39775.0,32429.923
300006.SZ,20230726,3.52,3.56,3.5,3.52,107516.0,37966.325
300007.SZ,20230726,17.2,17.2,16.64,16.7,62898.01,105644.058
300669.SZ,20230726,14.8,14.99,14.66,14.86,22996.5,33998.884
300670.SZ,20230726,7.62,7.64,7.48,7.53,47357.5,35610.905
300671.SZ,20230726,40.02,40.07,39.17,39.34,17572.0,69323.248
300672.SZ,20230726,78.5,78.83,77.51,77.74,23163.78,180843.204
300673.SZ,20230726,13.88,13.88,13.71,13.77,12191.0,16788.158
300674.SZ,20230726,17.01,17.07,16.56,16.64,111825.33,186970.805
300675.SZ,20230726,16.97,18.47,16.76,17.47,226708.92,404672.243
300676.SZ,20230726,58.58,59.76,58.48,59.07,21005.84,124254.689
300677.SZ,20230726,21.9,22.12,21.8,21.86,36685.57,80386.045
300678.SZ,20230726,41.0,41.1,39.32,39.72,170258.3,679383.315
300679.SZ,20230726,36.79,36.83,35.6,35.76,36310.36,130479.476
300680.SZ,20230726,20.34,20.38,19.81,19.89,38426.0,76913.734
300681.SZ,20230726,21.82,21.82,20.67,20.72,41096.76,86669.652
300682.SZ,20230726,21.81,21.89,21.6,21.74,26371.25,57279.443
300683.SZ,20230726,39.05,39.33,38.5,38.62,9269.0,35994.599
300684.SZ,20230726,19.95,20.11,19.55,19.93,53533.98,106279.821
300685.SZ,20230726,24.0,24.38,23.95,24.27,22566.13,54638.651
300686.SZ,20230726,11.01,11.25,10.89,11.0,57850.96,63813.917
300687.SZ,20230726,23.83,23.99,23.23,23.56,52667.56,123950.985
300688.SZ,20230726,31.0,31.16,28.5,29.69,119205.06,353385.202
300689.SZ,20230726,22.74,22.79,21.99,22.02,12911.5,28711.912
300690.SZ,20230726,15.66,15.67,15.44,15.52,7557.19,11727.746
300691.SZ,20230726,16.7,16.7,16.0,16.11,65705.84,107044.188
300692.SZ,20230726,7.16,7.56,7.16,7.4,129611.23,96407.731
300693.SZ,20230726,36.59,37.05,36.18,36.52,69781.43,254945.604
300694.SZ,20230726,10.85,10.85,10.61,10.64,21247.0,22652.417
300695.SZ,20230726,48.18,48.23,47.03,47.97,1536.0,7364.254
300696.SZ,20230726,23.44,23.54,23.13,23.2,11565.32,26920.929
300697.SZ,20230726,11.65,11.65,11.35,11.47,26797.48,30651.831
300698.SZ,20230726,25.76,25.77,25.09,25.34,6386.0,16182.383
300699.SZ,20230726,30.65,30.66,30.28,30.34,46351.35,141113.317
300700.SZ,20230726,20.46,20.46,19.87,19.99,43436.79,87313.06
300701.SZ,20230726,10.24,10.25,9.94,9.98,33403.33,33527.594
300702.SZ,20230726,23.71,24.25,23.71,24.2,19723.52,47574.026
300703.SZ,20230726,9.88,9.98,9.83,9.96,20286.0,20141.146
300705.SZ,20230726,25.14,25.42,24.9,25.2,11372.03,28701.593
300706.SZ,20230726,25.1,25.21,24.71,24.78,18969.0,47218.338
300707.SZ,20230726,17.65,17.71,16.34,16.47,80576.13,135194.112
300708.SZ,20230726,10.71,10.83,10.57,10.61,105009.8,112349.33
300709.SZ,20230726,24.8,24.9,23.71,23.99,65180.37,156705.728
300710.SZ,20230726,25.19,25.22,24.88,25.01,4040.35,10113.785
300711.SZ,20230726,13.8,13.8,13.28,13.31,59448.84,79665.135
600019.SH,20230726,6.08,6.24,6.02,6.1,874606.23,533021.582
600020.SH,20230726,3.77,3.79,3.74,3.77,92330.72,34712.024
600021.SH,20230726,10.35,10.35,10.21,10.24,255074.95,261494.085
600022.SH,20230726,1.43,1.58,1.43,1.53,2377320.59,358370.214
600023.SH,20230726,4.75,4.78,4.69,4.74,464541.4,219359.014
600025.SH,20230726,6.93,6.99,6.89,6.96,175605.29,121881.004
600026.SH,20230726,14.49,14.55,14.15,14.2,121724.51,173717.184
600027.SH,20230726,5.72,5.77,5.67,5.72,580492.49,331901.372
600028.SH,20230726,6.45,6.49,6.23,6.27,1107723.99,700118.635
600029.SH,20230726,6.84,6.87,6.71,6.77,368608.06,249760.155
600030.SH,20230726,21.55,21.8,21.44,21.78,1284301.79,2778443.919
600031.SH,20230726,17.68,17.71,17.28,17.31,462489.56,805264.813
600032.SH,20230726,11.43,11.46,11.33,11.42,26601.25,30289.312
600033.SH,20230726,3.34,3.39,3.34,3.39,159404.74,53813.337
600035.SH,20230726,4.15,4.18,4.11,4.13,112571.0,46585.327
600036.SH,20230726,33.27,33.73,33.07,33.35,501751.4,1673625.171
600037.SH,20230726,8.43,8.45,8.27,8.29,117218.06,97568.126
600038.SH,20230726,40.73,40.74,40.25,40.33,40258.6,162444.846
600039.SH,20230726,9.7,9.83,9.65,9.75,118736.45,115925.414
600048.SH,20230726,13.69,13.83,13.55,13.74,931753.1,1277783.274
600050.SH,20230726,5.23,5.23,5.11,5.14,1840103.37,948882.793
600051.SH,20230726,7.6,7.73,7.59,7.71,53305.62,41008.006
600052.SH,20230726,5.06,5.07,4.89,4.92,141563.72,70077.011
600053.SH,20230726,13.49,13.65,13.46,13.55,22259.87,30136.099
600054.SH,20230726,13.49,13.64,13.35,13.45,47854.0,64441.855
600055.SH,20230726,20.2,20.99,20.1,20.47,68951.4,141819.289
600056.SH,20230726,13.2,13.28,13.11,13.14,126544.21,166858.02
600057.SH,20230726,8.06,8.13,8.01,8.1,107122.83,86600.748
600058.SH,20230726,9.94,9.96,9.85,9.92,37372.5,36994.163
600059.SH,20230726,10.95,10.96,10.81,10.91,69213.1,75215.962
600060.SH,20230726,22.65,22.88,22.33,22.51,45289.91,102223.492
600061.SH,20230726,7.58,7.61,7.49,7.56,235596.94,177886.31
600062.SH,20230726,17.0,17.06,16.81,16.9,78828.98,133617.317
600063.SH,20230726,5.45,5.53,5.43,5.51,228397.01,125148.676
600064.SH,20230726,6.64,6.75,6.62,6.71,254308.56,170328.823
600066.SH,20230726,13.97,14.0,13.63,13.68,107699.74,148436.811
600067.SH,20230726,2.91,3.01,2.89,2.98,317450.4,93950.943
600070.SH,20230726,2.89,2.93,2.88,2.9,26115.32,7594.721
600071.SH,20230726,20.23,20.26,19.83,19.92,16411.0,32792.263
600072.SH,20230726,24.33,24.64,23.69,23.81,281079.67,678531.371
600073.SH,20230726,7.69,7.73,7.66,7.73,68288.39,52563.876
600075.SH,20230726,4.87,4.94,4.87,4.93,82643.75,40595.546
600860.SH,20230726,12.76,12.83,12.1,12.14,207390.95,254600.54
600861.SH,20230726,26.29,26.41,25.8,26.03,17992.97,46837.091
600862.SH,20230726,24.35,24.64,24.17,24.57,56848.44,139231.472
600863.SH,20230726,3.67,3.68,3.64,3.66,661644.57,242037.965
600864.SH,20230726,5.41,5.43,5.31,5.38,328897.04,176518.469
600865.SH,20230726,9.4,9.49,9.33,9.47,16943.9,15998.053
600866.SH,20230726,5.54,5.6,5.54,5.59,46051.0,25682.393
600867.SH,20230726,10.21,10.64,10.21,10.54,220987.47,232527.716
600868.SH,20230726,2.77,2.82,2.76,2.79,224317.41,62533.632
600869.SH,20230726,5.51,5.51,5.43,5.45,65679.52,35863.908
600871.SH,20230726,2.12,2.13,2.09,2.11,379361.06,79977.743
600872.SH,20230726,35.99,36.35,35.3,35.55,80304.49,286469.981
600873.SH,20230726,9.12,9.24,9.11,9.23,119520.25,109939.596
600874.SH,20230726,6.01,6.1,5.99,6.05,82573.85,50006.952
600875.SH,20230726,19.04,19.25,19.03,19.14,71085.15,136114.364
600876.SH,20230726,16.53,16.58,16.45,16.51,19609.89,32385.789
600877.SH,20230726,14.28,14.33,14.06,14.22,37330.9,52895.138
600879.SH,20230726,7.96,7.98,7.85,7.89,290382.49,229263.461
600880.SH,20230726,5.57,5.57,5.43,5.47,181612.32,99415.313
600881.SH,20230726,2.18,2.23,2.17,2.22,308033.85,67931.169
600882.SH,20230726,21.59,21.8,21.3,21.75,59582.05,128478.401
600883.SH,20230726,8.19,8.25,8.15,8.2,15672.0,12855.281
600884.SH,20230726,15.03,15.15,15.01,15.06,75772.59,114054.773
600885.SH,20230726,33.15,33.36,32.91,33.05,30569.64,101108.704
600886.SH,20230726,12.43,12.52,12.25,12.51,156503.87,194182.304
600887.SH,20230726,27.63,27.8,27.58,27.72,211542.09,585089.198
600888.SH,20230726,8.21,8.23,8.16,8.19,60289.0,49407.569
600889.SH,20230726,4.94,5.03,4.91,5.01,37946.98,18938.698
600892.SH,20230726,5.9,6.02,5.88,6.0,85243.24,50890.152
600893.SH,20230726,40.53,40.66,40.31,40.45,53419.82,216220.03
600894.SH,20230726,7.57,7.57,7.45,7.47,37712.0,28313.441
600895.SH,20230726,15.5,16.15,15.32,15.85,552929.71,872572.688
600897.SH,20230726,14.8,14.89,14.48,14.55,29071.65,42499.817
600898.SH,20230726,3.43,3.43,3.31,3.35,14868.0,4974.742
600900.SH,20230726,21.33,21.4,21.22,21.39,482595.84,1028987.379
600901.SH,20230726,4.24,4.27,4.22,4.26,188112.31,79878.86
600903.SH,20230726,8.68,8.79,8.64,8.72,61384.52,53473.02
600905.SH,20230726,5.32,5.34,5.31,5.34,457725.54,243615.759
600906.SH,20230726,7.56,7.62,7.48,7.56,246757.17,186269.927
600908.SH,20230726,5.32,5.36,5.31,5.35,78912.82,42115.043
600909.SH,20230726,4.95,5.0,4.93,4.98,386860.29,191926.74
600916.SH,20230726,12.0,12.04,11.92,11.98,75350.51,90221.762
603776.SH,20230726,14.72,14.85,14.41,14.5,19396.74,28146.532
603777.SH,20230726,15.19,15.55,15.0,15.19,119052.74,181153.561
603778.SH,20230726,5.42,5.55,5.36,5.44,214241.69,117342.419
603779.SH,20230726,10.52,10.54,9.73,9.99,262896.0,264423.284
603786.SH,20230726,76.43,76.89,74.23,76.0,7404.2,55931.0
603787.SH,20230726,17.26,17.28,16.78,16.91,11310.0,19181.207
603788.SH,20230726,12.86,12.86,12.56,12.6,45242.4,57155.869
603790.SH,20230726,14.35,14.37,14.13,14.2,10864.6,15437.107
603797.SH,20230726,5.68,5.8,5.68,5.76,81853.92,47159.178
603798.SH,20230726,10.99,11.05,10.59,10.68,77019.84,82571.142
603799.SH,20230726,51.2,51.5,49.77,49.9,142443.65,717274.556
603800.SH,20230726,31.8,31.98,30.19,30.38,36719.57,113304.334
603801.SH,20230726,24.64,25.54,23.68,24.12,137092.47,335172.235
603803.SH,20230726,8.0,8.03,7.81,7.84,37541.0,29502.013
603808.SH,20230726,13.2,13.24,12.88,12.98,24392.5,31698.703
603809.SH,20230726,10.84,10.84,10.44,10.45,23139.92,24447.817
603810.SH,20230726,14.13,14.43,14.08,14.39,15978.36,22841.507
603811.SH,20230726,12.2,12.24,11.96,12.03,30542.4,36903.272
603813.SH,20230726,15.08,15.2,15.03,15.13,4701.0,7104.184
603815.SH,20230726,7.05,7.14,7.03,7.09,76595.97,54360.29
603816.SH,20230726,43.37,43.85,42.53,42.84,48796.13,209944.963
603818.SH,20230726,5.82,5.82,5.69,5.73,58669.0,33676.691
603822.SH,20230726,33.33,35.09,33.33,34.9,22529.6,77852.94
603826.SH,20230726,51.25,52.07,51.25,51.87,5663.9,29296.276
603828.SH,20230726,4.15,4.15,4.15,4.15,368249.0,152823.335
603829.SH,20230726,15.27,15.4,15.05,15.14,21675.0,32913.535
603833.SH,20230726,96.93,99.8,96.9,98.5,34966.87,344594.692
603836.SH,20230726,15.25,15.33,15.15,15.28,6207.0,9476.043
603838.SH,20230726,6.28,6.42,6.27,6.41,22357.0,14250.955
603839.SH,20230726,7.67,7.78,7.6,7.71,22527.8,17338.726
603843.SH,20230726,3.97,4.08,3.97,4.07,169009.4,68309.852
603848.SH,20230726,15.63,16.5,15.5,15.82,122980.53,194358.513
603855.SH,20230726,24.85,25.24,24.68,25.14,7506.0,18748.424
603856.SH,20230726,13.8,13.93,13.63,13.73,18630.0,25601.292
603858.SH,20230726,20.34,20.53,20.29,20.48,54292.99,111025.146
603859.SH,20230726,44.47,44.47,43.35,43.71,17422.0,76127.297
603860.SH,20230726,28.67,29.2,28.51,29.0,20743.0,60102.994
603861.SH,20230726,9.4,9.4,9.12,9.3,27109.0,25146.644
603863.SH,20230726,20.22,20.45,20.12,20.23,10557.0,21407.465
603866.SH,20230726,10.04,10.18,9.98,10.15,85881.01,86641.113
603867.SH,20230726,36.55,36.99,36.29,36.53,14900.5,54484.567
603868.SH,20230726,74.92,75.29,72.11,72.7,9276.02,68016.498
688701.SH,20230726,9.37,9.46,9.26,9.44,7503.27,7061.961
688707.SH,20230726,31.06,31.06,30.34,30.63,13169.07,40368.052
688711.SH,20230726,58.18,59.31,58.0,58.79,9545.3,55982.585
688718.SH,20230726,18.35,18.48,18.1,18.16,4702.43,8600.943
688722.SH,20230726,17.5,17.75,17.41,17.59,12907.22,22666.897
688728.SH,20230726,16.03,16.16,16.03,16.08,28200.26,45374.509
688733.SH,20230726,34.5,35.0,33.68,33.98,23690.27,81251.542
688737.SH,20230726,30.33,31.0,30.21,30.43,5421.1,16531.386
688739.SH,20230726,33.06,33.72,32.95,33.37,20015.43,67009.08
688766.SH,20230726,115.82,118.55,114.23,114.8,7928.25,91786.311
688767.SH,20230726,28.71,29.04,28.56,28.85,6147.61,17741.41
688768.SH,20230726,61.85,61.85,57.61,60.36,23109.53,138488.348
688772.SH,20230726,21.66,22.19,21.66,21.92,69764.37,153245.255
688776.SH,20230726,79.86,80.65,78.62,79.99,3905.32,31084.908
688777.SH,20230726,54.99,55.72,54.45,54.68,35413.26,194377.928
688779.SH,20230726,10.92,11.05,10.92,10.98,42084.47,46203.369
688786.SH,20230726,48.38,48.53,47.25,47.43,12390.68,59279.95
688787.SH,20230726,86.2,87.55,84.0,84.83,14831.54,126182.296
688789.SH,20230726,93.41,93.41,91.5,92.03,3509.66,32262.253
688793.SH,20230726,38.43,38.78,38.01,38.5,5606.64,21564.242
688799.SH,20230726,40.78,42.67,40.63,42.32,13026.45,54569.629
688800.SH,20230726,52.36,52.49,51.2,51.36,14401.17,74190.211
688819.SH,20230726,36.8,36.8,35.96,36.05,9151.08,33121.553
688981.SH,20230726,49.66,50.18,49.54,50.15,161153.19,803412.947
689009.SH,20230726,34.2,34.35,33.7,33.76,21697.92,73477.574
920010.BJ,20230726,3.44,3.47,3.43,3.43,1477.51,508.343
920680.BJ,20230726,13.5,13.66,13.42,13.45,895.26,1206.55
920663.BJ,20230726,14.3,14.3,13.38,13.73,11064.21,15149.608
920526.BJ,20230726,4.74,4.78,4.7,4.71,5785.65,2729.92
920478.BJ,20230726,16.7,16.99,16.6,16.76,808.12,1348.307
920262.BJ,20230726,8.9,8.91,8.86,8.86,120.92,107.476
920267.BJ,20230726,9.8,9.8,9.67,9.77,109.05,105.979
920634.BJ,20230726,7.26,7.29,7.24,7.28,275.85,200.773
920856.BJ,20230726,5.0,5.03,5.0,5.02,1595.34,801.618
920414.BJ,20230726,9.53,9.54,9.36,9.36,302.74,283.889
920077.BJ,20230726,19.8,20.9,19.57,20.19,4361.23,8871.556
920970.BJ,20230726,3.68,3.68,3.64,3.67,107.76,39.531
920792.BJ,20230726,5.85,5.88,5.82,5.84,2081.72,1216.977
920419.BJ,20230726,8.07,8.19,8.07,8.11,1422.82,1154.283
920023.BJ,20230726,2.89,2.9,2.88,2.89,9244.04,2670.334
920553.BJ,20230726,3.18,3.19,3.16,3.19,254.22,80.831
920167.BJ,20230726,12.21,12.38,12.21,12.3,512.69,630.241
000603.SZ,20230726,13.31,13.64,13.31,13.58,124926.0,168468.248
000605.SZ,20230726,6.59,6.73,6.58,6.67,65488.0,43758.754
000607.SZ,20230726,5.21,5.22,5.09,5.11,171362.2,88005.805
000608.SZ,20230726,3.17,3.23,3.1,3.19,479781.49,151715.225
000609.SZ,20230726,5.36,5.9,5.3,5.61,565301.68,318739.853
000610.SZ,20230726,17.8,18.56,17.57,17.6,345870.1,621604.472
000612.SZ,20230726,5.08,5.11,5.08,5.11,67835.22,34556.745
000615.SZ,20230726,3.2,3.25,3.15,3.16,215804.75,68900.106
000617.SZ,20230726,7.14,7.24,7.01,7.05,833307.32,590605.943
000619.SZ,20230726,6.55,6.68,6.52,6.6,74182.98,49043.449
000620.SZ,20230726,1.73,1.82,1.73,1.79,625268.22,111698.357
000622.SZ,20230726,4.14,4.17,4.11,4.14,45208.0,18684.44
000623.SZ,20230726,16.59,16.66,16.49,16.57,62514.91,103605.917
000625.SZ,20230726,14.6,14.65,14.04,14.1,3080737.2,4400759.068
000626.SZ,20230726,7.82,7.82,7.71,7.82,31160.0,24211.228
000627.SZ,20230726,3.19,3.25,3.18,3.24,382292.07,122733.385
000628.SZ,20230726,16.33,16.56,16.05,16.12,61779.64,100430.061
000629.SZ,20230726,4.01,4.02,3.97,4.01,458934.79,183316.075
000630.SZ,20230726,3.2,3.21,3.16,3.19,900667.88,287261.006
000631.SZ,20230726,3.06,3.15,3.03,3.12,230316.12,71449.775
000632.SZ,20230726,4.56,4.64,4.5,4.6,198764.01,90988.791
000633.SZ,20230726,7.09,7.09,6.97,7.0,38439.11,26957.77
000635.SZ,20230726,9.33,9.43,9.23,9.27,33366.86,31034.575
000636.SZ,20230726,16.19,16.2,15.81,15.9,117179.17,186778.249
000637.SZ,20230726,3.36,3.37,3.34,3.34,12973.0,4344.899
000638.SZ,20230726,8.89,8.89,7.88,7.99,1072734.71,901205.289
000639.SZ,20230726,4.61,4.64,4.57,4.63,36926.75,16993.3
000650.SZ,20230726,6.77,6.9,6.75,6.8,408124.56,278416.572
000651.SZ,20230726,38.55,39.04,38.51,38.86,333581.12,1295618.41
000652.SZ,20230726,4.27,4.34,4.26,4.32,123592.44,53254.449
000655.SZ,20230726,6.76,6.86,6.7,6.85,65138.71,44299.428
000656.SZ,20230726,2.04,2.04,2.04,2.04,720719.07,147026.69
000657.SZ,20230726,9.96,10.08,9.88,10.02,88710.29,88806.642
000659.SZ,20230726,3.06,3.12,3.02,3.1,205970.81,63329.562
000661.SZ,20230726,145.8,150.25,145.21,148.3,46962.43,695749.362
000663.SZ,20230726,11.44,11.44,11.22,11.3,38874.0,43870.157
000665.SZ,20230726,5.8,5.8,5.67,5.68,323808.16,184998.558
000666.SZ,20230726,9.6,9.73,9.56,9.65,59453.06,57155.626
000668.SZ,20230726,11.94,12.55,11.7,11.94,61610.01,74167.513
000669.SZ,20230726,1.87,1.88,1.85,1.88,34557.63,6453.603
000670.SZ,20230726,7.52,7.61,7.38,7.41,491900.62,366652.825
002333.SZ,20230726,6.38,6.42,6.31,6.38,54202.2,34509.009
002334.SZ,20230726,10.99,10.99,10.74,10.76,140037.87,151738.341
002335.SZ,20230726,36.0,36.13,34.8,35.33,113747.68,401349.171
002336.SZ,20230726,15.45,17.19,15.13,17.19,382722.91,614032.681
002337.SZ,20230726,5.87,5.87,5.7,5.72,151799.55,87166.419
002338.SZ,20230726,35.57,35.9,34.01,34.13,64211.83,221403.757
002339.SZ,20230726,7.76,7.89,7.64,7.67,268717.63,208109.377
002340.SZ,20230726,6.97,6.99,6.94,6.96,235880.86,164229.704
002341.SZ,20230726,3.32,3.33,3.26,3.29,61825.0,20321.12
002342.SZ,20230726,4.24,4.27,4.2,4.23,89242.0,37759.041
002343.SZ,20230726,7.57,7.57,7.26,7.29,233388.2,172007.8
002344.SZ,20230726,5.07,5.07,4.98,5.03,84792.0,42487.891
002345.SZ,20230726,6.83,6.87,6.69,6.82,91388.0,61980.564
002346.SZ,20230726,12.33,12.39,12.25,12.35,9344.76,11509.774
002347.SZ,20230726,5.41,5.41,5.19,5.22,286192.81,150035.63
002348.SZ,20230726,3.93,3.95,3.84,3.87,94217.36,36484.975
002349.SZ,20230726,9.13,9.19,9.07,9.13,88644.63,80936.672
002350.SZ,20230726,7.0,7.0,6.92,6.95,44262.33,30735.547
002351.SZ,20230726,17.0,17.0,16.48,16.55,206082.79,342682.288
002352.SZ,20230726,48.15,48.52,47.97,48.3,79515.39,383596.741
002353.SZ,20230726,27.26,28.4,27.26,28.11,136485.07,381784.499
002354.SZ,20230726,6.46,6.47,6.05,6.09,1190859.98,735986.97
002355.SZ,20230726,5.18,5.19,4.92,4.96,666350.59,333039.51
002356.SZ,20230726,5.23,5.3,5.17,5.23,76899.6,40077.878
002357.SZ,20230726,7.19,7.23,7.13,7.15,57092.0,40879.114
002358.SZ,20230726,4.58,4.6,4.54,4.55,74704.0,34049.769
002360.SZ,20230726,7.69,7.74,7.63,7.68,23859.0,18331.459
002361.SZ,20230726,4.01,4.06,4.0,4.04,103131.34,41632.732
002362.SZ,20230726,24.82,25.46,24.61,25.1,132193.35,331375.909
002363.SZ,20230726,7.53,7.53,7.21,7.22,69778.2,51013.454
002364.SZ,20230726,7.79,7.79,7.6,7.62,64864.0,49661.823
002365.SZ,20230726,9.94,9.99,9.89,9.98,18734.38,18643.131
002366.SZ,20230726,6.75,6.97,6.65,6.7,453615.06,306181.001
002367.SZ,20230726,9.0,9.04,8.83,8.86,114071.79,101425.067
002368.SZ,20230726,40.29,41.0,39.48,40.02,68565.3,276038.781
002369.SZ,20230726,5.21,5.23,5.07,5.09,84456.02,43211.168
002370.SZ,20230726,4.37,4.44,4.35,4.41,96064.37,42355.079
002371.SZ,20230726,272.94,281.3,272.52,277.76,61398.81,1709569.729
002372.SZ,20230726,21.53,21.97,21.5,21.64,64354.5,139729.667
002373.SZ,20230726,13.15,13.21,12.85,12.92,106013.53,137954.937
002374.SZ,20230726,4.19,4.22,4.11,4.17,288402.25,119940.441
002375.SZ,20230726,4.97,5.04,4.94,4.96,304603.05,151712.138
300008.SZ,20230726,4.87,4.91,4.8,4.82,424958.0,205623.948
300009.SZ,20230726,10.32,10.66,10.32,10.54,168468.68,177140.312
300010.SZ,20230726,2.48,2.49,2.41,2.42,92735.19,22535.928
300011.SZ,20230726,7.12,7.15,7.01,7.03,45425.0,32084.895
300012.SZ,20230726,19.98,20.45,19.88,20.26,60041.6,121575.961
300013.SZ,20230726,4.02,4.03,4.0,4.03,57460.5,23081.618
300014.SZ,20230726,56.5,56.94,56.3,56.76,98609.81,558179.748
300015.SZ,20230726,19.84,20.04,19.79,19.93,279847.05,557041.177
300016.SZ,20230726,6.67,6.71,6.63,6.69,35572.0,23755.818
300017.SZ,20230726,6.83,6.84,6.7,6.73,360471.8,243302.518
300018.SZ,20230726,6.9,6.91,6.8,6.87,96745.86,66260.34
300019.SZ,20230726,16.47,16.58,16.38,16.45,12617.0,20762.769
300020.SZ,20230726,9.12,9.16,8.92,8.95,99586.01,89696.839
300021.SZ,20230726,5.11,5.22,5.1,5.2,161412.2,83476.555
300022.SZ,20230726,5.13,5.17,5.08,5.16,64443.09,33117.877
300024.SZ,20230726,13.59,13.59,13.19,13.26,269062.89,357825.909
300025.SZ,20230726,12.98,12.99,12.63,12.72,60755.4,77485.453
300026.SZ,20230726,5.26,5.32,5.23,5.3,280466.64,148356.448
300027.SZ,20230726,2.93,2.97,2.88,2.91,499527.36,145664.052
300029.SZ,20230726,6.56,6.56,6.52,6.54,5722.01,3737.91
300030.SZ,20230726,7.47,7.56,7.47,7.55,54863.0,41284.897
300031.SZ,20230726,21.81,21.88,20.95,21.13,144358.01,306517.697
300032.SZ,20230726,6.95,7.1,6.63,7.05,762470.49,526344.982
300033.SZ,20230726,174.0,174.57,165.58,171.4,100383.87,1705264.541
300034.SZ,20230726,24.42,24.42,23.95,24.31,24528.68,59421.861
300035.SZ,20230726,12.4,12.42,11.98,12.06,232235.5,282305.343
300036.SZ,20230726,21.77,22.4,21.27,21.94,140421.37,306613.312
300037.SZ,20230726,48.36,48.98,48.01,48.79,19096.02,93065.422
300039.SZ,20230726,7.08,7.12,7.0,7.02,161595.93,113894.489
300040.SZ,20230726,6.16,6.16,6.07,6.09,47721.0,29133.578
300041.SZ,20230726,11.4,11.43,11.2,11.26,62675.21,70708.765
300042.SZ,20230726,34.5,34.95,33.15,33.28,62622.66,211374.871
300043.SZ,20230726,3.49,3.51,3.41,3.42,355368.0,122254.361
300044.SZ,20230726,4.5,4.51,4.4,4.41,225540.5,99825.322
300045.SZ,20230726,10.82,10.94,10.08,10.19,215117.88,222128.437
300046.SZ,20230726,17.21,17.22,16.9,16.97,29006.0,49374.276
300047.SZ,20230726,7.61,7.62,7.4,7.43,160727.38,120075.633
300048.SZ,20230726,5.65,5.65,5.53,5.54,60336.75,33531.38
300049.SZ,20230726,22.86,23.28,22.67,22.8,28574.68,65579.906
300050.SZ,20230726,4.48,4.48,4.31,4.35,218080.81,95049.808
300051.SZ,20230726,12.25,12.4,12.1,12.34,48042.02,58920.09
300052.SZ,20230726,18.8,18.81,18.5,18.56,39772.01,73858.863
300712.SZ,20230726,35.69,35.69,34.71,34.75,11448.0,39985.482
300713.SZ,20230726,19.53,19.57,18.69,18.83,53214.0,100617.636
300715.SZ,20230726,14.63,15.07,14.63,14.86,42417.34,63255.197
300716.SZ,20230726,13.99,14.11,13.8,13.84,13722.71,19111.741
300717.SZ,20230726,17.14,17.29,16.97,17.07,8992.0,15360.699
300718.SZ,20230726,20.1,20.1,18.9,19.16,57982.9,111862.502
300719.SZ,20230726,12.7,12.76,12.41,12.44,24453.5,30598.182
300720.SZ,20230726,12.54,12.6,12.39,12.56,7151.69,8939.941
300721.SZ,20230726,17.31,18.09,16.86,17.34,83229.06,144593.116
300722.SZ,20230726,25.2,25.5,24.89,24.97,17102.04,42976.706
300723.SZ,20230726,27.96,28.42,27.71,28.07,12802.38,35941.641
300724.SZ,20230726,95.54,97.66,95.01,95.78,40647.46,391262.412
300725.SZ,20230726,48.46,49.65,48.14,49.2,28252.12,138756.761
300726.SZ,20230726,40.49,40.49,38.89,39.0,48216.25,189869.234
300727.SZ,20230726,26.3,26.42,26.11,26.19,8838.0,23163.526
300729.SZ,20230726,16.95,16.95,16.61,16.72,45494.8,76024.74
300730.SZ,20230726,13.35,13.38,12.6,12.78,75719.14,98185.361
300731.SZ,20230726,21.55,21.65,19.71,19.86,65363.4,132958.719
300732.SZ,20230726,10.46,11.0,10.42,10.76,244785.97,264274.552
300733.SZ,20230726,12.9,12.93,12.5,12.52,30341.08,38321.331
300735.SZ,20230726,11.15,11.17,10.8,10.83,49614.0,54129.207
300736.SZ,20230726,13.61,13.75,13.46,13.64,37043.19,50417.308
300737.SZ,20230726,9.97,10.08,9.83,9.93,262714.0,261281.969
300738.SZ,20230726,9.7,9.7,9.39,9.44,101387.62,96276.32
300739.SZ,20230726,14.6,14.6,14.15,14.2,23370.5,33308.311
300740.SZ,20230726,15.79,15.9,15.45,15.57,57390.55,89711.237
300741.SZ,20230726,22.45,23.38,22.36,23.25,37549.68,86418.806
300742.SZ,20230726,5.3,5.33,5.23,5.26,18923.2,9978.167
300743.SZ,20230726,15.52,15.52,14.94,14.99,22659.18,34244.33
300745.SZ,20230726,43.49,43.79,40.4,41.3,43129.52,179029.755
300746.SZ,20230726,11.52,12.44,11.45,11.85,239367.0,286017.581
300747.SZ,20230726,29.34,29.35,28.38,28.43,81213.96,234141.027
300748.SZ,20230726,17.9,17.95,17.6,17.7,101732.14,180268.376
300749.SZ,20230726,9.52,9.61,9.32,9.38,55886.17,52654.572
300750.SZ,20230726,225.12,227.0,223.66,226.66,154567.86,3484702.635
300751.SZ,20230726,182.8,194.87,182.8,190.45,38809.66,739567.777
300752.SZ,20230726,16.5,16.5,16.16,16.2,11711.59,19075.371
300753.SZ,20230726,17.76,17.78,17.3,17.36,35610.0,62314.726
300755.SZ,20230726,25.93,26.28,25.42,26.21,49535.3,128012.296
300756.SZ,20230726,19.92,20.09,19.47,19.53,37009.68,72798.618
300757.SZ,20230726,73.62,74.58,69.89,70.3,28943.1,207368.486
300758.SZ,20230726,10.04,10.11,9.93,10.09,31171.36,31281.997
600076.SH,20230726,2.77,2.81,2.75,2.8,68190.0,19029.537
600078.SH,20230726,8.18,8.47,8.15,8.47,26180.01,21858.404
600079.SH,20230726,24.58,25.04,24.45,24.56,86566.9,214388.008
600080.SH,20230726,7.59,7.67,7.57,7.67,18099.01,13816.634
600081.SH,20230726,12.26,12.27,11.9,11.92,68535.45,82448.989
600082.SH,20230726,3.54,3.65,3.53,3.6,323394.57,116085.214
600083.SH,20230726,7.54,7.6,7.44,7.56,37818.01,28490.595
600084.SH,20230726,7.89,8.0,7.88,7.95,31951.0,25385.283
600085.SH,20230726,51.9,52.15,51.43,51.59,50992.86,263542.104
600088.SH,20230726,15.2,15.64,14.87,15.01,376410.64,571251.047
600089.SH,20230726,16.24,16.35,16.2,16.22,314696.86,511789.542
600094.SH,20230726,3.47,3.55,3.42,3.5,526416.72,183973.388
600095.SH,20230726,8.5,8.59,8.19,8.33,1132820.38,947591.102
600096.SH,20230726,18.26,19.05,18.18,18.72,706600.82,1313879.385
600097.SH,20230726,9.76,9.83,9.7,9.8,11297.0,11049.585
600098.SH,20230726,6.31,6.32,6.25,6.29,123904.31,77855.959
600099.SH,20230726,9.5,9.51,9.28,9.34,20229.0,18964.137
600100.SH,20230726,7.58,7.6,7.32,7.36,516705.69,382115.81
600101.SH,20230726,9.05,9.05,8.92,8.95,39974.3,35858.787
600103.SH,20230726,2.87,3.13,2.85,3.0,1284896.43,383954.098
600104.SH,20230726,14.39,14.52,14.34,14.4,151688.73,218595.627
600105.SH,20230726,6.18,6.18,6.0,6.02,449983.39,272092.147
600106.SH,20230726,4.97,5.03,4.94,5.0,91995.46,45941.204
600107.SH,20230726,5.57,5.58,5.48,5.56,30226.0,16757.718
600108.SH,20230726,3.15,3.17,3.14,3.16,139907.0,44125.445
600109.SH,20230726,9.11,9.17,9.02,9.11,292495.5,266186.17
600110.SH,20230726,6.95,6.99,6.92,6.97,67544.11,47016.621
600111.SH,20230726,24.12,24.15,23.97,24.09,143090.46,343939.43
600112.SH,20230726,3.53,3.53,3.43,3.5,31594.44,10969.015
600113.SH,20230726,7.73,7.73,7.56,7.65,39243.6,29960.92
600114.SH,20230726,8.3,8.31,8.14,8.16,83621.85,68444.255
600115.SH,20230726,4.81,4.82,4.74,4.77,531741.72,253817.092
600116.SH,20230726,8.88,8.93,8.87,8.89,39093.89,34761.266
600117.SH,20230726,2.84,2.9,2.83,2.89,50392.16,14431.669
600118.SH,20230726,28.86,29.07,28.0,28.16,177125.13,504403.046
600119.SH,20230726,6.17,6.25,6.15,6.23,20636.28,12813.9
600120.SH,20230726,4.05,4.11,4.03,4.08,249678.09,101525.852
600121.SH,20230726,4.59,4.62,4.56,4.59,124273.4,56913.926
600123.SH,20230726,8.8,8.88,8.77,8.81,126673.54,111678.348
600125.SH,20230726,6.19,6.22,6.14,6.17,112133.97,69249.318
600126.SH,20230726,4.43,4.51,4.43,4.51,145678.62,65170.532
600127.SH,20230726,7.7,7.75,7.6,7.75,205140.32,157949.169
600917.SH,20230726,6.94,6.98,6.92,6.97,30221.0,21003.537
600918.SH,20230726,7.19,7.26,7.15,7.24,337298.7,243304.266
600919.SH,20230726,7.09,7.1,7.02,7.04,583624.77,411635.74
600925.SH,20230726,5.91,5.95,5.89,5.95,137223.45,81252.943
600926.SH,20230726,11.66,11.69,11.49,11.55,139756.74,161681.435
600927.SH,20230726,17.07,17.13,16.96,17.09,40424.64,68931.345
600928.SH,20230726,3.7,3.71,3.67,3.69,208941.9,77019.58
600929.SH,20230726,7.98,7.99,7.85,7.88,47770.38,37748.905
600933.SH,20230726,23.68,23.68,22.76,22.85,55165.12,126967.824
600935.SH,20230726,3.86,3.93,3.85,3.9,117749.6,45772.101
600936.SH,20230726,5.1,5.1,4.59,4.75,1310602.52,634008.324
600938.SH,20230726,18.98,19.09,18.67,18.76,194372.96,365799.46
600939.SH,20230726,3.62,3.77,3.61,3.73,293836.0,108610.234
600941.SH,20230726,95.5,95.73,94.3,94.6,48365.77,458582.675
600956.SH,20230726,8.83,8.88,8.78,8.88,25295.62,22408.705
600958.SH,20230726,10.37,10.39,10.17,10.28,784690.76,806125.73
600959.SH,20230726,3.46,3.46,3.41,3.42,261341.86,89622.614
600961.SH,20230726,9.11,9.11,8.93,9.0,47353.13,42624.338
600962.SH,20230726,11.85,11.91,11.79,11.86,15704.61,18601.608
600963.SH,20230726,7.14,7.45,7.14,7.35,249821.14,183166.005
600965.SH,20230726,6.57,6.61,6.55,6.58,26254.0,17284.627
600966.SH,20230726,6.55,6.7,6.55,6.69,73783.67,49080.56
600967.SH,20230726,9.9,9.9,9.74,9.76,72165.31,70690.704
600968.SH,20230726,3.05,3.07,3.02,3.04,197661.73,60162.619
600969.SH,20230726,7.23,7.23,7.13,7.18,25395.0,18211.678
600970.SH,20230726,13.4,13.53,13.18,13.29,159925.96,212583.524
600971.SH,20230726,8.18,8.2,8.08,8.1,67167.8,54541.252
600973.SH,20230726,4.88,4.95,4.84,4.92,153257.5,75027.292
600976.SH,20230726,72.9,73.48,71.4,71.7,7995.0,57646.414
600977.SH,20230726,15.01,15.2,14.6,14.68,348287.08,516867.36
600979.SH,20230726,3.56,3.57,3.54,3.57,116588.7,41483.49
600980.SH,20230726,15.85,15.95,15.72,15.88,13612.99,21563.176
600981.SH,20230726,3.15,3.19,3.13,3.17,182864.0,57792.736
600982.SH,20230726,4.54,4.54,4.49,4.51,104806.0,47250.556
600983.SH,20230726,8.23,8.23,8.14,8.18,9335.0,7643.056
600984.SH,20230726,4.78,4.78,4.7,4.76,105391.5,49993.115
600985.SH,20230726,12.36,12.46,12.3,12.38,84150.66,104017.845
600986.SH,20230726,6.14,6.15,6.0,6.03,373810.94,225608.689
600987.SH,20230726,8.26,8.26,8.07,8.11,43455.78,35266.129
600988.SH,20230726,14.56,14.84,14.46,14.76,241807.73,354233.343
600990.SH,20230726,23.25,23.25,23.08,23.12,11841.14,27440.614
600992.SH,20230726,17.26,18.89,17.17,18.89,240024.91,446319.901
603869.SH,20230726,10.76,10.76,10.53,10.55,51747.0,54746.158
603871.SH,20230726,16.8,16.8,16.46,16.7,31413.8,52237.441
603876.SH,20230726,17.66,17.87,17.61,17.86,42093.6,74752.504
603877.SH,20230726,21.05,21.13,20.85,21.02,10700.0,22433.757
603878.SH,20230726,8.2,8.36,8.12,8.31,66456.12,54991.313
603879.SH,20230726,8.45,8.5,8.18,8.34,152955.02,127758.695
603880.SH,20230726,4.8,4.8,4.53,4.66,50044.65,23177.963
603881.SH,20230726,22.85,22.85,22.27,22.31,59328.29,133040.887
603882.SH,20230726,71.66,72.16,70.6,71.37,33164.13,235973.196
603883.SH,20230726,27.82,28.38,27.68,28.12,55171.47,155055.692
603885.SH,20230726,17.92,18.13,17.6,17.79,129089.79,229829.505
603886.SH,20230726,19.3,19.52,19.26,19.5,8391.3,16319.384
603887.SH,20230726,8.63,8.67,8.38,8.42,82262.8,69790.343
603888.SH,20230726,30.0,30.08,28.6,28.82,130865.21,378451.705
603889.SH,20230726,8.04,8.55,7.98,8.44,112708.38,93936.256
603890.SH,20230726,8.49,8.49,8.33,8.35,33952.55,28471.317
603893.SH,20230726,78.36,78.36,74.75,75.78,31398.65,239368.854
603895.SH,20230726,24.18,24.51,24.07,24.08,3403.0,8238.042
603896.SH,20230726,40.06,40.54,39.84,40.15,12606.88,50741.067
603898.SH,20230726,10.71,10.73,10.52,10.58,9246.0,9790.016
603899.SH,20230726,43.45,44.24,43.34,44.15,29453.15,129536.991
603900.SH,20230726,6.73,6.77,6.7,6.75,24340.0,16402.22
603901.SH,20230726,14.5,14.64,14.18,14.23,17116.53,24494.286
603903.SH,20230726,9.25,9.46,9.22,9.42,29295.68,27489.263
603906.SH,20230726,15.93,16.0,15.71,15.78,50785.19,80454.014
603908.SH,20230726,44.34,44.64,43.62,43.82,6756.0,29731.459
603915.SH,20230726,20.0,20.0,19.15,19.19,43951.9,85282.408
603917.SH,20230726,22.15,22.31,21.38,21.48,70769.4,154178.116
603918.SH,20230726,29.51,30.27,28.8,29.27,522854.97,1542537.105
603920.SH,20230726,18.14,18.18,17.64,17.7,53965.95,96190.174
603922.SH,20230726,22.4,22.52,22.23,22.27,2176.0,4861.179
603926.SH,20230726,10.58,10.58,10.22,10.25,24455.2,25234.181
603927.SH,20230726,34.5,34.68,33.53,33.95,38447.83,130387.584
603928.SH,20230726,12.27,12.38,12.22,12.35,7301.24,8991.922
603929.SH,20230726,17.41,17.43,16.87,16.98,24045.0,40990.406
603931.SH,20230726,29.32,29.75,29.09,29.35,6160.6,18124.67
603933.SH,20230726,18.58,18.58,17.85,17.91,87736.71,159070.337
603936.SH,20230726,12.11,12.12,11.91,11.96,67206.36,80457.201
603937.SH,20230726,12.54,12.63,12.43,12.48,12553.0,15698.376
603938.SH,20230726,22.49,22.65,22.25,22.38,36723.16,82300.034
603939.SH,20230726,37.65,38.38,37.37,38.02,31712.14,120628.142
603948.SH,20230726,27.87,28.55,27.45,27.76,39169.7,109236.471
920556.BJ,20230726,3.62,3.63,3.6,3.61,2810.41,1015.433
920445.BJ,20230726,4.53,4.56,4.52,4.54,627.25,284.573
920046.BJ,20230726,5.09,5.09,5.03,5.08,2650.93,1341.183
920402.BJ,20230726,11.27,11.27,10.97,11.02,11477.65,12759.76
920892.BJ,20230726,8.22,11.35,8.22,10.49,43318.46,43500.007
920808.BJ,20230726,58.6,58.95,55.66,56.28,29999.05,170128.031
920866.BJ,20230726,5.68,5.7,5.67,5.67,376.01,213.588
920266.BJ,20230726,6.62,6.62,6.55,6.58,1168.14,767.906
920392.BJ,20230726,6.22,6.29,6.18,6.24,871.91,539.584
920932.BJ,20230726,11.23,11.23,11.03,11.14,820.82,912.334
920033.BJ,20230726,38.01,39.19,38.01,38.55,1050.64,4065.4
920204.BJ,20230726,7.09,7.46,7.09,7.2,7075.93,5108.225
920821.BJ,20230726,8.62,8.68,8.52,8.66,945.57,813.978
920971.BJ,20230726,7.72,7.72,7.66,7.7,287.42,220.956
920718.BJ,20230726,5.46,5.47,5.43,5.45,1754.44,956.157
920122.BJ,20230726,11.9,12.53,11.65,12.22,7961.7,9723.167
920300.BJ,20230726,9.0,9.88,8.85,9.25,12494.93,11610.565
920578.BJ,20230726,20.0,20.24,18.7,18.72,24071.11,46585.858
920149.BJ,20230726,3.73,4.04,3.73,3.83,4391.97,1704.434
920896.BJ,20230726,4.85,4.94,4.85,4.91,3633.66,1780.427
920239.BJ,20230726,15.61,15.75,15.35,15.42,6334.83,9781.433
920505.BJ,20230726,10.46,10.46,10.28,10.36,1935.8,2006.756
920753.BJ,20230726,7.48,8.44,7.48,7.94,13885.71,11115.521
920169.BJ,20230726,5.4,5.4,5.35,5.36,165.5,89.029
920982.BJ,20230726,127.1,132.89,127.1,131.5,6132.76,80088.437
920876.BJ,20230726,8.02,8.05,7.89,7.93,2504.55,1994.343
920790.BJ,20230726,5.69,5.72,5.67,5.7,2058.95,1173.477
920599.BJ,20230726,7.1,7.11,7.06,7.07,1983.98,1405.676
600955.SH,20230726,19.91,20.13,19.9,19.96,14137.02,28252.777
600960.SH,20230726,3.85,3.86,3.74,3.76,109232.0,41308.873
600975.SH,20230726,9.8,9.88,9.65,9.79,251668.78,245840.496
600989.SH,20230726,13.68,14.01,13.68,13.83,206598.22,287109.116
601003.SH,20230726,4.08,4.19,4.08,4.16,180451.32,74676.108
601015.SH,20230726,4.42,4.45,4.39,4.45,131881.41,58337.111
601022.SH,20230726,10.64,10.7,10.56,10.61,28958.57,30745.841
601098.SH,20230726,11.66,11.67,11.25,11.35,104150.97,118885.544
601158.SH,20230726,5.48,5.54,5.47,5.52,59661.68,32871.165
601163.SH,20230726,16.8,16.82,16.37,16.42,69529.33,114805.124
601199.SH,20230726,6.44,6.69,6.39,6.55,183468.81,120286.175
601333.SH,20230726,3.38,3.39,3.33,3.37,476024.88,159786.057
601369.SH,20230726,8.92,8.95,8.76,8.82,79998.0,70449.454
601528.SH,20230726,5.28,5.3,5.25,5.29,82345.93,43452.173
302132.SZ,20230726,47.81,48.87,47.53,48.26,103679.48,499204.268
