ts_code,trade_date,open,high,low,close,vol,amount
600715.SH,20160620,17.68,17.88,17.5,17.69,25649.8,45207.312
002496.SZ,20160620,5.86,5.89,5.63,5.75,286648.63,164133.139
600543.SH,20160620,12.8,12.99,12.36,12.93,49206.13,61951.073
300228.SZ,20160620,16.32,16.56,15.53,16.13,292917.93,469012.434
000716.SZ,20160620,14.5,14.59,14.07,14.27,59510.8,84580.7821
600278.SH,20160620,13.95,14.08,13.6,13.92,33893.98,46805.357
300128.SZ,20160620,17.35,17.98,16.92,17.56,419191.28,734802.3032
600717.SH,20160620,8.88,8.91,8.8,8.87,45603.78,40356.834
600520.SH,20160620,16.35,16.56,16.35,16.35,27996.0,45793.143
002399.SZ,20160620,17.3,17.55,17.1,17.39,42949.07,74474.8405
002210.SZ,20160620,16.96,17.5,16.48,17.29,84623.96,143241.8882
600388.SH,20160620,12.3,12.38,12.22,12.35,74515.96,91653.675
600664.SH,20160620,8.21,8.29,8.1,8.22,53937.19,44350.912
300067.SZ,20160620,8.25,8.33,8.02,8.29,92168.7,75626.1689
002020.SZ,20160620,12.02,12.08,11.65,11.88,77497.76,91917.7361
000819.SZ,20160620,27.2,27.5,26.7,27.05,22143.29,59687.0138
300187.SZ,20160620,13.44,13.6,13.36,13.43,38151.02,51337.2347
002743.SZ,20160620,13.5,13.65,13.11,13.4,28476.12,37982.3977
002450.SZ,20160620,16.89,17.14,16.69,16.96,379207.52,640405.5113
300500.SZ,20160620,77.74,85.03,77.3,85.03,30309.03,248694.9777
603369.SH,20160620,13.15,13.26,12.89,13.21,70895.5,92785.383
600618.SH,20160620,12.93,12.98,12.61,12.81,27948.19,35712.4
600507.SH,20160620,4.76,4.79,4.66,4.73,67383.59,31734.358
002019.SZ,20160620,15.46,15.58,15.06,15.55,213360.62,327626.4878
002056.SZ,20160620,16.37,17.96,16.25,17.53,701164.75,1197366.9731
002326.SZ,20160620,16.96,18.54,16.96,18.54,481621.15,870352.8668
603339.SH,20160620,52.0,54.69,50.1,52.58,180561.74,952248.409
000514.SZ,20160620,7.3,7.36,7.22,7.28,49774.03,36120.6176
600711.SH,20160620,7.26,7.43,7.11,7.23,650114.93,470897.119
600284.SH,20160620,10.3,10.37,10.25,10.33,46201.52,47672.424
600398.SH,20160620,10.72,10.96,10.54,10.83,124069.58,133497.942
002597.SZ,20160620,13.04,13.26,12.98,13.05,97039.48,127223.7729
000883.SZ,20160620,4.61,4.63,4.56,4.59,79658.28,36526.3218
000561.SZ,20160620,10.55,10.62,10.28,10.57,48423.97,50521.2437
601515.SH,20160620,10.21,10.38,10.21,10.36,35063.43,36098.487
300235.SZ,20160620,22.9,23.5,22.6,22.9,57354.21,131971.152
002195.SZ,20160620,11.7,11.88,11.45,11.8,190591.55,222804.2304
002035.SZ,20160620,23.69,24.51,23.6,24.15,28367.76,68930.3604
002741.SZ,20160620,25.56,26.37,25.32,25.95,119761.97,310513.4426
000560.SZ,20160620,8.87,9.02,8.8,8.94,25882.47,23029.0142
000790.SZ,20160620,11.6,11.61,11.15,11.27,57120.38,64490.3433
600309.SH,20160620,17.99,18.4,17.5,17.7,143981.98,256942.834
002488.SZ,20160620,21.15,21.85,21.1,21.35,135541.34,290783.8746
000518.SZ,20160620,6.74,6.85,6.72,6.79,91954.84,62419.1062
603198.SH,20160620,23.59,24.09,23.06,23.77,60094.02,141329.136
300510.SZ,20160620,59.45,63.5,57.66,60.52,72093.07,438691.5208
300349.SZ,20160620,27.97,28.28,27.43,28.18,21931.06,61323.0761
002788.SZ,20160620,57.88,61.44,57.88,59.78,73442.42,440671.712
002717.SZ,20160620,27.49,27.73,26.61,27.19,63334.71,171097.3227
600195.SH,20160620,17.7,17.95,17.6,17.94,38285.32,68248.077
300200.SZ,20160620,15.04,15.12,14.72,15.04,37560.39,56122.097
300065.SZ,20160620,35.4,37.28,34.51,36.6,78508.41,280756.7736
300466.SZ,20160620,31.03,31.45,29.9,30.6,100344.65,306053.7037
603528.SH,20160620,84.4,91.73,83.41,91.73,91197.66,803064.706
000049.SZ,20160620,42.88,42.88,41.55,42.25,116687.25,491511.6134
002504.SZ,20160620,26.76,27.49,26.14,27.49,104938.18,281714.6624
002684.SZ,20160620,33.51,34.98,33.01,34.98,150836.16,514024.9881
601668.SH,20160620,5.18,5.2,5.15,5.19,404328.42,209444.683
000028.SZ,20160620,61.85,61.99,60.51,61.95,11684.02,71327.9973
000985.SZ,20160620,23.5,24.1,23.2,23.92,13697.07,32377.6052
300442.SZ,20160620,41.76,44.35,41.1,43.29,30331.21,129802.0507
601117.SH,20160620,5.41,5.42,5.36,5.38,71730.66,38563.675
300086.SZ,20160620,10.73,10.98,10.39,10.74,55412.39,58988.7126
600387.SH,20160620,12.14,12.63,12.08,12.56,68570.05,84795.58
002656.SZ,20160620,14.6,14.6,14.01,14.12,21331.47,30210.6635
600592.SH,20160620,9.81,9.81,9.58,9.79,51333.8,49870.256
000595.SZ,20160620,10.0,10.1,9.91,10.02,48478.46,48493.9308
300269.SZ,20160620,26.48,27.92,25.8,27.5,116339.28,313131.5515
603998.SH,20160620,13.21,13.32,12.91,13.23,33338.04,43806.738
002088.SZ,20160620,14.71,15.29,14.71,15.12,30217.61,45596.8713
603606.SH,20160620,12.83,13.39,12.7,13.33,54270.77,71348.961
300326.SZ,20160620,22.01,23.7,22.01,23.29,139281.45,319318.0746
002718.SZ,20160620,62.79,65.18,62.03,64.74,15051.99,96455.6215
600529.SH,20160620,16.9,17.02,16.48,16.92,31953.07,53442.928
000889.SZ,20160620,10.54,10.61,10.2,10.44,49772.31,51659.163
000959.SZ,20160620,3.74,3.75,3.66,3.69,182266.53,67271.7784
000659.SZ,20160620,4.04,4.06,3.98,3.99,147828.3,59233.6064
002781.SZ,20160620,40.3,42.61,39.81,42.3,87054.27,362663.3497
600562.SH,20160620,34.57,34.94,33.98,34.73,64855.37,223783.476
300379.SZ,20160620,71.68,73.78,70.1,73.07,34116.79,246456.701
000905.SZ,20160620,10.37,10.63,10.28,10.49,46035.09,47995.5993
300271.SZ,20160620,17.23,17.56,17.13,17.45,54688.13,94861.3998
002114.SZ,20160620,25.62,25.85,24.8,25.33,127813.15,322161.9648
002169.SZ,20160620,23.16,23.6,22.43,23.45,106136.85,245232.7985
300515.SZ,20160620,21.86,21.86,21.86,21.86,98.0,214.228
300143.SZ,20160620,23.5,24.0,22.8,23.99,36148.88,84532.626
002748.SZ,20160620,15.66,15.94,15.45,15.85,35581.27,55901.4248
300368.SZ,20160620,29.5,29.89,27.6,29.34,496603.55,1434202.0092
601607.SH,20160620,17.88,17.93,17.65,17.68,65936.02,116763.037
600131.SH,20160620,9.88,9.89,9.66,9.78,63493.71,61856.973
000970.SZ,20160620,15.77,16.2,15.5,15.98,667780.69,1061191.2151
000966.SZ,20160620,14.67,14.69,14.32,14.41,135652.58,196243.9556
601519.SH,20160620,8.98,8.98,8.72,8.91,110873.62,98375.911
002528.SZ,20160620,9.0,9.0,8.62,8.79,211428.25,184628.4134
300107.SZ,20160620,6.3,6.34,6.1,6.21,72857.42,45220.8827
002570.SZ,20160620,13.32,13.38,12.82,13.07,208853.52,272108.8363
300220.SZ,20160620,33.82,34.15,32.5,33.57,33664.31,111515.4682
300339.SZ,20160620,31.88,31.95,31.02,31.8,44346.73,139546.9294
002330.SZ,20160620,10.31,10.31,10.05,10.21,64322.66,65332.5315
300037.SZ,20160620,64.55,68.33,64.23,65.0,135225.95,886241.0015
300499.SZ,20160620,110.0,114.98,106.5,108.06,35867.88,395583.3086
600337.SH,20160620,13.1,13.68,12.81,13.55,64486.6,86969.68
600348.SH,20160620,6.12,6.16,6.0,6.05,169152.78,102507.743
603012.SH,20160620,13.87,14.35,13.78,14.19,182546.8,258373.335
002202.SZ,20160620,14.75,14.83,14.66,14.8,97441.45,143670.5773
300404.SZ,20160620,35.3,35.7,34.6,35.56,13426.87,47306.9706
002705.SZ,20160620,16.05,16.2,15.6,15.77,50857.68,80453.8141
600179.SH,20160620,10.69,10.88,10.5,10.86,22365.12,23707.163
300373.SZ,20160620,23.2,24.93,22.6,24.08,201951.19,483732.9593
300421.SZ,20160620,28.5,29.63,28.02,29.58,32301.18,93719.1053
002561.SZ,20160620,11.98,12.04,11.78,11.99,27425.57,32648.9113
300502.SZ,20160620,102.7,111.5,100.01,106.01,48188.84,511935.8291
600606.SH,20160620,11.1,11.26,11.1,11.24,30530.3,34222.541
000760.SZ,20160620,13.88,14.3,13.88,14.17,131217.94,185374.8333
600596.SH,20160620,7.31,7.37,7.13,7.32,103696.89,75473.323
002756.SZ,20160620,24.68,24.71,23.7,24.17,36478.45,87857.9605
000833.SZ,20160620,14.82,15.27,14.82,14.99,177160.79,266545.8752
002194.SZ,20160620,11.16,11.26,11.02,11.2,39267.1,43707.2289
300175.SZ,20160620,8.25,8.46,8.25,8.36,72515.23,60660.7961
600802.SH,20160620,7.91,7.99,7.75,7.88,39489.35,30926.874
000863.SZ,20160620,9.51,9.6,9.28,9.5,38479.22,36289.94
600128.SH,20160620,12.22,12.31,11.93,12.16,57564.07,69531.224
600759.SH,20160620,7.87,7.98,7.78,7.82,114328.77,90096.216
002344.SZ,20160620,9.44,9.47,9.31,9.44,49657.95,46688.0846
600051.SH,20160620,9.95,9.99,9.8,9.98,28824.08,28548.588
600628.SH,20160620,11.72,11.77,11.52,11.63,29796.25,34586.715
600367.SH,20160620,14.0,14.12,13.59,14.07,189550.05,263294.732
600175.SH,20160620,4.88,4.93,4.81,4.84,157949.09,76513.872
600074.SH,20160620,15.15,15.67,15.15,15.59,377952.58,586160.343
000628.SZ,20160620,11.51,11.51,11.07,11.3,36524.23,41106.6234
600315.SH,20160620,27.28,27.48,27.05,27.28,44753.95,121936.198
300509.SZ,20160620,65.46,71.5,63.6,68.75,64831.42,436124.2913
002104.SZ,20160620,15.9,16.13,15.63,15.91,234063.6,372057.6347
002225.SZ,20160620,6.02,6.25,5.97,6.16,102966.7,62953.617
002642.SZ,20160620,37.79,37.8,36.7,37.66,66852.22,248799.9867
603027.SH,20160620,33.05,35.19,32.0,34.17,95773.29,325591.376
300268.SZ,20160620,18.05,18.4,17.53,17.9,17069.69,30478.0738
000632.SZ,20160620,8.81,8.95,8.2,8.51,135337.15,115013.7729
601700.SH,20160620,7.21,7.31,7.16,7.24,48150.97,34759.087
600422.SH,20160620,12.88,13.24,12.72,13.12,91297.24,119140.64
002208.SZ,20160620,18.2,18.26,17.55,18.09,99808.77,178540.2878
300055.SZ,20160620,17.7,17.7,17.32,17.48,59799.62,104526.5841
000875.SZ,20160620,5.55,5.55,5.46,5.51,128451.24,70633.8209
600153.SH,20160620,11.19,11.41,11.11,11.17,1532560.91,1717256.347
300155.SZ,20160620,12.55,13.3,12.22,13.07,141387.38,182418.3779
603869.SH,20160620,26.79,26.92,26.11,26.6,13835.2,36582.872
601107.SH,20160620,4.64,4.71,4.62,4.65,57415.95,26663.602
600218.SH,20160620,9.72,9.81,9.62,9.72,88006.31,85589.673
600291.SH,20160620,18.46,18.6,18.0,18.46,44142.63,80557.306
000972.SZ,20160620,5.63,5.63,5.45,5.55,123482.33,68191.508
002081.SZ,20160620,10.15,10.5,10.06,10.43,349141.94,360398.0775
600006.SH,20160620,8.22,8.4,8.09,8.31,526494.74,433032.01
600020.SH,20160620,4.37,4.39,4.35,4.37,76049.47,33181.546
000822.SZ,20160620,4.98,4.98,4.87,4.93,42391.64,20821.2979
002334.SZ,20160620,8.6,8.81,8.58,8.74,170976.6,149118.6473
600346.SH,20160620,5.84,5.84,5.73,5.75,38162.1,21986.699
300104.SZ,20160620,47.88,49.36,47.39,48.69,401240.47,1947190.3584
600476.SH,20160620,28.17,28.17,27.22,27.97,17704.13,49135.659
600586.SH,20160620,4.27,4.27,4.16,4.21,130863.58,54987.634
002294.SZ,20160620,26.17,26.45,26.03,26.41,17089.88,44946.3985
600403.SH,20160620,6.1,6.19,6.0,6.07,94370.07,57105.832
002310.SZ,20160620,21.61,21.88,21.45,21.85,51156.38,110767.4467
002363.SZ,20160620,12.42,12.61,12.2,12.57,70412.77,87461.3696
600615.SH,20160620,17.51,17.75,17.32,17.51,21754.53,38099.631
600745.SH,20160620,22.58,22.8,21.92,22.73,161288.27,360245.301
002753.SZ,20160620,24.3,24.92,24.3,24.6,17189.06,42275.5586
600127.SH,20160620,6.24,6.28,6.08,6.2,117366.74,72104.243
002603.SZ,20160620,15.15,15.43,15.01,15.33,69920.33,106815.9433
600123.SH,20160620,7.03,7.06,6.95,7.0,105413.34,73850.366
600810.SH,20160620,7.12,7.24,7.03,7.24,31616.77,22609.547
603398.SH,20160620,37.3,39.05,36.5,38.74,110580.54,419840.211
600355.SH,20160620,6.96,7.05,6.8,7.03,184059.53,127439.38
603936.SH,20160620,49.9,53.6,49.04,49.17,187442.99,957258.461
002382.SZ,20160620,10.61,10.85,10.6,10.79,34107.65,36431.9714
002400.SZ,20160620,13.01,13.26,12.85,13.25,107006.73,140073.417
603017.SH,20160620,19.06,19.5,18.89,19.2,32777.38,63098.24
600826.SH,20160620,25.45,25.46,25.15,25.33,20861.91,52899.956
000516.SZ,20160620,5.86,5.87,5.73,5.8,137018.15,79173.9878
600976.SH,20160620,25.4,25.41,24.97,25.3,11232.07,28285.625
000725.SZ,20160620,2.3,2.34,2.28,2.32,2132845.36,492240.7835
600206.SH,20160620,13.55,14.26,13.25,13.84,955331.9,1316157.221
000961.SZ,20160620,6.02,6.05,5.45,5.79,706431.05,404725.5571
002084.SZ,20160620,10.44,10.97,10.38,10.63,197939.15,211374.1276
002653.SZ,20160620,15.2,15.39,15.06,15.32,14539.61,22114.667
600714.SH,20160620,11.45,12.6,11.03,12.6,214816.06,258651.941
603861.SH,20160620,26.25,27.8,25.5,27.21,88565.81,237657.661
600992.SH,20160620,12.8,12.9,12.25,12.52,69359.49,86725.706
600917.SH,20160620,9.77,9.83,9.62,9.79,23709.77,23083.257
002495.SZ,20160620,7.46,7.85,7.31,7.73,277367.86,210853.6476
603600.SH,20160620,54.25,58.86,54.0,58.33,66680.15,376912.476
603566.SH,20160620,21.04,21.38,20.7,21.27,18089.38,38092.232
002235.SZ,20160620,18.04,18.31,17.4,17.87,85640.07,152280.8025
600979.SH,20160620,5.84,5.84,5.7,5.75,42683.56,24523.355
603019.SH,20160620,34.75,37.77,33.91,37.49,132309.84,473916.187
300320.SZ,20160620,11.0,11.35,10.94,11.35,40756.12,45604.7744
600867.SH,20160620,19.99,20.05,19.6,19.88,62586.53,123859.272
000062.SZ,20160620,27.78,27.96,26.68,26.91,218488.5,593185.8763
002500.SZ,20160620,15.02,15.66,14.86,15.5,825080.07,1265444.066
000979.SZ,20160620,2.74,2.75,2.71,2.74,222978.47,60798.0587
601003.SH,20160620,3.66,3.77,3.57,3.72,122749.96,45083.411
600679.SH,20160620,14.75,14.8,14.49,14.7,17442.64,25539.91
300328.SZ,20160620,16.0,17.8,15.7,17.72,200471.11,338776.7482
002612.SZ,20160620,33.87,33.87,33.87,33.87,2330.0,7891.71
300336.SZ,20160620,22.61,22.97,22.23,22.74,91058.79,205638.4526
000901.SZ,20160620,37.34,37.6,36.8,37.33,89632.17,333390.1627
300241.SZ,20160620,16.0,16.08,15.51,16.03,108853.18,171836.3542
300026.SZ,20160620,15.6,16.09,15.5,15.85,124938.91,197902.8146
000402.SZ,20160620,9.59,9.64,9.5,9.61,129145.1,123622.4427
600362.SH,20160620,13.31,13.38,13.03,13.14,130961.85,172116.813
600170.SH,20160620,3.81,3.83,3.76,3.79,133004.89,50370.853
600235.SH,20160620,13.91,13.95,13.38,13.48,101314.73,136624.696
002300.SZ,20160620,9.25,9.31,9.15,9.25,20817.58,19179.2176
603788.SH,20160620,45.89,46.29,44.02,44.94,53441.37,241671.185
000998.SZ,20160620,19.67,19.79,19.34,19.51,68690.86,133976.8579
603456.SH,20160620,25.09,25.46,24.65,24.85,7755.65,19249.169
600150.SH,20160620,21.76,21.84,21.44,21.5,111565.75,240312.466
603010.SH,20160620,20.06,20.94,19.9,20.88,33050.51,67794.293
002160.SZ,20160620,8.16,8.68,8.12,8.54,109485.51,91669.0257
002288.SZ,20160620,9.95,10.13,9.62,9.84,356871.17,351597.9583
300305.SZ,20160620,13.19,13.2,12.81,13.12,44552.13,58138.8709
000831.SZ,20160620,13.83,13.88,13.31,13.49,236235.96,319813.1445
600203.SH,20160620,12.26,12.6,12.15,12.27,88693.49,109604.138
002664.SZ,20160620,35.05,36.45,34.61,34.94,140263.33,497395.0187
002181.SZ,20160620,8.06,8.08,7.85,7.99,90282.13,71772.4323
000009.SZ,20160620,13.86,13.96,13.6,13.69,644305.97,886255.5412
600495.SH,20160620,6.88,6.91,6.76,6.81,71192.81,48450.534
002217.SZ,20160620,15.39,15.51,14.93,15.37,146769.74,223787.5501
002064.SZ,20160620,4.7,4.76,4.67,4.74,92799.5,43688.5189
600872.SH,20160620,12.24,12.31,11.96,12.09,109922.03,133266.05
002376.SZ,20160620,12.64,13.09,12.58,13.01,96974.75,125426.1833
300486.SZ,20160620,40.54,43.58,39.15,43.3,60771.08,254191.8693
002228.SZ,20160620,5.37,5.42,5.28,5.39,137031.16,73409.6817
002058.SZ,20160620,20.43,21.47,20.43,21.07,33014.53,68450.6567
002374.SZ,20160620,6.61,6.96,6.44,6.78,319057.75,215356.2173
601127.SH,20160620,11.14,11.14,11.14,11.14,319.94,356.413
300205.SZ,20160620,13.63,14.1,13.62,13.98,117200.01,163139.3465
600491.SH,20160620,8.35,8.49,8.1,8.47,106681.99,88875.771
000785.SZ,20160620,10.8,10.86,10.5,10.76,38813.19,41365.7246
002433.SZ,20160620,9.87,9.9,9.72,9.85,116724.0,114300.2449
600743.SH,20160620,4.61,4.62,4.56,4.6,39819.46,18284.454
600392.SH,20160620,18.8,18.98,18.22,18.7,349014.97,650048.355
000065.SZ,20160620,31.49,32.3,30.58,31.89,27167.84,85239.2731
002259.SZ,20160620,6.8,6.87,6.61,6.74,78875.68,52985.5366
300446.SZ,20160620,40.15,41.54,39.39,41.22,23744.95,96761.8373
002761.SZ,20160620,37.7,38.19,37.28,37.87,24922.61,94196.7805
600059.SH,20160620,9.88,10.18,9.74,10.17,175965.11,175750.572
600880.SH,20160620,8.3,8.3,8.1,8.25,129978.48,106618.211
601566.SH,20160620,15.08,15.09,14.63,14.86,26240.2,38849.098
300405.SZ,20160620,40.55,41.76,40.17,41.5,34493.24,141654.3963
002526.SZ,20160620,10.07,10.15,9.8,9.88,93665.86,92897.9644
000733.SZ,20160620,21.31,22.65,21.31,22.6,306212.13,673976.7836
002281.SZ,20160620,61.5,64.5,61.28,63.9,71332.87,450565.5543
002713.SZ,20160620,28.06,28.2,27.5,27.56,13132.78,36427.0572
002708.SZ,20160620,12.61,12.88,12.55,12.84,56031.92,71054.0025
002011.SZ,20160620,10.24,10.44,10.11,10.4,80802.27,83135.3423
002322.SZ,20160620,16.7,18.22,16.7,17.99,125599.5,219285.0673
600812.SH,20160620,6.22,6.22,6.12,6.15,42015.9,25853.384
600981.SH,20160620,8.32,8.73,8.21,8.29,145682.14,122560.253
600704.SH,20160620,9.37,9.51,9.32,9.36,117130.94,110087.132
000816.SZ,20160620,5.8,5.82,5.71,5.76,125182.51,71961.4518
002138.SZ,20160620,16.9,17.48,16.42,17.39,225277.7,383451.2251
000759.SZ,20160620,6.84,6.84,6.68,6.77,38215.28,25737.4149
002480.SZ,20160620,10.59,10.67,10.38,10.6,94108.45,98776.5364
002061.SZ,20160620,6.72,6.77,6.63,6.7,56829.82,38128.399
300281.SZ,20160620,14.7,14.98,14.25,14.93,53158.05,78376.5326
600160.SH,20160620,10.4,10.57,10.1,10.43,356063.61,368576.72
002126.SZ,20160620,8.18,8.42,8.06,8.33,199219.15,165442.0122
002299.SZ,20160620,25.97,26.45,25.21,25.94,114056.54,295123.7481
300397.SZ,20160620,32.99,32.99,31.66,32.52,75245.11,243372.4037
601368.SH,20160620,12.85,13.1,12.6,13.02,43425.32,55970.488
600255.SH,20160620,4.3,4.43,4.22,4.29,619736.85,266944.103
600847.SH,20160620,29.81,30.22,29.3,29.96,39423.12,117972.957
600731.SH,20160620,10.27,10.78,9.95,10.37,145709.5,151435.143
600485.SH,20160620,17.96,17.96,17.5,17.69,499491.54,882639.367
600275.SH,20160620,6.97,7.17,6.9,7.04,181556.14,127536.315
600549.SH,20160620,29.49,29.61,28.28,28.94,224061.53,644811.981
002360.SZ,20160620,10.81,11.11,10.69,10.92,69032.77,75271.7505
002154.SZ,20160620,4.75,4.77,4.71,4.75,98502.32,46664.3698
600231.SH,20160620,2.37,2.38,2.32,2.35,187058.12,43847.463
002371.SZ,20160620,36.8,40.56,36.07,40.56,191520.54,750740.7493
000983.SZ,20160620,7.2,7.5,7.19,7.32,416173.08,306489.3093
300024.SZ,20160620,25.11,25.25,24.69,25.01,172244.07,429494.3742
600211.SH,20160620,42.94,43.21,42.7,42.9,5149.76,22060.659
300329.SZ,20160620,19.25,19.38,18.9,19.13,50923.01,97127.2311
300393.SZ,20160620,34.76,35.49,34.2,34.8,23678.19,81982.5844
601010.SH,20160620,5.16,5.18,5.1,5.15,56604.94,29062.37
600133.SH,20160620,7.51,7.51,7.33,7.42,62847.07,46526.667
002736.SZ,20160620,16.27,16.87,16.19,16.8,321436.14,535902.5297
300096.SZ,20160620,16.65,17.15,16.21,16.95,146223.5,244100.6368
002384.SZ,20160620,19.47,20.3,18.95,20.22,120092.43,237056.5957
002125.SZ,20160620,21.0,21.65,20.62,21.0,115717.61,244685.4615
300001.SZ,20160620,21.78,21.95,21.21,21.56,118665.39,254695.9525
601558.SH,20160620,2.75,2.76,2.71,2.73,202746.33,55229.731
600258.SH,20160620,19.17,19.2,18.82,19.06,12358.67,23447.066
000830.SZ,20160620,4.44,4.46,4.38,4.46,122461.43,54230.0398
002581.SZ,20160620,26.93,27.87,26.3,27.86,54807.03,148643.0693
300357.SZ,20160620,35.93,36.45,35.37,36.33,19100.7,68468.324
600215.SH,20160620,6.51,6.58,6.31,6.39,141278.76,90765.206
600135.SH,20160620,16.62,17.13,16.36,16.81,196713.57,330522.478
300346.SZ,20160620,35.67,39.22,35.15,39.22,123339.1,472665.7584
603558.SH,20160620,17.74,17.99,17.39,17.5,11910.31,20866.09
600696.SH,20160620,13.5,13.63,13.08,13.26,266794.87,353500.381
601113.SH,20160620,9.55,9.56,9.31,9.43,25054.11,23597.687
600666.SH,20160620,34.05,34.65,32.85,34.33,115315.38,389217.911
601579.SH,20160620,12.88,13.69,12.83,13.56,77220.36,102916.36
600673.SH,20160620,6.49,6.58,6.38,6.55,198585.73,128589.113
300386.SZ,20160620,35.24,36.68,34.6,35.84,201762.27,718179.28
600582.SH,20160620,4.5,4.51,4.44,4.48,110271.24,49278.683
002038.SZ,20160620,28.91,29.09,28.3,28.59,45250.02,129054.5156
600855.SH,20160620,28.3,28.46,27.61,28.04,50402.19,140876.292
000900.SZ,20160620,6.52,6.55,6.47,6.53,43855.83,28573.9506
002787.SZ,20160620,49.95,52.88,49.21,50.75,81822.52,419259.4821
002659.SZ,20160620,18.01,18.01,17.6,17.65,25650.17,45565.9162
002097.SZ,20160620,10.19,10.25,9.9,10.14,276197.69,277865.9264
600232.SH,20160620,14.47,14.99,13.95,14.78,410802.44,589183.56
600151.SH,20160620,10.6,10.93,10.45,10.83,219818.01,235627.294
600770.SH,20160620,11.02,11.24,10.77,11.21,222113.14,244136.539
601890.SH,20160620,8.66,8.68,8.5,8.59,104483.05,89426.986
002122.SZ,20160620,6.12,6.2,6.05,6.17,40742.14,24988.5323
603029.SH,20160620,40.45,44.4,40.01,43.71,91136.78,392389.686
000026.SZ,20160620,10.91,10.98,10.71,10.87,27930.75,30336.9357
002503.SZ,20160620,11.65,11.75,11.43,11.48,33513.82,38572.0793
600070.SH,20160620,14.19,14.64,14.19,14.58,67577.59,97983.544
600166.SH,20160620,5.61,5.61,5.46,5.51,415127.5,228753.653
600831.SH,20160620,12.69,12.74,12.47,12.66,67695.62,85334.33
601177.SH,20160620,9.62,9.67,9.4,9.59,27840.07,26603.306
000031.SZ,20160620,9.4,9.48,9.36,9.37,117274.99,110150.4232
300355.SZ,20160620,6.87,6.92,6.75,6.9,110070.97,75310.7959
601939.SH,20160620,4.91,4.93,4.89,4.92,438169.22,215053.469
300304.SZ,20160620,28.37,30.5,28.37,29.73,81420.11,240561.962
300387.SZ,20160620,26.76,28.19,26.76,27.7,58842.57,162663.195
603299.SH,20160620,15.83,16.7,15.44,16.49,149198.61,242522.739
000570.SZ,20160620,8.97,9.05,8.72,8.85,87582.03,77362.8673
600295.SH,20160620,7.84,7.85,7.69,7.81,19941.77,15448.806
600097.SH,20160620,15.48,15.7,15.21,15.66,18716.55,29058.009
002243.SZ,20160620,12.32,12.43,12.05,12.27,64349.57,78610.1149
002772.SZ,20160620,24.43,24.6,23.7,24.21,61846.11,148950.1075
600800.SH,20160620,6.65,7.05,6.56,6.97,512332.47,343383.744
600742.SH,20160620,27.5,27.56,27.12,27.22,48691.23,133036.939
600366.SH,20160620,24.12,24.91,24.0,24.76,306686.39,751231.68
000885.SZ,20160620,13.07,13.28,13.07,13.2,23719.29,31254.5933
002519.SZ,20160620,23.43,23.81,22.73,23.52,55968.98,130011.8015
600836.SH,20160620,12.29,12.29,11.8,11.93,185824.95,221739.676
300246.SZ,20160620,30.9,31.68,30.18,31.49,44609.61,137666.2633
601336.SH,20160620,40.35,40.35,39.99,40.05,26939.47,107912.695
002385.SZ,20160620,8.15,8.25,8.12,8.17,169373.66,138727.4274
601188.SH,20160620,4.04,4.04,3.99,4.04,34415.14,13789.012
600850.SH,20160620,33.85,34.21,33.61,34.09,18432.76,62597.1
300114.SZ,20160620,26.65,28.65,25.6,28.21,105383.98,289167.0803
601689.SH,20160620,29.55,31.0,29.49,30.32,134119.85,408021.513
601008.SH,20160620,4.69,4.71,4.63,4.66,33718.89,15733.903
002404.SZ,20160620,7.68,7.77,7.48,7.61,94471.46,71749.1065
600198.SH,20160620,20.2,21.2,20.2,21.04,346458.18,719552.489
603128.SH,20160620,9.17,9.25,9.02,9.2,114546.25,104860.643
000963.SZ,20160620,64.1,64.4,63.58,64.19,10000.36,63981.2215
002516.SZ,20160620,6.06,6.11,5.98,6.04,88085.6,53098.8787
300392.SZ,20160620,24.7,24.79,24.05,24.64,54557.01,133306.8053
600241.SH,20160620,17.03,17.03,17.03,17.03,30893.07,52610.898
000533.SZ,20160620,9.59,9.66,9.36,9.47,109799.31,103664.73
000892.SZ,20160620,13.62,13.85,13.23,13.59,40502.02,54609.9764
000532.SZ,20160620,18.31,19.33,18.06,18.26,345190.05,646938.6322
000762.SZ,20160620,26.61,26.9,26.08,26.7,330838.33,876294.4665
002558.SZ,20160620,120.31,128.9,119.1,126.93,21197.25,265208.0609
600684.SH,20160620,7.38,7.41,7.3,7.36,43587.47,32060.53
600961.SH,20160620,10.01,10.08,9.7,9.94,62947.35,62251.275
002733.SZ,20160620,31.19,31.19,29.58,30.99,268386.65,814171.1011
002471.SZ,20160620,6.13,6.18,6.02,6.09,160187.13,97286.6643
002124.SZ,20160620,9.69,9.74,9.55,9.7,79245.69,76389.0476
002237.SZ,20160620,13.23,13.24,12.71,12.91,531020.02,685826.261
600958.SH,20160620,16.86,16.96,16.53,16.67,212294.53,353447.592
603169.SH,20160620,12.8,13.05,12.75,12.92,91107.03,117389.265
300141.SZ,20160620,33.49,33.56,31.52,32.05,63731.79,204664.555
002791.SZ,20160620,49.14,51.5,48.35,50.38,77450.58,388473.9706
600302.SH,20160620,8.16,8.28,7.98,8.21,53957.52,43834.11
300312.SZ,20160620,17.63,17.8,16.82,17.49,78206.34,135424.9904
000622.SZ,20160620,8.02,8.07,8.02,8.02,33687.0,27023.609
002003.SZ,20160620,14.05,14.2,13.84,13.96,46672.69,65183.5344
002740.SZ,20160620,15.05,15.09,14.71,15.0,35961.85,53459.6561
300341.SZ,20160620,29.4,30.96,29.25,30.79,37890.87,114005.5561
600432.SH,20160620,7.0,7.14,6.98,7.06,137309.6,96680.933
002087.SZ,20160620,7.5,7.52,7.35,7.48,59604.18,44162.8747
300013.SZ,20160620,17.0,18.15,16.68,16.97,390388.8,674533.376
002413.SZ,20160620,13.2,13.49,13.12,13.33,191550.75,254947.4043
300452.SZ,20160620,49.33,49.9,47.81,49.9,15079.59,73654.3648
300124.SZ,20160620,18.95,19.05,18.5,18.84,89272.72,167477.9523
002116.SZ,20160620,14.31,14.69,14.12,14.45,77389.13,111255.2278
601360.SH,20160620,15.83,16.2,15.25,15.6,244365.63,382893.525
300321.SZ,20160620,31.29,32.45,30.81,32.22,21600.25,68661.7002
600595.SH,20160620,5.35,5.37,5.1,5.21,305543.18,158483.462
600503.SH,20160620,8.83,9.13,8.8,9.03,889549.31,802707.126
600251.SH,20160620,7.71,7.78,7.5,7.77,96787.04,74247.443
002566.SZ,20160620,12.43,12.67,12.35,12.54,37314.03,46617.1245
600112.SH,20160620,10.92,11.02,10.76,10.9,107742.51,117100.784
600460.SH,20160620,7.45,7.86,7.21,7.81,855042.45,653239.001
000070.SZ,20160620,26.54,27.19,25.76,26.65,183010.53,485752.8647
000788.SZ,20160620,12.98,12.98,12.65,12.93,38710.46,49664.3743
300240.SZ,20160620,10.3,10.3,10.05,10.18,42690.23,43365.3097
002307.SZ,20160620,7.82,7.82,7.63,7.69,62864.07,48455.1917
000019.SZ,20160620,16.7,16.85,16.21,16.52,133362.02,220228.5003
600433.SH,20160620,8.42,8.58,8.38,8.5,85131.02,72055.215
600114.SH,20160620,17.22,18.0,16.96,17.73,144230.44,254814.337
300315.SZ,20160620,10.11,10.17,9.96,10.06,255673.55,256719.0731
000823.SZ,20160620,9.43,9.9,9.4,9.8,324299.57,315204.9983
300074.SZ,20160620,9.57,9.6,9.3,9.54,110253.63,104058.2311
600171.SH,20160620,15.12,16.15,15.12,16.11,294640.54,465413.13
000555.SZ,20160620,32.2,32.97,31.9,32.29,174039.21,564185.2588
300079.SZ,20160620,8.17,8.2,8.02,8.14,202666.7,164470.5926
002002.SZ,20160620,17.85,17.89,17.51,17.8,68392.41,121014.3307
300028.SZ,20160620,16.4,16.63,16.11,16.55,177181.71,290350.7268
600698.SH,20160620,5.17,5.17,5.07,5.16,40918.32,20931.121
600183.SH,20160620,8.92,8.99,8.71,8.94,128428.49,113416.202
000973.SZ,20160620,10.71,10.94,10.58,10.87,1287560.49,1387292.7118
600658.SH,20160620,9.92,9.95,9.73,9.88,20748.29,20437.11
002458.SZ,20160620,47.4,47.9,45.9,47.09,27150.35,127522.5573
600501.SH,20160620,17.06,17.19,16.6,17.16,52734.19,89152.322
300278.SZ,20160620,16.78,16.85,16.26,16.49,84854.27,139862.2685
300081.SZ,20160620,15.96,15.96,15.1,15.6,129414.56,199886.6173
000045.SZ,20160620,12.89,12.99,12.53,12.78,106252.53,134946.3938
002220.SZ,20160620,10.11,10.3,10.0,10.2,51049.25,51939.7501
300098.SZ,20160620,15.0,15.15,14.68,14.88,799586.55,1196397.0792
600665.SH,20160620,4.71,4.79,4.69,4.78,43200.53,20505.887
300157.SZ,20160620,11.9,11.97,11.73,11.88,211387.12,249771.4613
002606.SZ,20160620,19.5,20.1,19.28,19.8,75818.59,149098.795
002574.SZ,20160620,12.21,12.88,12.16,12.46,300131.57,379740.3471
300260.SZ,20160620,30.03,31.32,29.55,31.13,15794.96,48233.969
300027.SZ,20160620,13.5,13.57,13.2,13.36,332506.71,443272.7296
600856.SH,20160620,21.17,21.17,19.8,20.22,110337.47,223589.325
002523.SZ,20160620,5.5,5.53,5.36,5.44,53509.8,29116.5019
300350.SZ,20160620,32.86,36.38,32.86,36.38,109870.76,396879.0242
002765.SZ,20160620,24.3,25.26,23.99,25.1,42000.46,104043.9072
300501.SZ,20160620,97.56,105.5,95.01,102.0,34103.49,344901.3429
600066.SH,20160620,20.17,20.25,19.92,20.18,63047.21,126508.768
600517.SH,20160620,9.18,9.26,9.09,9.2,87166.07,80214.692
000861.SZ,20160620,4.99,5.02,4.9,4.95,78590.1,38788.8817
002530.SZ,20160620,22.6,23.02,22.16,22.89,36291.67,82578.9118
603003.SH,20160620,19.08,19.39,18.62,19.0,17870.36,33760.186
600158.SH,20160620,17.33,17.46,17.05,17.35,195903.28,337942.263
002538.SZ,20160620,8.86,8.86,8.69,8.83,38139.78,33446.6329
002635.SZ,20160620,38.4,38.61,37.15,38.11,75071.49,284501.977
000910.SZ,20160620,13.66,13.93,13.51,13.9,24109.25,33068.7866
603116.SH,20160620,22.88,23.58,22.4,23.51,43836.13,101451.977
000807.SZ,20160620,6.7,6.77,6.46,6.61,225095.17,148495.8882
300109.SZ,20160620,61.25,62.0,58.48,58.92,66094.43,395914.6637
603223.SH,20160620,29.51,31.48,29.51,31.11,37976.37,116268.087
002244.SZ,20160620,6.65,6.72,6.63,6.67,122377.75,81694.4443
603598.SH,20160620,48.5,49.0,46.88,47.99,39652.24,191223.705
300136.SZ,20160620,19.7,19.8,19.35,19.75,87459.83,171534.1682
600980.SH,20160620,30.4,30.82,29.53,30.39,90832.67,274980.857
002778.SZ,20160620,44.05,48.19,44.0,48.19,42454.88,196706.2859
300057.SZ,20160620,15.11,15.52,15.0,15.35,84597.13,129152.8405
300367.SZ,20160620,23.72,24.18,23.61,24.12,129852.23,310363.5747
002502.SZ,20160620,24.65,25.26,24.21,24.54,64167.8,158484.2964
300487.SZ,20160620,58.01,60.87,56.65,58.88,34767.76,205530.8961
300409.SZ,20160620,44.68,46.19,43.5,45.89,57979.73,261755.2485
002158.SZ,20160620,10.34,10.38,10.11,10.25,35359.08,36150.0565
600814.SH,20160620,9.92,9.98,9.81,9.94,15300.05,15120.387
600780.SH,20160620,5.0,5.01,4.9,4.98,35034.48,17329.966
002639.SZ,20160620,8.98,9.79,8.98,9.77,312747.83,301202.8809
000679.SZ,20160620,10.7,10.79,10.22,10.68,127286.6,133722.1298
300091.SZ,20160620,13.2,13.4,12.91,13.3,53456.47,70356.6646
000766.SZ,20160620,15.07,16.08,14.88,16.01,159583.54,249119.4746
000927.SZ,20160620,5.46,5.48,5.35,5.39,217168.28,117411.7971
600287.SH,20160620,8.52,8.57,8.36,8.5,43480.37,36783.836
600990.SH,20160620,75.56,80.52,75.2,79.96,49902.45,386633.602
002282.SZ,20160620,13.1,13.35,12.92,13.34,56140.37,74036.911
603168.SH,20160620,44.28,44.8,43.27,43.99,27493.83,121125.654
600689.SH,20160620,14.61,15.3,14.61,14.91,65754.27,97349.596
300481.SZ,20160620,53.21,56.99,53.21,55.69,105427.25,586843.0268
600240.SH,20160620,9.91,9.95,9.69,9.91,152465.2,149986.774
601919.SH,20160620,5.18,5.2,5.11,5.13,178660.63,91684.45
002273.SZ,20160620,26.05,27.08,25.21,26.88,386741.77,1018528.5995
600399.SH,20160620,6.31,6.38,6.18,6.27,182023.11,113822.218
000776.SZ,20160620,15.6,15.82,15.51,15.76,265517.56,416105.9747
002640.SZ,20160620,15.2,15.82,15.2,15.4,79619.63,123059.5066
002551.SZ,20160620,21.71,22.49,21.51,22.29,100474.64,221896.7187
600423.SH,20160620,7.18,7.18,7.18,7.18,29682.0,21311.676
000596.SZ,20160620,49.03,49.05,46.78,47.89,81975.11,391122.9499
600667.SH,20160620,9.1,9.65,8.8,9.46,658025.34,612907.022
300185.SZ,20160620,8.89,8.89,8.6,8.75,199413.25,173716.7782
603188.SH,20160620,17.35,17.39,16.99,17.24,35427.5,60831.364
600391.SH,20160620,36.0,36.2,35.38,35.74,43308.72,154490.052
002043.SZ,20160620,8.03,8.04,7.87,7.96,173270.87,137654.0511
600806.SH,20160620,6.18,6.18,6.18,6.18,27244.0,16836.792
600496.SH,20160620,4.15,4.15,4.09,4.13,70736.08,29144.788
002241.SZ,20160620,29.2,29.2,28.45,28.95,65509.88,188264.8354
300310.SZ,20160620,33.14,33.14,31.9,32.28,311638.37,1021809.1026
601958.SH,20160620,8.15,8.19,7.91,8.02,170773.11,136920.964
000957.SZ,20160620,39.7,41.23,38.5,40.27,205199.26,824772.9378
600963.SH,20160620,5.98,5.98,5.88,5.93,57090.92,33781.563
600401.SH,20160620,2.42,2.42,2.38,2.4,636939.66,152658.138
002312.SZ,20160620,17.55,17.77,17.17,17.52,237769.48,415668.3927
600778.SH,20160620,9.32,9.4,9.12,9.38,46436.47,43064.788
600818.SH,20160620,31.0,31.59,30.71,31.07,15458.25,47945.338
600616.SH,20160620,10.0,10.22,9.82,10.17,105618.05,105968.768
300371.SZ,20160620,27.6,28.96,27.42,28.73,25592.06,73071.5457
300022.SZ,20160620,7.62,7.78,7.35,7.69,94033.17,71017.1322
000690.SZ,20160620,6.77,6.81,6.66,6.71,65452.2,43853.7865
600068.SH,20160620,5.8,5.9,5.8,5.86,175797.24,102862.817
002559.SZ,20160620,14.27,14.35,13.89,14.0,61957.35,86766.3125
601216.SH,20160620,7.23,7.26,7.14,7.21,71694.5,51525.731
600563.SH,20160620,44.52,47.4,43.91,46.94,114927.04,528718.341
600141.SH,20160620,10.72,11.77,10.6,11.77,267948.59,306080.991
002224.SZ,20160620,21.9,22.45,21.45,21.58,497689.19,1093547.8613
600089.SH,20160620,8.38,8.39,8.28,8.33,98716.78,82124.999
600794.SH,20160620,4.59,4.99,4.55,4.82,230770.99,110666.279
603968.SH,20160620,22.2,24.18,22.1,24.1,75537.27,175344.692
002550.SZ,20160620,8.4,8.5,8.2,8.33,96634.68,80166.2141
600573.SH,20160620,13.53,13.54,12.9,13.15,45991.14,60149.513
002637.SZ,20160620,12.84,12.96,12.49,12.89,62820.12,79964.1436
300280.SZ,20160620,27.77,27.98,27.1,27.26,16654.97,45517.4535
300484.SZ,20160620,112.81,117.17,108.05,115.4,56059.08,637370.7982
002187.SZ,20160620,11.91,12.08,11.86,12.05,34763.8,41606.6365
600265.SH,20160620,24.89,24.89,24.89,24.89,2072.0,5157.208
600202.SH,20160620,9.87,10.13,9.74,10.01,74950.69,74344.178
603366.SH,20160620,8.12,8.56,8.08,8.46,88195.1,73893.704
600857.SH,20160620,15.92,16.29,15.5,16.16,32255.14,51011.256
002165.SZ,20160620,9.04,9.14,8.83,9.12,167107.0,150432.9815
600280.SH,20160620,6.52,6.69,6.48,6.66,98538.61,65184.926
300171.SZ,20160620,18.38,18.49,18.03,18.37,103733.41,189506.8977
600229.SH,20160620,11.49,11.49,11.21,11.43,42173.32,47801.122
002267.SZ,20160620,10.11,10.15,9.98,10.06,38485.5,38673.0867
600804.SH,20160620,17.59,17.72,17.39,17.63,92501.97,162045.172
300478.SZ,20160620,55.1,58.29,55.1,57.39,27480.85,156910.9583
603377.SH,20160620,47.17,48.5,46.01,47.24,36838.79,174382.12
002629.SZ,20160620,10.8,11.45,10.57,11.08,178603.67,196016.3483
600699.SH,20160620,39.47,40.1,39.02,39.59,160010.84,633800.416
002298.SZ,20160620,15.73,15.87,15.36,15.75,172094.36,268919.0998
600072.SH,20160620,13.25,13.32,12.85,13.22,52450.72,68766.236
300137.SZ,20160620,14.3,14.37,14.02,14.22,68125.83,96775.3551
300089.SZ,20160620,10.73,10.75,10.41,10.67,103841.84,109819.0007
601969.SH,20160620,11.17,11.28,11.0,11.13,40183.19,44629.692
600701.SH,20160620,11.42,11.9,11.11,11.86,78761.03,90606.165
300050.SZ,20160620,13.33,13.57,12.96,13.52,56055.56,74338.6402
600862.SH,20160620,14.08,14.18,13.81,14.08,123269.26,172872.823
300330.SZ,20160620,16.5,17.57,16.5,17.55,96548.58,165736.972
300348.SZ,20160620,31.3,32.0,30.7,32.0,152887.81,475779.6287
002250.SZ,20160620,13.79,13.86,13.58,13.8,45781.45,62790.4435
002324.SZ,20160620,29.0,29.84,28.86,29.36,36947.35,108488.3953
300066.SZ,20160620,6.53,6.53,6.47,6.53,460469.87,300494.4731
300351.SZ,20160620,30.31,32.34,30.1,30.15,133941.14,413975.4163
600036.SH,20160620,17.62,17.63,17.42,17.51,156971.88,274976.161
600307.SH,20160620,2.43,2.43,2.39,2.41,370002.35,89097.065
002388.SZ,20160620,11.17,11.31,10.88,11.27,118984.17,131560.4403
002286.SZ,20160620,14.27,14.35,13.92,14.0,28797.41,40339.028
300345.SZ,20160620,10.5,10.58,10.22,10.46,112477.85,116975.6762
300359.SZ,20160620,28.08,28.26,26.8,27.47,99329.2,270906.4717
300147.SZ,20160620,13.69,14.04,13.56,13.93,86570.18,119507.1856
002565.SZ,20160620,7.2,7.21,7.0,7.19,57816.23,41255.6635
002508.SZ,20160620,35.8,36.58,35.38,36.29,57257.62,206006.2844
002768.SZ,20160620,29.54,29.96,28.89,29.54,32462.38,95197.356
002731.SZ,20160620,27.28,27.39,26.59,26.59,66608.02,178744.298
002260.SZ,20160620,24.99,25.07,24.18,24.55,22805.43,55810.4025
300199.SZ,20160620,18.35,18.48,18.05,18.28,52814.64,96498.6052
600590.SH,20160620,13.19,13.34,13.1,13.2,57160.67,75361.451
000929.SZ,20160620,14.66,14.87,14.22,14.53,77589.78,112958.7523
300048.SZ,20160620,11.43,11.59,11.0,11.41,494725.54,557714.9594
600629.SH,20160620,19.0,19.01,18.23,18.28,25203.96,46477.518
603520.SH,20160620,49.55,52.0,48.21,50.45,57089.16,287351.314
600634.SH,20160620,14.46,14.46,14.16,14.36,97421.75,139558.379
600438.SH,20160620,6.42,6.64,6.35,6.6,103375.48,67826.339
002632.SZ,20160620,12.32,12.62,12.15,12.55,219575.4,271647.678
002284.SZ,20160620,19.42,19.96,19.42,19.67,261516.7,515607.2792
300470.SZ,20160620,90.6,96.8,90.0,95.23,18914.3,178035.4161
600973.SH,20160620,13.13,13.15,12.66,12.76,106759.87,136978.825
002025.SZ,20160620,21.22,21.62,21.03,21.54,60101.46,128191.327
300445.SZ,20160620,25.7,26.29,24.81,26.21,31734.45,81912.6506
000032.SZ,20160620,15.03,15.04,14.35,14.74,37866.11,55680.8129
600677.SH,20160620,17.5,17.56,17.0,17.42,85196.45,146866.954
300507.SZ,20160620,120.0,128.0,115.02,123.15,57708.8,703192.8178
000751.SZ,20160620,5.31,5.37,5.22,5.29,374353.24,197301.3318
300112.SZ,20160620,15.28,15.83,14.81,15.7,91321.78,139905.4065
000911.SZ,20160620,24.42,25.5,24.3,24.66,158809.03,394969.3674
603009.SH,20160620,38.9,41.11,38.9,40.57,20792.03,83383.667
300206.SZ,20160620,11.01,11.18,10.71,11.04,231242.82,252763.778
300016.SZ,20160620,21.85,21.85,21.03,21.09,162536.47,346868.3254
002785.SZ,20160620,23.93,26.33,23.79,26.33,183105.69,470306.3513
300133.SZ,20160620,15.12,15.27,14.83,14.93,138847.6,207645.078
000916.SZ,20160620,4.56,4.59,4.54,4.54,32752.22,14897.224
002167.SZ,20160620,10.2,10.32,9.66,9.76,349681.83,343740.9318
300251.SZ,20160620,11.23,11.25,10.9,11.07,263187.89,290168.5999
600028.SH,20160620,4.71,4.72,4.67,4.7,417049.31,195623.642
603030.SH,20160620,28.0,28.14,27.6,27.9,31588.18,87932.982
000965.SZ,20160620,5.23,5.25,5.1,5.19,106512.99,55070.322
000417.SZ,20160620,7.88,7.91,7.78,7.85,54691.29,42871.5996
300477.SZ,20160620,65.88,66.93,64.05,65.4,52280.36,340780.2894
600879.SH,20160620,14.16,14.56,13.9,14.49,247808.33,353788.994
002669.SZ,20160620,21.38,21.85,21.14,21.6,25418.24,54549.1795
002377.SZ,20160620,8.4,8.46,8.26,8.38,28968.58,24172.058
600236.SH,20160620,7.09,7.13,7.0,7.07,79422.21,55922.076
300309.SZ,20160620,12.26,12.4,12.08,12.29,57640.11,70521.7339
600313.SH,20160620,5.43,5.45,5.2,5.41,177440.75,94824.053
600871.SH,20160620,3.82,3.82,3.76,3.8,226628.07,85774.489
600329.SH,20160620,16.7,16.76,16.4,16.65,32966.48,54595.585
002732.SZ,20160620,26.3,26.47,25.78,26.26,27026.63,70790.1538
600622.SH,20160620,12.23,12.54,12.21,12.42,62671.14,77971.043
600741.SH,20160620,15.14,15.2,14.98,15.15,75051.85,113305.855
300034.SZ,20160620,22.14,24.42,22.0,24.42,185815.53,436799.6792
300071.SZ,20160620,10.86,10.86,10.35,10.37,161387.37,169505.3567
002431.SZ,20160620,11.76,11.97,11.6,11.78,902078.07,1065248.5537
002305.SZ,20160620,5.37,5.4,5.16,5.34,132325.21,69580.5654
000848.SZ,20160620,11.5,11.63,11.25,11.53,116094.85,132814.1793
300021.SZ,20160620,19.11,19.2,18.41,18.6,63287.02,117931.3516
002234.SZ,20160620,32.08,32.68,30.95,32.13,63812.45,203686.4206
600117.SH,20160620,5.01,5.01,4.87,4.92,61171.43,30061.004
002451.SZ,20160620,11.78,12.14,11.78,12.03,84731.82,101539.2569
600584.SH,20160620,18.3,18.69,17.7,18.55,377604.56,691416.033
600372.SH,20160620,17.98,18.01,17.69,17.95,45420.74,81068.482
600498.SH,20160620,23.5,23.6,23.25,23.48,41212.13,96401.075
002412.SZ,20160620,16.7,17.1,16.58,16.91,25543.5,43127.7338
600858.SH,20160620,8.04,8.09,7.88,8.02,18745.71,14930.485
600353.SH,20160620,8.18,8.25,7.97,8.16,117832.84,95408.527
002536.SZ,20160620,14.47,14.52,14.16,14.4,64634.29,92517.8035
000700.SZ,20160620,21.43,21.81,21.18,21.5,84472.48,181341.9822
300429.SZ,20160620,135.0,140.2,132.02,139.63,14121.59,192931.5969
601011.SH,20160620,5.85,5.88,5.66,5.7,426295.63,244453.385
002628.SZ,20160620,6.63,6.65,6.5,6.63,84638.08,55592.8135
002188.SZ,20160620,29.0,29.08,28.1,28.8,41318.56,118472.4227
300003.SZ,20160620,36.42,36.58,35.53,36.27,33232.15,119774.4257
000705.SZ,20160620,12.76,13.32,12.62,13.17,65171.64,84719.4352
601766.SH,20160620,9.15,9.15,9.03,9.09,266467.41,241755.797
002618.SZ,20160620,28.68,28.68,27.62,28.31,144589.69,408407.8822
600161.SH,20160620,27.15,27.21,26.78,27.09,23724.94,64071.108
600048.SH,20160620,8.3,8.6,8.3,8.54,600920.46,509886.691
600558.SH,20160620,4.73,4.77,4.66,4.69,82923.16,39125.745
000601.SZ,20160620,9.85,10.44,9.75,10.27,349575.12,356987.1583
300474.SZ,20160620,146.58,152.97,142.18,148.3,63720.96,941420.3339
600000.SH,20160620,17.93,17.93,17.75,17.85,96814.95,172507.202
600073.SH,20160620,11.77,11.8,11.5,11.63,155425.08,180307.882
002760.SZ,20160620,36.52,37.99,36.26,37.19,25216.11,93665.5158
000919.SZ,20160620,12.56,12.7,12.55,12.69,24954.74,31523.8994
300203.SZ,20160620,24.6,24.7,24.0,24.48,54126.15,131973.1345
000868.SZ,20160620,7.62,7.71,7.46,7.56,473206.85,357723.5223
300051.SZ,20160620,20.5,20.63,19.9,20.55,248255.96,503014.3591
300063.SZ,20160620,27.98,28.8,27.3,28.43,39351.54,111084.9339
300412.SZ,20160620,32.23,32.88,31.7,32.51,25380.19,81955.6629
600604.SH,20160620,21.82,21.88,21.6,21.66,30053.52,65231.429
000510.SZ,20160620,7.04,7.08,6.82,7.0,191201.97,132699.6928
002390.SZ,20160620,8.78,8.93,8.73,8.83,97883.03,86629.3271
002185.SZ,20160620,11.66,12.45,11.47,12.2,393889.71,473124.874
002648.SZ,20160620,8.6,8.63,8.46,8.6,31329.62,26810.5236
002024.SZ,20160620,10.93,11.05,10.88,10.93,333946.55,365424.519
002687.SZ,20160620,12.14,12.14,11.75,11.82,30099.55,35601.0958
600730.SH,20160620,13.7,13.8,13.32,13.66,107332.66,144983.29
300222.SZ,20160620,25.3,25.5,24.46,25.06,101891.3,253321.3285
002073.SZ,20160620,11.53,11.88,11.34,11.55,400135.06,462642.6872
002405.SZ,20160620,22.3,23.18,22.19,22.5,534599.38,1214550.5591
000937.SZ,20160620,5.06,5.09,4.98,4.99,238066.97,119316.6956
600467.SH,20160620,4.06,4.09,4.01,4.05,257464.32,104264.041
002119.SZ,20160620,18.6,18.99,18.27,18.97,44024.7,81820.6694
600010.SH,20160620,2.86,2.87,2.82,2.85,425573.57,120714.601
000915.SZ,20160620,31.07,31.67,30.5,31.57,25155.49,78375.8339
002215.SZ,20160620,9.91,10.09,9.78,10.09,99959.7,99383.8588
002549.SZ,20160620,9.74,9.8,9.31,9.44,37558.23,35514.771
300508.SZ,20160620,198.0,212.36,190.63,212.36,40309.56,823366.8703
300261.SZ,20160620,10.96,11.94,10.68,11.94,61645.74,70523.5912
601311.SH,20160620,19.8,20.12,19.23,19.86,272670.41,536259.815
600719.SH,20160620,7.67,7.89,7.59,7.84,94850.39,73452.735
300467.SZ,20160620,56.48,58.96,56.01,58.15,34096.08,196537.6214
600706.SH,20160620,17.93,18.09,17.35,17.7,41932.74,73886.81
002443.SZ,20160620,14.92,15.36,14.75,15.17,168493.96,253315.3549
603066.SH,20160620,44.89,46.3,44.0,45.99,19837.45,90165.671
000419.SZ,20160620,6.89,6.93,6.78,6.9,41639.13,28537.6333
600845.SH,20160620,18.42,18.45,17.77,17.98,32300.43,58259.02
600588.SH,20160620,18.2,18.58,17.82,18.44,126141.79,229644.657
600739.SH,20160620,15.33,15.35,15.18,15.28,83572.75,127487.234
300218.SZ,20160620,15.21,15.38,14.85,15.24,44703.74,67494.9237
601567.SH,20160620,14.0,14.06,13.82,14.04,16093.62,22445.743
600985.SH,20160620,10.56,10.61,10.35,10.56,33376.97,34920.714
000063.SZ,20160620,13.74,13.99,13.58,13.67,178798.53,244601.1342
002006.SZ,20160620,13.19,13.62,13.15,13.46,76415.38,103004.5217
300505.SZ,20160620,57.4,60.33,55.02,57.58,89178.69,518637.5953
600191.SH,20160620,12.45,12.48,12.11,12.37,24036.08,29527.263
000590.SZ,20160620,21.4,21.89,20.8,21.47,39125.46,83707.1977
600827.SH,20160620,12.24,12.29,12.02,12.11,67747.13,81966.628
002268.SZ,20160620,32.75,33.6,32.49,33.45,122920.77,406266.0104
000403.SZ,20160620,31.01,31.8,30.5,30.58,59200.78,183333.9622
600055.SH,20160620,26.98,27.05,26.51,26.82,18124.1,48392.22
600268.SH,20160620,7.46,7.71,7.38,7.7,141226.77,107233.18
300049.SZ,20160620,21.1,21.37,20.71,21.24,26938.57,56555.4412
603131.SH,20160620,28.31,28.31,28.31,28.31,162.0,458.622
000778.SZ,20160620,4.72,4.74,4.68,4.71,160249.6,75333.9047
000006.SZ,20160620,7.14,7.19,7.06,7.13,102545.71,73067.0025
300353.SZ,20160620,19.62,20.6,19.58,20.0,224709.76,453204.1165
300243.SZ,20160620,14.53,14.84,14.3,14.79,28835.62,42130.4058
600282.SH,20160620,2.34,2.35,2.31,2.35,235604.71,54783.184
601601.SH,20160620,27.1,27.2,27.0,27.11,45620.14,123660.705
600333.SH,20160620,8.6,8.9,8.52,8.72,134344.57,117417.575
600071.SH,20160620,25.19,27.71,25.19,27.71,122578.45,330568.395
600617.SH,20160620,11.79,12.15,11.67,11.84,36568.35,43299.981
000795.SZ,20160620,9.84,10.15,9.7,9.96,697614.83,695502.8841
002723.SZ,20160620,25.3,26.25,25.15,26.15,111581.78,287641.5767
600881.SH,20160620,4.62,4.72,4.61,4.69,182277.93,85247.587
600435.SH,20160620,24.8,25.19,24.3,25.13,240624.57,598043.116
300233.SZ,20160620,26.24,26.24,25.28,25.83,21818.45,55694.977
000736.SZ,20160620,13.4,13.58,13.09,13.24,22861.75,30369.8567
002644.SZ,20160620,10.51,10.56,10.41,10.53,42277.56,44324.9772
002238.SZ,20160620,14.38,14.38,13.86,14.13,34717.43,48747.8319
300135.SZ,20160620,5.3,5.34,5.16,5.22,154274.47,80426.0195
300214.SZ,20160620,7.34,7.41,7.25,7.38,54220.52,39733.1427
600217.SH,20160620,7.45,7.62,7.24,7.49,82442.3,61540.65
000692.SZ,20160620,5.41,5.43,5.32,5.41,51273.11,27584.3543
600299.SH,20160620,13.88,14.17,13.51,14.04,77255.97,106993.146
002230.SZ,20160620,32.15,32.42,31.27,31.98,268107.89,851274.8757
002650.SZ,20160620,7.4,7.4,7.09,7.3,309498.91,223370.6247
000627.SZ,20160620,7.55,7.65,7.44,7.48,98805.92,74141.6981
600093.SH,20160620,12.09,12.33,12.03,12.26,36455.45,44574.154
600655.SH,20160620,11.16,11.16,10.82,10.93,87640.17,95972.731
600682.SH,20160620,26.37,27.24,26.0,26.58,72248.57,193048.216
600009.SH,20160620,26.3,26.56,26.12,26.27,46088.03,120858.841
002763.SZ,20160620,34.11,34.98,33.5,34.78,36982.65,127076.2907
300498.SZ,20160620,36.25,36.43,35.83,36.19,40003.32,144479.4421
601169.SH,20160620,10.36,10.38,10.28,10.32,185284.34,190932.988
600219.SH,20160620,7.69,7.72,7.49,7.55,503411.38,380655.233
002476.SZ,20160620,7.58,7.72,7.34,7.72,112217.29,84352.0425
600499.SH,20160620,16.28,16.65,15.92,16.52,207333.61,336684.286
300376.SZ,20160620,27.46,27.75,26.5,27.15,59765.17,161343.0487
600724.SH,20160620,5.03,5.09,4.94,5.06,56125.76,28111.994
600795.SH,20160620,2.92,2.92,2.9,2.91,267089.67,77692.514
600077.SH,20160620,4.63,4.65,4.49,4.62,124321.01,56951.151
000529.SZ,20160620,8.05,8.14,7.91,8.01,25029.38,19989.0672
601608.SH,20160620,5.39,5.48,5.34,5.44,166354.03,89916.978
600088.SH,20160620,22.8,23.0,22.47,22.87,24694.28,56157.086
000539.SZ,20160620,5.14,5.15,5.11,5.14,45501.91,23304.799
600185.SH,20160620,5.92,5.95,5.8,5.91,121190.08,71281.657
002696.SZ,20160620,16.48,17.89,16.4,17.59,59991.74,103684.9731
601901.SH,20160620,7.11,7.15,6.98,7.14,495502.35,350193.437
000662.SZ,20160620,19.55,19.55,18.8,19.0,19930.31,37960.2429
002719.SZ,20160620,43.8,46.49,43.8,45.59,51149.6,230495.7883
600575.SH,20160620,4.48,4.48,4.32,4.38,71475.69,31252.761
000980.SZ,20160620,10.99,11.4,10.81,11.17,500448.56,556172.5337
300132.SZ,20160620,7.82,7.83,7.62,7.7,47582.74,36650.365
002680.SZ,20160620,37.99,37.99,37.21,37.72,11935.83,44715.2475
002018.SZ,20160620,9.17,9.24,8.93,9.13,392016.09,356611.6997
000005.SZ,20160620,7.82,7.87,7.61,7.85,264474.64,205652.4415
601996.SH,20160620,7.57,7.57,7.0,7.4,48062.11,35499.011
000881.SZ,20160620,21.0,21.05,20.02,20.74,82110.02,167986.266
002133.SZ,20160620,6.1,6.13,5.99,6.1,83061.75,50442.5575
000616.SZ,20160620,5.38,5.43,5.31,5.38,183957.76,98482.2153
002042.SZ,20160620,9.53,9.85,9.53,9.84,56143.1,54824.5653
600735.SH,20160620,13.18,13.53,13.1,13.31,80930.01,107820.968
000521.SZ,20160620,5.86,5.97,5.81,5.88,79808.42,47019.8381
300414.SZ,20160620,33.75,35.27,33.53,35.09,25734.34,89014.6096
002689.SZ,20160620,7.76,7.88,7.51,7.75,69000.56,53034.9719
603588.SH,20160620,27.02,27.1,26.58,26.72,27345.81,73069.633
300377.SZ,20160620,47.1,47.77,44.55,47.35,189322.17,871272.1665
002609.SZ,20160620,16.7,17.1,16.33,17.1,104214.07,174204.9532
601866.SH,20160620,4.08,4.11,4.02,4.06,342291.55,138499.178
002716.SZ,20160620,17.79,18.38,17.04,17.52,355350.97,626102.3744
000060.SZ,20160620,10.45,10.54,10.18,10.32,312394.76,321767.8638
300183.SZ,20160620,26.2,27.85,26.2,27.32,202794.37,549389.2016
002356.SZ,20160620,23.46,24.2,23.18,23.76,32553.41,77143.1787
002231.SZ,20160620,13.35,13.46,13.09,13.32,48270.04,64123.5733
600984.SH,20160620,8.52,8.59,8.1,8.23,52528.7,43430.91
002323.SZ,20160620,11.7,11.86,11.37,11.8,72036.82,83479.0545
002014.SZ,20160620,15.78,16.25,15.68,16.2,61508.68,98547.6062
600864.SH,20160620,10.62,10.63,10.4,10.56,39329.62,41381.169
300064.SZ,20160620,9.9,10.1,9.76,10.01,79196.06,78768.8309
000100.SZ,20160620,3.28,3.4,3.25,3.36,1042370.72,346784.4966
300258.SZ,20160620,14.85,15.32,14.6,15.25,68579.42,102588.3176
600197.SH,20160620,14.31,14.84,14.19,14.59,217972.63,317729.119
300031.SZ,20160620,24.4,24.6,23.45,23.77,75937.33,180643.7693
002505.SZ,20160620,4.17,4.25,4.03,4.19,1765094.26,732909.6471
002348.SZ,20160620,6.48,6.54,6.34,6.44,76677.76,49175.2491
002666.SZ,20160620,8.33,8.4,8.22,8.33,37294.6,30958.8764
002258.SZ,20160620,8.75,9.6,8.68,9.37,100759.22,91770.7802
002183.SZ,20160620,13.89,13.97,13.51,13.73,380327.1,521492.1739
002261.SZ,20160620,12.92,13.07,12.68,12.95,92034.26,118169.02
000503.SZ,20160620,42.0,42.65,41.53,41.8,112132.85,470591.6236
300290.SZ,20160620,15.06,15.22,14.63,15.16,79286.83,118559.2401
300448.SZ,20160620,35.85,37.03,34.87,36.0,79707.17,286827.0914
600791.SH,20160620,6.89,6.93,6.71,6.87,46779.45,31882.87
600603.SH,20160620,11.86,12.68,11.77,12.65,38429.76,46989.369
000420.SZ,20160620,6.42,6.47,6.33,6.47,26149.19,16745.6134
603698.SH,20160620,26.55,26.76,26.21,26.73,20712.81,54889.037
002467.SZ,20160620,13.98,14.6,13.78,14.57,303807.53,434771.1037
000793.SZ,20160620,9.46,9.67,9.3,9.52,262598.84,249088.5061
002023.SZ,20160620,14.8,15.77,14.63,15.72,219147.14,337190.6843
600835.SH,20160620,18.99,19.06,18.74,18.94,31040.97,58486.849
002780.SZ,20160620,73.01,77.77,73.01,75.61,33180.68,249454.5274
300188.SZ,20160620,24.35,24.97,23.83,24.71,126288.84,307163.048
000061.SZ,20160620,12.06,12.35,11.98,12.28,98532.25,120028.2324
002563.SZ,20160620,10.95,10.99,10.69,10.76,82683.98,89450.5152
300459.SZ,20160620,28.09,28.19,27.11,27.69,38366.58,105589.8542
000797.SZ,20160620,14.18,14.39,14.01,14.27,47384.99,67431.3762
603158.SH,20160620,20.52,20.59,20.1,20.51,15824.56,32231.389
300146.SZ,20160620,13.37,13.44,13.03,13.2,150165.01,198104.3101
002517.SZ,20160620,41.49,41.56,39.89,41.29,17119.86,69653.2421
603996.SH,20160620,31.28,32.6,30.51,31.97,182218.13,580801.205
002145.SZ,20160620,6.5,6.55,6.2,6.37,687174.57,435249.7502
300229.SZ,20160620,20.05,20.29,19.6,20.09,57314.34,113897.0726
600479.SH,20160620,15.44,15.46,14.9,15.2,50924.39,76839.708
000906.SZ,20160620,11.35,11.37,11.07,11.24,21137.79,23631.5937
300161.SZ,20160620,30.23,31.47,29.9,30.5,60065.79,183578.2473
600637.SH,20160620,23.59,23.98,23.23,23.85,107968.31,254940.373
300255.SZ,20160620,7.94,7.96,7.67,7.93,57010.14,44758.6968
601390.SH,20160620,6.77,6.79,6.72,6.74,147105.27,99155.418
600712.SH,20160620,10.45,10.49,10.16,10.28,128234.77,131953.285
600216.SH,20160620,13.51,13.54,13.18,13.46,186232.36,248787.871
002427.SZ,20160620,19.4,19.66,18.8,19.45,79945.4,153128.7475
002796.SZ,20160620,60.0,63.3,57.8,60.92,63640.79,386614.687
601099.SH,20160620,5.99,6.01,5.9,5.98,343676.66,204825.676
000727.SZ,20160620,6.76,6.95,6.76,6.86,539638.11,369536.4852
002584.SZ,20160620,13.14,13.35,13.0,13.27,57583.11,75811.2689
002715.SZ,20160620,31.65,35.0,29.01,34.82,59517.97,188762.1787
002678.SZ,20160620,12.0,12.1,11.79,11.99,20799.9,24755.9085
600029.SH,20160620,7.08,7.3,7.05,7.29,518892.24,372590.504
600641.SH,20160620,12.74,12.89,12.56,12.81,35007.64,44472.013
600866.SH,20160620,6.12,6.24,6.12,6.12,38028.0,23288.614
000695.SZ,20160620,15.53,15.67,15.21,15.49,17845.42,27580.564
603026.SH,20160620,41.58,43.88,40.7,42.66,291858.43,1245996.699
000413.SZ,20160620,8.1,8.54,8.06,8.47,1111646.64,924717.5493
600300.SH,20160620,5.86,5.87,5.74,5.8,88414.73,51199.906
000878.SZ,20160620,10.19,10.19,9.92,10.02,197421.38,197847.5625
601179.SH,20160620,5.12,5.13,5.03,5.06,97484.06,49249.553
600675.SH,20160620,5.05,5.12,5.0,5.08,71688.84,36266.409
002386.SZ,20160620,7.36,7.47,7.21,7.44,79019.3,57808.4858
600210.SH,20160620,6.3,6.42,6.13,6.17,1572550.6,981137.203
600650.SH,20160620,31.43,31.55,30.37,30.58,107378.89,329199.193
000681.SZ,20160620,22.2,22.32,21.65,21.92,45527.03,99461.037
002191.SZ,20160620,11.5,11.86,11.25,11.37,754416.92,869337.2385
002724.SZ,20160620,21.78,21.99,21.35,21.76,30304.47,65500.6208
000930.SZ,20160620,11.0,11.16,10.9,10.97,158400.38,174408.4054
002096.SZ,20160620,14.76,15.36,14.72,15.14,35366.62,53347.5178
000862.SZ,20160620,7.3,7.32,7.06,7.2,58233.06,41724.7035
600488.SH,20160620,6.23,6.25,6.01,6.1,164277.27,99965.694
300410.SZ,20160620,49.0,49.1,47.0,47.9,82981.31,399170.2533
002557.SZ,20160620,19.5,19.55,18.86,19.12,60487.94,115582.7656
000593.SZ,20160620,13.12,13.46,12.88,13.18,58577.76,77333.6265
002362.SZ,20160620,24.01,25.28,24.01,25.25,113156.03,280407.1476
002264.SZ,20160620,8.3,8.32,8.0,8.09,152453.98,123517.882
600861.SH,20160620,13.48,13.5,13.13,13.36,23412.33,31053.018
603077.SH,20160620,4.99,5.02,4.91,4.95,269773.45,133823.232
002032.SZ,20160620,33.9,33.96,33.3,33.87,27358.64,91936.8358
000584.SZ,20160620,8.95,9.2,8.83,9.08,146660.69,131952.6175
002475.SZ,20160620,19.15,19.41,18.8,19.12,68458.93,130954.1287
300476.SZ,20160620,25.9,26.5,25.0,26.5,129910.39,336078.7403
000017.SZ,20160620,10.17,10.24,9.99,10.14,55510.9,56067.479
600663.SH,20160620,23.7,23.77,22.75,23.26,82924.44,191534.206
600100.SH,20160620,14.82,14.92,14.48,14.71,489690.9,717241.234
000663.SZ,20160620,11.69,12.0,11.66,11.94,29135.78,34367.7681
600538.SH,20160620,11.03,11.75,10.81,11.57,100056.3,114305.121
000791.SZ,20160620,12.68,12.68,11.5,11.87,122902.74,144929.058
002527.SZ,20160620,14.86,14.95,14.62,14.88,36259.13,53481.0823
000812.SZ,20160620,9.68,9.72,9.49,9.54,79528.58,76181.9189
300068.SZ,20160620,23.6,24.02,23.15,23.78,219847.78,520579.9209
603311.SH,20160620,21.1,21.66,20.9,21.57,21589.88,46063.183
603308.SH,20160620,26.99,27.19,26.5,26.73,56846.15,151821.52
002670.SZ,20160620,25.64,26.4,25.21,26.4,28294.12,73577.3574
002254.SZ,20160620,13.43,13.48,13.17,13.3,40780.4,54103.0784
600987.SH,20160620,12.0,12.02,11.7,11.93,54886.2,65486.59
600784.SH,20160620,8.29,8.34,8.01,8.26,125057.66,102387.778
000990.SZ,20160620,17.41,17.98,16.8,17.81,183409.31,321574.2558
002001.SZ,20160620,20.25,20.36,19.82,20.24,192690.74,386758.944
600525.SH,20160620,14.03,14.18,13.74,13.86,120620.48,167087.466
300468.SZ,20160620,80.0,88.0,78.02,88.0,56478.59,470165.4167
300209.SZ,20160620,22.33,22.98,22.21,22.67,45942.14,103915.697
000526.SZ,20160620,49.0,49.49,47.47,47.79,23489.35,112609.8444
000811.SZ,20160620,10.82,10.94,10.71,10.85,32180.63,34792.8036
002033.SZ,20160620,12.49,12.61,12.31,12.52,50594.09,63042.7691
603227.SH,20160620,18.06,18.39,17.73,18.28,30541.59,55273.454
000978.SZ,20160620,10.23,10.25,10.11,10.19,21177.52,21578.4573
002619.SZ,20160620,14.5,14.79,14.4,14.57,142568.25,207756.2598
600192.SH,20160620,10.9,11.12,10.5,10.85,489475.08,523168.252
000581.SZ,20160620,19.71,19.82,19.17,19.65,72872.33,141936.4756
603726.SH,20160620,47.5,50.26,46.8,48.6,72181.47,352831.482
300164.SZ,20160620,7.76,7.79,7.59,7.7,50371.55,38537.9093
000851.SZ,20160620,11.85,11.97,11.63,11.94,146165.62,173005.4227
300095.SZ,20160620,11.62,12.52,11.59,12.52,104270.54,126962.5847
600755.SH,20160620,7.99,8.1,7.89,8.04,251625.85,201865.283
300196.SZ,20160620,36.4,36.66,36.01,36.31,31306.76,113665.7426
002095.SZ,20160620,51.09,51.56,50.31,50.99,31749.81,161368.4535
002026.SZ,20160620,12.52,12.6,12.17,12.38,89018.52,109439.9028
603616.SH,20160620,28.01,28.39,27.51,28.2,27017.5,75461.828
600081.SH,20160620,16.01,16.38,16.01,16.3,38954.91,63171.746
000799.SZ,20160620,23.71,24.08,22.86,23.69,176045.14,413857.3238
600779.SH,20160620,15.7,16.02,15.32,15.88,119585.49,187481.999
002341.SZ,20160620,22.0,22.16,21.37,22.09,490185.68,1066390.9238
000043.SZ,20160620,7.63,7.77,7.48,7.69,67270.6,51283.024
600249.SH,20160620,6.8,6.86,6.6,6.84,54307.5,36661.624
000876.SZ,20160620,17.14,17.42,17.09,17.3,131663.69,227394.7884
601789.SH,20160620,11.25,11.36,10.79,10.98,140416.82,154507.153
000729.SZ,20160620,7.7,7.74,7.5,7.62,121240.71,91874.7341
601012.SH,20160620,13.13,13.17,12.74,12.97,193025.98,248754.52
002128.SZ,20160620,7.19,7.26,7.15,7.2,97983.64,70472.0223
000502.SZ,20160620,18.98,19.45,18.66,19.18,27321.44,52120.9534
002614.SZ,20160620,11.75,11.8,11.5,11.6,33155.67,38439.786
300192.SZ,20160620,11.99,12.19,11.6,12.05,69414.02,82253.1583
600509.SH,20160620,7.25,7.46,7.13,7.45,77602.83,56751.605
002270.SZ,20160620,15.1,15.27,14.89,15.14,36948.15,55541.7094
000739.SZ,20160620,6.17,6.23,6.12,6.2,55127.17,34069.4278
600468.SH,20160620,12.68,12.79,12.35,12.61,46858.18,58806.296
002483.SZ,20160620,10.58,10.8,10.28,10.79,60618.39,64161.5488
600461.SH,20160620,13.03,13.2,12.9,13.09,25213.95,32907.605
002616.SZ,20160620,20.5,20.57,20.19,20.33,19935.58,40514.8679
002135.SZ,20160620,7.84,7.87,7.66,7.76,82786.51,64155.2003
002470.SZ,20160620,7.78,8.18,7.71,8.06,266713.19,213930.2872
600354.SH,20160620,8.17,8.18,7.81,7.99,167383.38,133056.145
000887.SZ,20160620,22.17,22.26,21.64,21.9,98570.48,215440.4273
002730.SZ,20160620,15.7,15.87,15.05,15.58,30278.35,46833.539
600250.SH,20160620,11.75,11.92,11.46,11.68,89618.5,103612.674
600819.SH,20160620,6.16,6.22,6.11,6.21,32711.96,20151.614
600306.SH,20160620,12.29,12.29,12.29,12.29,17573.0,21597.217
002421.SZ,20160620,14.88,14.99,14.58,14.89,94605.99,139980.626
002582.SZ,20160620,35.18,35.2,33.88,34.34,33970.83,117413.1419
600292.SH,20160620,12.33,12.42,12.21,12.36,62922.89,77453.874
000712.SZ,20160620,18.5,18.59,18.15,18.32,101467.68,185614.1743
603355.SH,20160620,36.15,37.37,35.85,37.27,24270.63,89644.793
002105.SZ,20160620,9.15,9.25,8.9,9.0,62096.44,56021.1958
000798.SZ,20160620,12.68,12.83,12.26,12.42,123586.37,153731.2648
002694.SZ,20160620,15.32,16.1,14.36,15.7,121501.28,184779.6267
600019.SH,20160620,5.03,5.03,4.98,5.01,221028.94,110490.19
300375.SZ,20160620,24.72,25.1,24.02,24.91,32262.1,79192.8466
000568.SZ,20160620,28.7,29.12,28.01,28.85,139936.05,400032.8659
300039.SZ,20160620,9.74,10.04,9.67,9.97,165475.02,163802.8491
002211.SZ,20160620,10.8,11.19,10.63,10.65,262867.4,283793.9033
002556.SZ,20160620,13.52,13.95,13.43,13.81,145179.58,199862.5788
600893.SH,20160620,33.86,33.96,33.35,33.7,50473.09,169451.646
600189.SH,20160620,10.5,10.78,10.5,10.71,42489.05,45384.481
002521.SZ,20160620,9.43,9.58,9.26,9.5,212298.8,200100.9999
600853.SH,20160620,5.14,5.17,5.07,5.15,51111.9,26186.234
002391.SZ,20160620,14.25,14.62,14.25,14.48,112430.59,162766.7617
300118.SZ,20160620,17.8,18.1,17.64,17.97,216685.62,387528.6315
002179.SZ,20160620,42.99,43.76,42.48,43.68,62848.36,271804.3397
600026.SH,20160620,5.97,5.98,5.83,5.9,132082.66,77699.265
002063.SZ,20160620,13.55,14.14,13.33,14.07,279159.32,384296.847
300291.SZ,20160620,22.0,22.26,21.56,21.9,41414.82,90363.3486
002479.SZ,20160620,10.79,10.8,10.44,10.67,55749.66,59102.222
601808.SH,20160620,12.3,12.33,12.16,12.2,26003.25,31757.049
002776.SZ,20160620,30.98,31.2,30.1,30.89,23652.47,72614.8643
600012.SH,20160620,14.09,14.15,13.82,14.13,85605.25,119479.428
000703.SZ,20160620,9.41,9.55,9.34,9.44,69965.39,65935.3366
603828.SH,20160620,30.85,31.25,30.3,31.03,24156.59,74490.624
600685.SH,20160620,24.29,24.29,23.57,23.99,22306.31,53187.84
600761.SH,20160620,9.74,9.78,9.6,9.76,32885.95,31863.67
002351.SZ,20160620,14.09,14.5,13.18,13.9,360521.08,497087.7347
300189.SZ,20160620,5.34,5.36,5.22,5.28,123807.54,65217.9146
603118.SH,20160620,37.09,38.15,36.56,37.94,83142.55,312379.21
300248.SZ,20160620,25.1,25.7,24.81,25.44,96782.31,244381.0241
600266.SH,20160620,11.65,11.68,11.52,11.68,83774.26,97411.142
600523.SH,20160620,16.78,17.15,16.61,17.09,40369.28,68127.24
002293.SZ,20160620,12.89,12.89,12.54,12.76,28298.72,35987.5401
300374.SZ,20160620,21.68,21.74,20.6,21.2,24272.62,50805.6833
603609.SH,20160620,16.08,17.1,16.01,16.89,115190.56,192108.902
002472.SZ,20160620,21.86,22.48,21.6,22.15,52493.66,115829.1671
000422.SZ,20160620,6.02,6.13,5.95,6.08,92765.05,56312.4565
600798.SH,20160620,4.85,4.88,4.77,4.8,66352.83,31856.651
002027.SZ,20160620,29.2,29.8,29.13,29.64,34844.33,102657.7666
002679.SZ,20160620,20.9,20.99,19.51,20.22,64133.83,127987.0113
002067.SZ,20160620,7.86,7.93,7.63,7.88,462255.75,359886.6917
000721.SZ,20160620,7.42,7.44,7.07,7.15,199108.33,142826.2684
600824.SH,20160620,5.83,5.88,5.78,5.83,60241.81,35023.909
600115.SH,20160620,6.98,7.04,6.87,6.97,368664.76,256521.153
300431.SZ,20160620,59.05,59.48,56.0,58.8,145297.64,843680.1456
002533.SZ,20160620,13.2,13.75,12.85,13.65,756424.33,1010718.1687
600426.SH,20160620,11.38,11.83,11.38,11.8,122968.19,143221.399
300503.SZ,20160620,75.66,76.37,69.31,70.35,122280.46,890406.7703
300072.SZ,20160620,26.24,26.3,25.79,26.3,75090.35,194990.5898
000856.SZ,20160620,11.32,12.1,11.32,11.92,28329.46,33073.6648
600082.SH,20160620,5.69,5.71,5.5,5.65,58632.15,32818.872
603789.SH,20160620,28.35,28.69,27.97,28.66,16525.5,46961.328
600508.SH,20160620,9.08,9.12,8.91,9.0,32881.18,29605.79
002583.SZ,20160620,11.25,11.55,11.0,11.17,270249.92,305354.9658
300117.SZ,20160620,6.5,6.64,6.43,6.6,295298.24,192573.7776
002094.SZ,20160620,26.1,26.79,26.1,26.63,24430.5,64514.8896
300020.SZ,20160620,15.82,16.08,15.44,15.96,151008.87,238517.9756
600486.SH,20160620,27.57,27.87,27.35,27.65,37441.1,103398.254
600552.SH,20160620,19.81,21.18,19.25,21.01,149735.54,303360.837
002457.SZ,20160620,9.86,9.98,9.61,9.97,61569.79,60418.9999
601899.SH,20160620,3.42,3.43,3.34,3.38,1504203.66,506563.838
000040.SZ,20160620,11.45,11.59,11.21,11.3,44038.38,49838.8214
600651.SH,20160620,11.55,11.7,11.24,11.61,155500.2,178459.151
600004.SH,20160620,12.07,12.09,11.94,12.06,34965.55,41943.149
002703.SZ,20160620,23.69,23.83,23.16,23.36,45984.51,107824.1452
000558.SZ,20160620,15.54,15.67,15.21,15.41,106084.45,162633.2467
600356.SH,20160620,10.53,10.53,10.22,10.35,35203.42,36323.261
600138.SH,20160620,19.35,19.58,19.35,19.52,79562.13,155120.479
300272.SZ,20160620,15.0,15.09,14.72,15.02,33901.97,50506.0397
002749.SZ,20160620,75.6,83.75,75.6,81.78,23990.42,193497.8812
600733.SH,20160620,38.75,39.18,38.22,38.4,14096.36,54338.025
300337.SZ,20160620,7.7,8.01,7.63,8.0,129025.14,100957.388
002173.SZ,20160620,19.65,19.98,19.49,19.95,17011.0,33563.2032
600623.SH,20160620,19.31,19.58,18.8,19.14,15577.03,29742.036
600125.SH,20160620,6.14,6.18,6.08,6.17,70170.22,43116.697
002381.SZ,20160620,13.26,13.47,13.05,13.11,65546.85,86556.5941
300085.SZ,20160620,27.81,27.84,27.01,27.33,125427.96,342547.2687
601021.SH,20160620,51.97,52.35,50.9,51.32,19437.78,99533.578
300270.SZ,20160620,15.25,15.82,15.17,15.78,78948.1,123136.3396
002403.SZ,20160620,16.9,17.1,16.1,16.15,170075.93,281390.9145
600184.SH,20160620,21.39,21.44,21.02,21.34,15478.75,32895.73
300197.SZ,20160620,12.6,12.69,12.4,12.62,39187.69,49074.1438
603766.SH,20160620,18.59,19.58,18.37,19.45,251824.95,478293.64
002040.SZ,20160620,12.31,12.78,12.13,12.66,99380.01,124187.2274
002726.SZ,20160620,15.38,15.6,15.11,15.3,74106.7,113397.5032
000523.SZ,20160620,10.23,10.23,10.02,10.18,22966.85,23269.3059
002198.SZ,20160620,9.42,9.57,9.3,9.46,36024.4,33917.9452
600262.SH,20160620,27.19,27.37,26.55,26.82,6439.53,17253.14
002418.SZ,20160620,9.92,10.45,9.65,10.28,657433.28,663332.7638
600104.SH,20160620,20.19,20.3,20.16,20.29,52105.99,105374.894
002008.SZ,20160620,23.01,23.27,22.71,23.21,175698.29,405275.3398
600027.SH,20160620,5.27,5.3,5.26,5.3,120908.5,63931.327
300194.SZ,20160620,18.42,19.2,18.41,19.0,38542.01,72960.1119
300219.SZ,20160620,14.98,15.3,14.71,15.02,145328.51,218200.3348
300054.SZ,20160620,23.85,25.88,23.35,25.09,118612.76,293730.7043
300415.SZ,20160620,16.05,16.6,16.05,16.41,57431.4,94129.2294
300490.SZ,20160620,27.96,29.86,27.96,29.77,122507.96,357817.1177
002004.SZ,20160620,8.96,9.05,8.9,9.01,147778.23,132622.8146
600079.SH,20160620,15.81,16.16,15.81,16.03,88570.23,141569.828
600792.SH,20160620,5.09,5.1,4.99,5.01,64889.58,32546.825
300156.SZ,20160620,17.07,17.42,17.0,17.2,54682.61,94136.8365
300123.SZ,20160620,13.83,13.83,13.36,13.61,47779.54,64816.6248
600200.SH,20160620,18.41,18.77,18.31,18.51,154648.39,286944.99
603309.SH,20160620,25.78,25.97,25.33,25.69,21637.13,55417.047
000789.SZ,20160620,6.03,6.05,5.95,6.02,43143.47,25856.5789
601111.SH,20160620,7.07,7.1,6.96,7.09,164239.51,115275.357
000430.SZ,20160620,11.06,11.19,10.94,11.14,22531.83,24940.3244
600462.SH,20160620,6.95,7.07,6.82,7.01,97776.42,67583.564
600758.SH,20160620,10.05,10.11,9.68,10.08,34448.78,34042.047
600054.SH,20160620,24.07,24.35,23.55,24.28,22514.57,53933.443
600891.SH,20160620,12.93,13.17,12.53,12.85,333038.67,427466.002
002308.SZ,20160620,15.12,15.37,14.92,15.26,64258.6,97472.8169
603015.SH,20160620,28.4,28.6,27.41,28.29,53282.62,148814.733
600869.SH,20160620,11.0,11.47,10.69,10.93,567506.21,626812.411
000838.SZ,20160620,10.85,11.18,10.66,11.18,259150.65,285741.0872
002285.SZ,20160620,7.7,7.7,7.48,7.62,100569.07,76334.0158
300273.SZ,20160620,17.31,17.66,16.98,17.47,128390.07,222793.6657
300394.SZ,20160620,35.23,36.64,34.15,36.3,39078.16,139619.7848
300204.SZ,20160620,17.02,17.21,16.72,16.98,29721.68,50211.1587
300407.SZ,20160620,18.17,18.82,17.52,18.75,53693.36,97883.7976
002079.SZ,20160620,9.41,9.92,9.28,9.78,582893.51,560786.0426
000428.SZ,20160620,6.29,6.29,6.12,6.26,65135.31,40452.5123
002340.SZ,20160620,8.99,9.17,8.69,8.9,1883161.37,1676627.1343
600297.SH,20160620,8.68,9.32,8.68,9.29,549525.01,496156.179
600765.SH,20160620,14.0,14.02,13.66,13.84,85745.26,118240.277
002453.SZ,20160620,8.41,8.43,8.16,8.43,83508.01,69133.2141
600188.SH,20160620,9.16,9.32,9.15,9.22,66253.22,61213.483
000519.SZ,20160620,11.65,11.65,11.37,11.48,133739.69,153562.8452
002201.SZ,20160620,12.5,12.8,12.31,12.67,63683.54,79927.7465
601985.SH,20160620,6.83,6.89,6.81,6.86,316521.07,216757.193
603718.SH,20160620,15.01,15.22,14.79,14.97,36106.48,53853.945
300249.SZ,20160620,9.23,9.46,9.05,9.24,73296.14,67718.3194
600502.SH,20160620,7.5,7.53,7.36,7.52,140687.91,104895.026
002727.SZ,20160620,21.8,21.96,21.36,21.75,28746.84,62119.9819
600319.SH,20160620,9.48,9.48,9.48,9.48,11965.0,11342.82
600101.SH,20160620,12.15,12.17,11.8,12.01,130388.76,155458.873
002722.SZ,20160620,34.15,36.38,34.15,35.3,84893.05,300899.147
002182.SZ,20160620,18.38,18.79,18.16,18.59,192692.53,357518.4409
300444.SZ,20160620,28.12,28.12,26.88,28.12,188777.13,524653.4974
000753.SZ,20160620,4.43,4.45,4.36,4.42,76146.65,33504.5699
300369.SZ,20160620,36.91,37.29,36.01,36.76,30012.54,109499.8003
600898.SH,20160620,12.5,12.5,12.0,12.26,57222.58,69671.366
600487.SH,20160620,12.19,12.34,11.91,12.3,118494.99,144001.316
002422.SZ,20160620,14.59,14.7,14.46,14.61,26839.35,39075.0709
600477.SH,20160620,6.83,6.9,6.72,6.82,62569.13,42418.043
601222.SH,20160620,32.9,35.52,32.9,35.25,107849.82,372664.095
002593.SZ,20160620,6.85,6.86,6.69,6.75,67760.87,45682.4039
601965.SH,20160620,9.09,9.37,8.99,9.14,119867.41,109771.705
600257.SH,20160620,11.2,11.39,10.8,11.14,159237.11,176069.962
300399.SZ,20160620,39.1,39.38,38.13,39.23,30961.59,120237.8462
601016.SH,20160620,9.82,9.87,9.64,9.75,42826.95,41725.168
600747.SH,20160620,4.22,4.25,4.12,4.22,180615.82,75500.73
000931.SZ,20160620,7.86,7.91,7.76,7.83,44941.59,35137.784
601801.SH,20160620,11.15,11.27,10.9,11.17,29134.18,32225.833
600288.SH,20160620,13.03,13.2,12.71,12.93,145569.81,187817.879
600148.SH,20160620,20.62,21.0,20.3,20.94,25673.56,53160.653
002676.SZ,20160620,24.7,24.97,23.71,24.0,38847.01,93649.4998
600971.SH,20160620,5.4,5.46,5.32,5.37,198527.02,106894.206
600645.SH,20160620,34.27,34.3,33.01,33.81,109561.21,367599.693
002216.SZ,20160620,8.3,8.35,8.15,8.28,26705.59,22017.6124
600687.SH,20160620,16.04,16.07,15.65,15.89,95803.0,151745.287
002163.SZ,20160620,6.81,6.84,6.59,6.78,134509.74,90051.6817
600137.SH,20160620,27.3,29.0,27.3,28.43,36131.09,101288.98
000925.SZ,20160620,19.61,20.37,19.37,19.85,141278.31,281634.5228
002051.SZ,20160620,19.2,19.29,18.7,18.96,46162.09,87718.3746
300122.SZ,20160620,14.65,14.78,14.33,14.52,59015.44,85362.1017
002245.SZ,20160620,13.89,14.13,13.5,13.8,492740.23,680160.4292
000615.SZ,20160620,17.46,17.67,17.1,17.41,38321.93,66396.891
002602.SZ,20160620,18.95,19.16,18.65,19.08,46982.5,88806.3268
002459.SZ,20160620,15.7,16.57,15.7,16.21,42887.0,69661.6205
002738.SZ,20160620,20.7,21.19,20.3,20.81,67595.45,139754.3408
600783.SH,20160620,20.71,20.84,20.22,20.45,59507.2,121773.968
601116.SH,20160620,11.3,11.49,11.01,11.39,35514.79,40149.908
600057.SH,20160620,10.11,10.25,10.02,10.22,37818.16,38468.275
000882.SZ,20160620,4.09,4.11,3.99,4.05,228402.95,92139.8733
601877.SH,20160620,19.2,19.25,18.9,19.16,58233.03,110898.556
600777.SH,20160620,15.35,16.16,15.33,16.11,432330.1,691128.518
601100.SH,20160620,11.48,11.53,11.3,11.49,13868.31,15804.165
600213.SH,20160620,12.06,12.44,11.9,12.39,85385.63,104099.825
600067.SH,20160620,7.35,7.47,7.21,7.41,308548.72,226652.146
000673.SZ,20160620,11.8,11.82,11.63,11.73,51934.58,60725.948
600373.SH,20160620,19.8,20.25,19.77,20.22,51560.32,103637.057
600967.SH,20160620,9.99,10.0,9.81,9.92,70232.63,69483.923
000068.SZ,20160620,9.69,9.75,9.53,9.64,36966.17,35576.8357
000801.SZ,20160620,11.05,11.21,11.0,11.16,58932.03,65483.9058
601999.SH,20160620,9.22,9.23,9.01,9.19,32924.53,30030.769
002692.SZ,20160620,8.33,8.38,8.1,8.19,74063.8,60719.6217
600377.SH,20160620,8.7,8.82,8.65,8.75,104292.02,91025.205
601377.SH,20160620,7.15,7.19,7.08,7.16,667925.24,476649.653
000626.SZ,20160620,51.0,52.14,50.81,51.67,35508.93,182368.8513
300250.SZ,20160620,26.3,29.08,26.3,29.08,86731.67,246875.209
002144.SZ,20160620,18.75,18.84,18.39,18.77,36077.24,67299.5456
300352.SZ,20160620,16.67,16.84,16.28,16.73,88616.55,146577.6013
600668.SH,20160620,14.82,15.18,14.73,15.13,61293.76,92039.031
000779.SZ,20160620,22.97,23.88,22.11,23.38,79074.91,182978.2649
000025.SZ,20160620,52.2,52.38,49.1,50.81,34282.56,173616.4769
600660.SH,20160620,13.91,13.95,13.8,13.89,59145.63,82122.074
300011.SZ,20160620,22.1,22.85,21.97,22.12,61101.56,135835.799
603979.SH,20160620,23.01,23.65,22.66,23.44,39669.46,92065.458
002157.SZ,20160620,23.8,24.14,23.21,23.64,137947.06,326091.3685
002263.SZ,20160620,5.0,5.07,4.64,4.7,1488875.27,708969.8799
002335.SZ,20160620,44.45,47.08,44.23,47.08,67208.6,310167.9689
300494.SZ,20160620,46.0,46.93,43.16,45.89,117748.38,530721.6363
300138.SZ,20160620,16.65,16.97,16.42,16.54,64610.74,108039.969
001696.SZ,20160620,11.14,11.15,10.81,11.0,428956.11,471505.4161
002143.SZ,20160620,22.22,22.31,21.44,21.87,26098.28,56538.6997
300043.SZ,20160620,14.22,14.22,14.22,14.22,43207.0,61440.354
002786.SZ,20160620,29.9,30.63,29.0,29.98,177488.31,530705.4897
002372.SZ,20160620,14.44,14.82,14.18,14.46,120207.08,173778.6667
600116.SH,20160620,7.17,7.39,7.09,7.35,447268.44,325823.465
600601.SH,20160620,4.18,4.18,4.11,4.16,148793.09,61604.097
002553.SZ,20160620,12.71,12.95,12.49,12.86,55205.52,70196.686
300070.SZ,20160620,14.42,14.59,14.26,14.5,86083.43,124443.0955
600993.SH,20160620,18.85,19.04,18.5,18.98,97701.87,182958.773
600375.SH,20160620,5.47,5.51,5.4,5.49,82282.51,44925.869
000880.SZ,20160620,13.18,13.4,13.01,13.27,40877.39,53909.596
300516.SZ,20160620,84.02,84.02,84.02,84.02,765.41,6430.9748
600841.SH,20160620,12.88,12.91,12.5,12.81,21807.07,27622.956
002153.SZ,20160620,24.85,25.35,24.55,25.07,63052.86,157040.9984
000010.SZ,20160620,7.68,7.68,7.48,7.53,82763.42,62410.3101
002506.SZ,20160620,7.21,7.25,6.84,6.95,692241.71,482122.038
002631.SZ,20160620,26.57,27.74,26.02,26.96,373248.59,998948.7442
603608.SH,20160620,21.73,23.44,21.73,22.98,114650.68,259672.612
300211.SZ,20160620,12.76,12.88,12.31,12.8,52660.2,66557.2519
600352.SH,20160620,8.59,8.6,8.42,8.5,138249.83,117215.522
000711.SZ,20160620,19.1,19.92,18.7,19.63,58792.9,114745.9959
002711.SZ,20160620,28.54,28.73,27.91,28.43,73016.17,206989.1038
002005.SZ,20160620,5.81,5.94,5.72,5.86,276718.53,161281.8053
600312.SH,20160620,14.86,15.1,14.68,15.01,114971.75,171844.643
000069.SZ,20160620,6.38,6.49,6.28,6.43,192748.33,123362.6214
601339.SH,20160620,6.35,6.35,6.24,6.31,57399.66,36109.695
002146.SZ,20160620,6.88,6.92,6.75,6.92,124237.3,84770.7563
002800.SZ,20160620,38.31,38.31,38.31,38.31,734.11,2812.3754
600571.SH,20160620,50.0,51.28,49.78,50.15,65139.92,329147.989
300513.SZ,20160620,58.3,58.3,58.3,58.3,1167.0,6803.61
300458.SZ,20160620,105.1,116.24,102.1,116.24,74068.47,822219.851
300318.SZ,20160620,19.42,19.6,18.92,18.99,55266.75,105351.8645
300130.SZ,20160620,27.54,27.8,27.08,27.62,35936.25,98715.4311
600037.SH,20160620,14.9,14.96,14.61,14.77,126433.54,185967.625
000908.SZ,20160620,11.86,11.96,11.77,11.95,19163.64,22788.7323
002737.SZ,20160620,34.7,35.7,34.3,35.52,37191.61,130726.6368
300419.SZ,20160620,40.08,40.48,39.04,40.08,39086.15,154932.3954
600692.SH,20160620,13.99,14.69,13.97,14.59,123516.45,177730.82
603100.SH,20160620,13.68,14.24,13.61,14.06,85592.1,119576.301
002037.SZ,20160620,15.16,15.32,14.88,15.27,23013.29,34717.2689
603338.SH,20160620,45.9,47.68,45.31,47.44,30598.99,143926.181
600400.SH,20160620,9.65,9.82,9.5,9.64,124913.45,121019.635
603111.SH,20160620,13.28,13.37,13.0,13.15,70376.99,92442.357
600505.SH,20160620,8.66,8.78,8.52,8.69,21048.01,18150.127
600551.SH,20160620,18.17,18.77,18.17,18.68,72914.4,135350.468
002683.SZ,20160620,7.94,7.99,7.71,7.82,63550.28,49561.8178
002734.SZ,20160620,30.67,32.74,30.67,32.6,56330.79,180905.7467
002098.SZ,20160620,11.33,11.5,11.15,11.3,31321.33,35353.2646
000735.SZ,20160620,6.44,6.51,6.36,6.42,52994.67,33943.2741
002513.SZ,20160620,13.85,14.0,13.79,13.88,12686.9,17571.0077
000421.SZ,20160620,10.81,10.94,10.48,10.68,105966.43,112564.3995
600326.SH,20160620,7.96,8.08,7.91,8.01,50196.48,40069.771
002358.SZ,20160620,15.49,15.49,14.99,15.25,89709.37,136068.9897
600365.SH,20160620,12.95,13.2,12.61,13.12,207977.35,269407.499
300319.SZ,20160620,25.6,27.67,25.57,27.19,83536.04,223235.775
000828.SZ,20160620,8.87,8.9,8.78,8.86,30258.18,26723.4357
000683.SZ,20160620,2.61,2.62,2.58,2.6,135810.9,35301.6987
002420.SZ,20160620,8.67,8.67,8.33,8.5,52818.92,44562.771
300311.SZ,20160620,30.85,30.85,29.84,30.61,48069.0,146098.2117
600998.SH,20160620,16.79,16.87,16.62,16.78,16319.46,27325.683
002029.SZ,20160620,9.56,9.6,9.41,9.55,68121.36,64507.5648
600111.SH,20160620,13.98,14.03,13.6,13.79,508647.55,699827.206
600478.SH,20160620,12.42,12.67,12.21,12.58,300131.74,374626.92
002049.SZ,20160620,42.38,45.18,41.02,44.4,347036.13,1497618.677
002368.SZ,20160620,31.0,32.44,30.71,32.4,56802.98,180388.8506
000768.SZ,20160620,17.63,17.7,17.32,17.64,148023.5,259644.0259
000813.SZ,20160620,11.56,11.58,11.28,11.49,38859.17,44475.3006
300007.SZ,20160620,23.42,23.42,22.5,23.42,174516.72,406474.0173
000020.SZ,20160620,19.36,19.46,19.03,19.17,22403.93,42928.4409
600661.SH,20160620,27.6,27.88,27.31,27.59,25026.44,69083.791
601155.SH,20160620,9.2,9.2,9.06,9.14,81653.63,74478.107
600436.SH,20160620,38.94,39.9,38.72,39.61,73683.18,290406.215
600639.SH,20160620,19.82,20.0,19.31,19.64,108603.13,212374.965
600368.SH,20160620,4.91,4.94,4.84,4.92,48586.59,23723.98
600220.SH,20160620,4.82,4.83,4.66,4.74,810422.04,383285.513
300174.SZ,20160620,25.86,25.99,25.1,25.33,59831.81,152252.7863
000698.SZ,20160620,6.39,6.44,6.31,6.36,49049.78,31111.185
000829.SZ,20160620,12.78,13.24,12.77,12.93,323174.74,421825.2116
000820.SZ,20160620,17.07,17.15,16.31,16.68,188612.97,318160.1174
000548.SZ,20160620,7.59,7.66,7.53,7.6,46782.42,35468.0916
300195.SZ,20160620,17.0,17.15,16.65,17.09,58717.56,99337.1376
000637.SZ,20160620,6.58,6.59,6.4,6.54,73252.16,47465.2973
300151.SZ,20160620,13.88,14.28,13.35,13.99,280982.97,390010.0854
002174.SZ,20160620,29.0,29.0,27.6,28.16,104070.98,291943.2988
601198.SH,20160620,22.65,23.0,22.65,22.92,182446.83,416900.43
002514.SZ,20160620,13.16,13.82,13.08,13.55,322855.3,436937.7531
002236.SZ,20160620,12.75,13.06,12.72,12.97,132308.42,171340.2716
300463.SZ,20160620,26.5,26.8,26.11,26.48,83537.91,220551.9207
600999.SH,20160620,15.52,15.64,15.4,15.54,82210.64,127595.432
002520.SZ,20160620,13.79,14.35,13.77,13.99,71327.31,100016.6153
002223.SZ,20160620,31.07,31.16,30.5,30.97,48936.36,150413.9496
002792.SZ,20160620,55.99,58.95,54.5,57.67,91744.0,524901.1976
600870.SH,20160620,10.58,10.84,10.17,10.59,367568.01,383626.661
601628.SH,20160620,20.53,20.58,20.22,20.42,38817.36,79075.241
000687.SZ,20160620,18.16,18.37,17.94,18.32,72078.8,131334.2719
002136.SZ,20160620,16.13,16.29,15.52,15.92,85932.95,136008.8114
603126.SH,20160620,10.57,10.69,10.45,10.67,42680.77,45208.444
002589.SZ,20160620,27.8,28.45,27.8,28.09,25374.44,71297.9198
300275.SZ,20160620,21.38,21.8,20.9,21.23,51243.89,109644.4042
300090.SZ,20160620,7.81,7.89,7.66,7.75,122528.1,94870.1411
300506.SZ,20160620,49.05,51.87,47.14,50.77,99080.75,493066.3779
600370.SH,20160620,5.1,5.15,5.03,5.12,118374.95,60128.73
600320.SH,20160620,4.16,4.19,4.11,4.15,49344.87,20442.646
603167.SH,20160620,9.58,9.58,9.42,9.56,55072.64,52393.123
601020.SH,20160620,26.29,29.11,26.0,28.74,185178.31,518992.771
600261.SH,20160620,7.19,7.19,7.06,7.11,39155.71,27790.497
600515.SH,20160620,12.89,12.99,12.6,12.82,66243.94,84425.289
002739.SZ,20160620,75.5,75.97,73.7,74.98,73859.48,550565.2349
600721.SH,20160620,16.7,17.29,16.7,16.95,13936.38,23770.1
002147.SZ,20160620,15.15,15.65,15.15,15.62,34556.35,53607.9398
600518.SH,20160620,15.24,15.32,15.11,15.31,252569.73,384673.989
002222.SZ,20160620,14.81,15.3,14.8,14.95,255495.46,385070.7243
300347.SZ,20160620,28.2,28.74,28.2,28.62,19345.64,55058.4404
600536.SH,20160620,22.58,22.58,22.0,22.54,68391.03,152554.29
600076.SH,20160620,13.0,13.01,12.66,12.77,71655.26,91388.015
300380.SZ,20160620,45.66,46.49,44.25,46.1,53821.74,244883.9324
002758.SZ,20160620,27.41,27.63,26.88,27.45,20619.92,56233.2872
002053.SZ,20160620,26.0,26.26,25.51,25.84,31354.95,81380.6258
300496.SZ,20160620,75.0,76.5,71.64,73.5,163498.39,1204861.7095
600090.SH,20160620,12.85,13.15,12.6,12.98,81007.17,104314.492
002075.SZ,20160620,13.6,13.82,12.35,13.19,489527.44,641694.6147
002076.SZ,20160620,16.06,18.13,16.06,17.58,326653.45,570287.9467
002296.SZ,20160620,16.9,17.59,16.85,17.59,122665.69,212541.6939
002304.SZ,20160620,75.21,76.38,74.01,74.18,29961.02,223480.8238
601872.SH,20160620,4.83,4.83,4.75,4.78,114125.38,54472.02
300325.SZ,20160620,18.85,18.85,18.07,18.39,67292.13,123379.6645
601069.SH,20160620,22.45,22.47,21.93,22.18,147381.2,325790.31
000630.SZ,20160620,2.59,2.6,2.54,2.55,608192.34,155597.1254
002745.SZ,20160620,30.89,31.0,30.0,30.65,13283.58,40463.4403
600729.SH,20160620,24.63,24.79,24.1,24.61,65264.87,159354.657
002102.SZ,20160620,12.38,12.38,11.9,12.03,107664.26,129852.5313
600691.SH,20160620,3.18,3.22,3.11,3.15,191884.82,60329.289
002707.SZ,20160620,19.5,19.83,19.5,19.74,33900.89,66485.0398
002265.SZ,20160620,15.2,15.81,15.01,15.58,118885.27,184229.2454
300449.SZ,20160620,51.89,51.89,48.5,49.81,49043.38,243323.3379
300216.SZ,20160620,32.0,32.34,31.2,31.92,95103.0,301065.5261
600021.SH,20160620,10.3,10.34,10.18,10.23,38664.16,39561.99
300327.SZ,20160620,50.2,52.65,49.0,50.81,137209.93,699448.716
000935.SZ,20160620,6.4,6.48,6.22,6.34,48296.62,30677.4263
002253.SZ,20160620,34.9,35.78,34.11,35.26,81375.13,284035.0592
300363.SZ,20160620,23.06,23.53,22.53,22.89,58348.35,133923.4203
002275.SZ,20160620,18.4,18.4,17.7,18.29,30934.19,55939.3751
600022.SH,20160620,2.4,2.4,2.36,2.37,172309.99,40890.757
600611.SH,20160620,6.94,6.97,6.75,6.8,166742.45,113452.252
300495.SZ,20160620,53.8,55.98,52.03,53.13,100960.76,542379.8618
000650.SZ,20160620,7.28,7.37,7.23,7.32,111484.31,81343.6753
000585.SZ,20160620,5.8,6.1,5.58,5.98,204919.2,118800.6568
600702.SH,20160620,22.6,23.27,21.96,22.81,148449.93,336982.355
000592.SZ,20160620,6.7,6.74,6.51,6.58,149363.56,98302.2763
600406.SH,20160620,13.18,13.45,13.18,13.41,190369.39,254462.983
300384.SZ,20160620,48.2,49.29,46.82,49.05,25677.3,124110.6537
000591.SZ,20160620,14.17,14.34,14.01,14.12,22648.1,32024.6223
300324.SZ,20160620,21.13,21.4,20.35,20.54,102384.72,210942.7886
600753.SH,20160620,27.31,27.96,26.81,26.97,19286.78,52142.624
000404.SZ,20160620,8.68,8.99,8.56,8.84,152703.2,134929.7389
600108.SH,20160620,5.02,5.07,5.0,5.06,232715.87,117336.335
600459.SH,20160620,28.0,29.28,27.05,27.6,488687.94,1369603.219
002205.SZ,20160620,22.5,22.87,22.06,22.71,36894.44,82662.7715
300422.SZ,20160620,30.8,31.2,30.13,31.2,14341.87,43984.0241
002110.SZ,20160620,5.79,5.81,5.55,5.69,99072.84,56000.9873
600851.SH,20160620,13.55,13.65,13.11,13.4,115513.0,154448.985
002430.SZ,20160620,8.58,8.72,8.34,8.57,106953.3,91444.5023
600550.SH,20160620,5.82,5.83,5.73,5.82,46712.05,26951.186
603099.SH,20160620,17.57,17.87,17.55,17.81,24744.83,43918.616
600531.SH,20160620,8.52,8.85,8.4,8.49,479161.05,410824.751
600548.SH,20160620,7.89,7.94,7.75,7.93,28678.11,22464.238
002596.SZ,20160620,27.08,27.48,26.7,27.09,23556.83,63661.2301
300425.SZ,20160620,30.16,30.57,29.51,30.45,14618.19,44086.4271
002010.SZ,20160620,18.2,18.72,18.2,18.27,28130.95,51620.4427
000958.SZ,20160620,13.52,13.68,13.35,13.66,43016.42,58100.5092
601225.SH,20160620,4.54,4.68,4.53,4.63,213526.39,98496.4
300033.SZ,20160620,76.26,77.38,75.61,76.8,72139.31,550875.6802
300040.SZ,20160620,13.9,14.67,13.76,14.44,170132.93,242429.344
002655.SZ,20160620,15.04,15.1,14.56,14.99,98787.3,146237.0212
600609.SH,20160620,4.85,4.95,4.8,4.89,109903.71,53633.741
603599.SH,20160620,41.48,42.29,40.89,41.91,28770.87,119900.333
000609.SZ,20160620,12.45,12.78,12.0,12.69,79876.2,98322.4005
300440.SZ,20160620,31.0,31.08,30.03,30.9,41428.31,126851.3663
600298.SH,20160620,16.68,17.64,16.66,17.29,146881.24,253731.569
000150.SZ,20160620,26.37,26.58,26.0,26.37,28398.97,74416.5565
000949.SZ,20160620,3.96,3.97,3.9,3.96,70506.42,27761.7474
600838.SH,20160620,11.66,11.84,11.56,11.75,68202.24,79628.246
002454.SZ,20160620,16.58,17.23,16.35,17.23,96727.77,162801.8632
600390.SH,20160620,12.44,13.37,12.34,13.37,159083.85,209047.685
000050.SZ,20160620,20.15,21.42,20.03,21.28,492251.48,1022809.9474
000538.SZ,20160620,61.8,62.4,61.28,62.21,29450.11,182179.9086
600671.SH,20160620,31.99,31.99,29.35,31.02,31881.85,97167.633
300032.SZ,20160620,17.6,18.4,17.49,18.2,174870.18,314950.4247
300314.SZ,20160620,23.39,23.64,23.0,23.36,71644.84,166592.8129
002255.SZ,20160620,8.43,8.51,8.28,8.41,218010.25,183034.4393
002414.SZ,20160620,24.23,24.94,24.0,24.27,91332.32,222538.5196
600225.SH,20160620,5.47,5.65,5.47,5.56,33997.95,18904.553
000536.SZ,20160620,15.2,15.58,14.7,15.5,155231.01,236382.5127
600875.SH,20160620,9.74,9.78,9.61,9.75,103081.09,99804.837
600481.SH,20160620,5.57,5.6,5.54,5.59,63503.39,35362.73
002747.SZ,20160620,33.31,33.4,32.05,32.88,37436.64,122300.3329
300285.SZ,20160620,41.51,42.7,41.51,42.7,114361.05,487864.2059
002729.SZ,20160620,86.22,87.9,84.86,86.66,7453.84,64523.3761
002586.SZ,20160620,9.46,9.48,9.21,9.33,69771.54,64803.3737
300438.SZ,20160620,46.08,48.48,44.73,46.98,162703.86,757752.2835
600096.SH,20160620,9.91,10.46,9.86,10.28,361921.35,368764.79
002200.SZ,20160620,18.17,18.35,17.85,18.23,25509.87,46197.1471
002554.SZ,20160620,14.0,14.1,13.8,14.02,65252.88,91243.1751
002271.SZ,20160620,16.29,17.05,16.23,16.89,170685.96,285927.3995
601908.SH,20160620,6.5,6.7,6.38,6.66,100598.7,65875.967
002117.SZ,20160620,30.4,30.98,30.2,30.58,48912.99,149899.9097
601098.SH,20160620,18.03,18.03,17.46,17.85,33661.89,59628.214
002276.SZ,20160620,20.1,20.6,20.05,20.48,316033.67,642087.3029
600389.SH,20160620,13.8,14.2,13.78,14.06,33883.31,47433.139
600897.SH,20160620,20.9,21.0,20.72,20.97,11376.3,23765.491
600162.SH,20160620,6.41,6.47,6.34,6.46,29955.69,19177.487
601226.SH,20160620,9.22,9.34,9.18,9.32,39942.99,37021.723
600410.SH,20160620,10.46,10.57,10.11,10.5,136770.6,142151.474
600619.SH,20160620,11.86,12.14,11.6,11.74,21405.93,25114.217
300127.SZ,20160620,28.0,29.35,28.0,28.6,184759.42,531116.594
002661.SZ,20160620,16.15,16.17,15.82,16.0,26431.55,42175.3663
002725.SZ,20160620,22.39,23.03,22.2,23.03,48848.2,110465.7194
300433.SZ,20160620,92.7,93.68,89.9,92.2,57033.23,523617.4492
000576.SZ,20160620,14.93,15.1,14.38,14.71,54948.78,80597.2721
002343.SZ,20160620,45.45,45.45,44.03,44.5,18904.58,84188.8321
601988.SH,20160620,3.31,3.33,3.31,3.32,850959.13,282276.223
002338.SZ,20160620,50.99,52.51,50.55,52.32,14894.06,77203.7615
002180.SZ,20160620,25.62,25.9,24.9,25.48,22137.89,55986.2231
600572.SH,20160620,6.38,6.43,6.33,6.42,74655.31,47723.027
002698.SZ,20160620,19.53,19.8,19.13,19.34,58506.65,112982.5646
000657.SZ,20160620,15.65,15.87,15.14,15.44,85459.14,131534.6298
000780.SZ,20160620,5.15,5.54,5.13,5.33,702889.41,375192.899
002434.SZ,20160620,11.0,11.36,10.53,11.22,149369.15,163952.209
603798.SH,20160620,60.38,63.19,59.0,61.63,60816.21,374266.801
603686.SH,20160620,37.36,37.36,36.25,36.78,14539.23,53372.315
601928.SH,20160620,10.51,10.59,10.32,10.42,85316.64,89080.636
300201.SZ,20160620,15.49,15.65,15.02,15.5,69363.12,106866.2856
600722.SH,20160620,7.16,7.35,6.93,7.02,113274.07,80009.733
600860.SH,20160620,9.07,9.16,8.88,9.13,22352.13,20183.146
600279.SH,20160620,6.83,6.84,6.71,6.78,57960.31,39218.39
000603.SZ,20160620,17.77,17.77,17.25,17.55,75951.82,132797.1474
000631.SZ,20160620,4.84,4.84,4.73,4.79,73092.56,34912.0406
603108.SH,20160620,26.82,26.98,26.4,26.49,54608.99,145889.532
600083.SH,20160620,20.01,20.88,19.5,20.37,54946.8,109750.516
600716.SH,20160620,7.79,7.79,7.49,7.54,458201.06,351267.351
002044.SZ,20160620,14.17,14.17,13.57,13.85,79787.38,110127.6234
600900.SH,20160620,12.37,12.46,12.34,12.46,212502.35,263815.012
603166.SH,20160620,17.05,17.14,16.42,16.73,50271.09,83896.923
600053.SH,20160620,32.71,34.49,32.71,32.98,43823.01,146769.752
603333.SH,20160620,7.33,7.39,7.15,7.19,49953.64,35988.473
300025.SZ,20160620,12.01,12.42,11.99,12.07,127269.92,154163.5428
002456.SZ,20160620,28.0,29.38,28.0,29.21,361673.51,1045985.3495
002620.SZ,20160620,33.39,34.1,33.39,33.82,53052.57,179483.7384
600621.SH,20160620,9.49,9.5,9.31,9.46,38519.76,36274.23
002345.SZ,20160620,9.95,9.98,9.74,9.76,59917.12,58702.5896
601800.SH,20160620,10.57,10.57,10.47,10.54,61665.9,64849.523
000952.SZ,20160620,16.05,16.16,15.55,15.79,103401.43,162952.0546
000997.SZ,20160620,18.78,18.92,18.41,18.54,125854.13,233958.6797
600095.SH,20160620,9.31,9.79,8.6,9.61,157841.28,146010.214
000839.SZ,20160620,17.51,17.65,17.03,17.26,405681.43,701838.6798
002193.SZ,20160620,15.35,15.74,15.0,15.62,33829.39,52054.0676
002287.SZ,20160620,35.2,36.05,34.4,35.97,23909.08,84214.9448
002041.SZ,20160620,16.0,16.29,15.81,15.93,55934.59,89628.8406
000665.SZ,20160620,14.16,14.37,14.01,14.33,40673.04,57741.6326
300333.SZ,20160620,21.97,22.06,21.51,21.86,59710.99,129974.4082
600825.SH,20160620,7.61,7.61,7.5,7.58,43535.18,32892.516
600874.SH,20160620,7.52,7.55,7.42,7.48,31784.59,23735.443
600446.SH,20160620,33.23,33.36,31.46,32.87,409903.54,1328887.781
000018.SZ,20160620,10.4,10.42,10.13,10.31,126457.81,129968.9068
300354.SZ,20160620,22.99,23.29,22.4,23.14,27146.03,62331.4831
600248.SH,20160620,5.91,6.09,5.79,5.96,69954.37,41568.452
002547.SZ,20160620,9.01,10.28,9.01,10.0,522069.66,515675.1057
000786.SZ,20160620,8.65,8.66,8.57,8.62,73218.83,63054.6137
300170.SZ,20160620,14.21,14.38,13.89,14.27,274249.38,387482.3597
000995.SZ,20160620,15.59,15.59,15.59,15.59,658.0,1025.822
002752.SZ,20160620,16.05,16.59,16.05,16.49,34627.8,56712.4934
300182.SZ,20160620,16.57,16.9,16.3,16.8,44510.8,74007.7869
002498.SZ,20160620,4.34,4.35,4.28,4.3,84412.81,36281.5569
000597.SZ,20160620,8.7,8.72,8.54,8.7,29672.11,25595.4036
002675.SZ,20160620,43.41,43.53,42.38,43.08,29128.04,124710.1648
300322.SZ,20160620,19.13,19.5,18.7,19.25,177136.89,338201.9096
002534.SZ,20160620,10.02,10.34,10.02,10.31,29082.8,29642.2223
300045.SZ,20160620,19.06,19.39,18.52,19.2,185052.78,351378.0302
000976.SZ,20160620,8.25,8.25,8.09,8.12,39446.27,32120.0407
002317.SZ,20160620,11.4,11.9,11.33,11.79,228032.51,267223.5959
000987.SZ,20160620,12.36,12.48,12.07,12.15,40826.49,49683.0581
002728.SZ,20160620,24.75,24.96,24.41,24.75,14396.02,35494.4751
600583.SH,20160620,6.84,6.87,6.77,6.82,110860.6,75581.0
002248.SZ,20160620,11.0,11.17,10.75,11.05,69470.51,76312.5389
601208.SH,20160620,8.26,8.49,8.15,8.44,156958.75,131086.611
600380.SH,20160620,9.01,9.04,8.81,8.92,78573.31,69943.855
000682.SZ,20160620,5.52,5.54,5.29,5.34,486811.42,261991.9558
600351.SH,20160620,9.76,9.78,9.65,9.72,49458.13,47969.582
300473.SZ,20160620,65.2,69.89,65.19,68.7,40919.24,277344.8526
601992.SH,20160620,7.54,7.68,7.54,7.63,80383.23,61034.423
000981.SZ,20160620,9.85,9.89,9.55,9.77,57545.82,55768.008
002366.SZ,20160620,55.68,55.99,53.51,54.36,42458.77,229399.7597
600369.SH,20160620,7.55,7.63,7.49,7.56,139688.05,105396.329
603508.SH,20160620,91.1,99.54,91.1,99.54,77429.11,753109.097
600311.SH,20160620,6.28,6.28,6.03,6.14,156465.03,96133.934
002103.SZ,20160620,18.0,18.0,16.89,16.89,207317.29,351831.0218
300158.SZ,20160620,15.69,15.7,15.35,15.65,17088.02,26573.8298
000732.SZ,20160620,19.1,19.13,18.95,19.07,26233.3,49882.0233
000821.SZ,20160620,14.05,14.17,13.8,14.04,48328.14,67644.5297
300342.SZ,20160620,26.35,26.52,25.5,26.12,15311.66,39739.9063
002627.SZ,20160620,19.88,20.1,19.37,20.0,24897.34,49044.8021
600887.SH,20160620,16.42,16.49,16.1,16.33,229268.26,373220.208
600600.SH,20160620,29.2,29.26,28.8,29.08,37417.85,108362.228
600011.SH,20160620,7.31,7.31,7.26,7.3,30888.83,22504.755
300388.SZ,20160620,21.75,22.09,21.1,21.7,39903.57,85818.6084
600782.SH,20160620,5.31,5.31,4.91,5.12,195932.25,99447.398
600828.SH,20160620,6.76,6.79,6.66,6.68,59308.52,39697.911
002579.SZ,20160620,14.12,15.23,14.12,15.04,307107.97,454036.4528
002652.SZ,20160620,13.44,13.46,12.42,13.09,79192.3,102513.476
600530.SH,20160620,20.37,20.84,19.66,20.81,108552.2,220025.824
002337.SZ,20160620,7.51,7.63,7.43,7.53,45386.63,34121.9354
600756.SH,20160620,27.83,28.08,27.03,28.01,112816.2,310824.339
300008.SZ,20160620,31.68,32.0,30.68,31.82,65806.8,205912.4036
600345.SH,20160620,18.97,21.02,18.9,21.02,132336.41,271274.938
000488.SZ,20160620,7.58,7.62,7.52,7.59,150109.63,113536.2326
603806.SH,20160620,50.0,54.27,49.5,53.82,119394.96,624152.689
002605.SZ,20160620,15.48,16.06,15.38,15.94,70399.07,111137.4352
000059.SZ,20160620,8.46,8.68,8.45,8.61,196401.91,168507.8543
002303.SZ,20160620,11.08,11.4,10.82,11.4,141046.82,157839.9205
002636.SZ,20160620,14.39,14.4,13.93,14.26,69771.77,98773.288
603589.SH,20160620,38.55,39.05,37.51,38.75,72170.47,274540.308
300370.SZ,20160620,8.66,8.84,8.53,8.82,87371.15,76081.3416
000652.SZ,20160620,4.5,4.56,4.46,4.54,94247.68,42592.6285
300511.SZ,20160620,60.0,62.75,58.0,60.68,101885.07,617830.0217
600317.SH,20160620,3.38,3.38,3.34,3.36,35358.8,11862.526
002402.SZ,20160620,25.76,25.76,25.76,25.76,40921.69,105414.2734
600690.SH,20160620,8.91,9.0,8.79,8.9,198050.31,175855.437
002677.SZ,20160620,10.51,11.1,10.28,10.86,90966.23,97680.5597
000993.SZ,20160620,8.74,8.86,8.52,8.7,79362.24,68581.6095
000899.SZ,20160620,8.11,8.13,7.99,8.08,25575.94,20582.8165
603023.SH,20160620,20.21,20.47,19.51,19.83,188786.15,376533.979
000525.SZ,20160620,12.06,12.25,11.86,12.22,37831.28,45810.0021
300480.SZ,20160620,24.11,24.79,23.6,24.64,43272.34,105261.1527
601388.SH,20160620,19.9,20.7,19.81,20.05,115194.2,232206.773
600766.SH,20160620,14.66,14.66,14.11,14.39,117442.34,168438.543
000151.SZ,20160620,16.79,16.89,16.5,16.61,37714.88,62653.1854
600444.SH,20160620,18.71,19.48,18.35,19.37,19137.34,36243.806
601258.SH,20160620,2.73,2.75,2.71,2.75,507004.99,138657.453
600031.SH,20160620,5.01,5.02,4.96,4.99,136091.12,67817.13
300296.SZ,20160620,33.98,35.0,33.95,34.5,53543.49,184643.5622
600602.SH,20160620,10.4,10.49,10.12,10.44,135145.14,139384.119
600769.SH,20160620,8.66,8.9,8.38,8.51,64329.33,54955.374
600844.SH,20160620,6.28,6.41,6.23,6.26,65699.7,41562.018
000012.SZ,20160620,11.22,11.26,10.88,11.12,122197.45,134866.7303
600246.SH,20160620,4.95,5.03,4.95,5.0,33267.35,16602.124
600624.SH,20160620,12.18,12.33,12.09,12.27,83848.02,102323.997
002484.SZ,20160620,16.32,16.66,15.93,16.46,217926.71,352461.9551
002166.SZ,20160620,11.2,11.24,11.0,11.13,85274.52,94709.3793
600470.SH,20160620,7.13,7.38,7.13,7.33,197877.39,144525.192
300483.SZ,20160620,56.01,61.82,55.55,60.41,43508.67,261481.1713
600285.SH,20160620,9.8,9.83,9.67,9.8,42373.34,41273.248
000157.SZ,20160620,4.14,4.14,4.07,4.09,246342.92,100925.4357
600997.SH,20160620,5.05,5.05,4.96,5.02,46272.11,23105.944
000859.SZ,20160620,5.48,5.51,5.27,5.36,298401.11,160095.4395
002100.SZ,20160620,8.92,9.01,8.89,9.01,54166.51,48503.4725
600535.SH,20160620,34.76,35.03,34.55,34.64,16656.45,57835.566
601677.SH,20160620,12.61,12.82,12.5,12.75,20419.81,25856.548
600775.SH,20160620,14.13,14.53,14.05,14.5,136809.85,196600.593
300092.SZ,20160620,16.52,16.75,16.06,16.47,290359.22,476249.9096
002641.SZ,20160620,7.76,7.79,7.58,7.74,21656.85,16642.5761
601799.SH,20160620,45.8,47.01,45.5,47.0,24821.25,115441.816
601933.SH,20160620,4.06,4.07,4.02,4.03,253331.24,102132.893
002548.SZ,20160620,18.01,18.9,18.0,18.75,126715.65,234677.6932
000989.SZ,20160620,20.86,20.91,20.4,20.55,8354.11,17183.1395
002779.SZ,20160620,65.5,72.0,65.5,68.58,57586.65,400557.8942
002083.SZ,20160620,6.01,6.08,5.91,6.05,108828.65,65312.0707
000429.SZ,20160620,5.31,5.36,5.28,5.33,27140.71,14440.501
300017.SZ,20160620,66.01,67.49,64.29,67.0,111022.68,730757.0557
600428.SH,20160620,5.69,5.73,5.55,5.64,251933.98,140745.726
601818.SH,20160620,3.64,3.65,3.62,3.62,426243.1,154894.047
600086.SH,20160620,9.58,9.97,9.46,9.76,342187.21,331706.283
600532.SH,20160620,16.6,16.65,15.8,16.47,56063.04,91629.505
600480.SH,20160620,13.27,13.28,12.93,13.22,61867.23,81208.123
300062.SZ,20160620,22.3,24.44,22.01,23.4,152295.07,353008.9816
000971.SZ,20160620,24.4,24.4,24.4,24.4,19426.09,47399.6596
600109.SH,20160620,12.39,12.47,12.16,12.38,209934.24,258868.577
600482.SH,20160620,33.98,33.99,32.2,32.84,151288.38,497049.784
002318.SZ,20160620,11.58,11.97,11.18,11.76,571684.21,663304.5565
600223.SH,20160620,5.0,5.01,4.91,4.98,27930.3,13874.65
000088.SZ,20160620,6.3,6.36,6.26,6.33,32775.55,20667.1827
002588.SZ,20160620,11.75,12.86,11.66,12.64,229290.86,285262.5397
002590.SZ,20160620,32.53,33.75,32.52,32.87,169746.32,562094.4063
600859.SH,20160620,15.28,15.28,15.04,15.17,22795.02,34547.754
603025.SH,20160620,32.0,32.3,31.17,32.22,17826.58,56711.437
601166.SH,20160620,15.49,15.53,15.38,15.49,202669.32,313132.287
600061.SH,20160620,17.48,17.67,17.23,17.6,193739.7,339699.782
600062.SH,20160620,17.95,17.95,17.6,17.83,36836.76,65483.705
002613.SZ,20160620,7.55,7.94,7.47,7.9,191981.82,149120.7495
300029.SZ,20160620,12.17,12.29,11.6,12.12,51450.22,61612.1429
000655.SZ,20160620,8.04,8.07,7.59,7.62,312877.83,241821.8024
300217.SZ,20160620,4.46,4.5,4.41,4.48,149802.11,66660.3524
300286.SZ,20160620,28.46,28.6,27.35,28.51,45702.83,127967.2863
601126.SH,20160620,9.88,10.65,9.87,10.49,132001.12,136968.866
600740.SH,20160620,5.36,5.37,5.28,5.34,61402.65,32697.808
000890.SZ,20160620,10.26,11.0,10.26,10.92,168913.11,179441.0888
002575.SZ,20160620,11.46,11.55,11.19,11.36,43779.8,49504.971
603997.SH,20160620,18.64,18.85,18.25,18.81,37390.55,69471.384
002485.SZ,20160620,16.11,16.11,15.28,15.66,49842.24,77652.6477
600644.SH,20160620,7.96,8.06,7.86,8.06,25339.58,20224.516
600718.SH,20160620,17.15,17.35,16.81,17.23,176897.68,302262.314
300073.SZ,20160620,65.88,67.71,65.0,67.01,110636.22,734914.9074
600136.SH,20160620,22.5,22.76,22.18,22.6,52828.21,118812.085
600293.SH,20160620,11.09,11.34,10.81,11.3,41771.02,46788.673
600599.SH,20160620,27.25,27.61,26.84,26.97,36669.53,99521.286
600490.SH,20160620,8.5,8.59,8.0,8.12,1765161.92,1450550.457
002709.SZ,20160620,75.8,77.97,73.88,76.5,213459.13,1623686.3816
601199.SH,20160620,7.8,7.81,7.48,7.56,173027.46,130541.106
600567.SH,20160620,2.86,2.87,2.82,2.86,106079.91,30130.341
603399.SH,20160620,12.4,12.45,12.0,12.15,99204.69,120640.529
002168.SZ,20160620,13.95,13.98,13.51,13.7,247370.27,339119.12
600605.SH,20160620,18.7,18.96,18.0,18.52,29629.4,54895.158
002419.SZ,20160620,11.99,12.06,11.81,11.9,14855.55,17659.005
000035.SZ,20160620,6.59,7.01,6.59,6.9,211631.73,145182.8092
000921.SZ,20160620,7.59,7.59,7.43,7.51,27146.81,20361.4869
300287.SZ,20160620,11.28,11.28,10.89,11.01,170436.49,187545.0182
002423.SZ,20160620,9.65,9.65,9.31,9.46,51508.93,48615.4462
600865.SH,20160620,11.25,11.32,11.04,11.17,31513.87,35066.142
300453.SZ,20160620,25.08,25.46,24.69,25.24,22220.93,55712.9528
002262.SZ,20160620,19.0,19.14,18.76,18.99,34566.01,65583.1135
600119.SH,20160620,14.38,14.47,14.15,14.35,31226.64,44662.182
300253.SZ,20160620,22.69,22.74,22.01,22.44,132989.05,297236.8823
000713.SZ,20160620,10.11,10.19,9.96,10.1,49541.82,49765.5864
000410.SZ,20160620,16.98,17.05,16.43,16.8,202818.95,338081.6633
600727.SH,20160620,9.17,9.26,9.07,9.12,43592.71,39771.996
002795.SZ,20160620,55.2,57.85,53.01,56.44,90460.05,504104.3832
002397.SZ,20160620,8.15,8.5,8.09,8.4,207232.28,172823.9
000988.SZ,20160620,19.6,20.12,19.58,19.63,516610.08,1022036.1726
002600.SZ,20160620,12.81,13.45,12.7,13.28,706813.51,928360.682
002428.SZ,20160620,17.25,17.84,16.97,17.27,404605.19,703354.4642
600676.SH,20160620,9.05,9.07,8.92,8.99,33984.11,30469.059
002474.SZ,20160620,12.19,12.54,12.09,12.53,136915.82,168678.8031
600277.SH,20160620,6.17,6.19,5.95,6.04,287086.71,172983.187
300207.SZ,20160620,26.85,26.86,25.85,26.45,112602.22,295349.2553
600208.SH,20160620,4.02,4.02,3.96,4.01,204207.16,81440.159
000573.SZ,20160620,7.77,7.77,7.06,7.66,283662.86,207901.1836
600099.SH,20160620,11.2,11.2,10.88,11.09,41152.05,45536.932
000552.SZ,20160620,3.45,3.48,3.36,3.42,214288.22,73215.2435
601233.SH,20160620,10.8,10.96,10.77,10.79,130894.17,141735.409
002054.SZ,20160620,11.26,11.4,10.92,11.25,161022.9,179771.7499
000667.SZ,20160620,3.54,3.54,3.48,3.51,170215.47,59603.9787
002510.SZ,20160620,7.2,7.23,7.12,7.18,184907.07,132574.655
601186.SH,20160620,9.57,9.58,9.47,9.48,75730.07,71904.835
601633.SH,20160620,8.7,8.75,8.58,8.62,83698.22,72227.699
002353.SZ,20160620,20.49,20.94,20.3,20.51,141466.48,291425.126
000672.SZ,20160620,5.95,6.03,5.85,5.87,50968.76,30086.704
000058.SZ,20160620,10.31,10.32,10.02,10.16,100236.81,101497.1483
002301.SZ,20160620,21.39,22.16,21.01,21.02,52203.67,112086.1624
601888.SH,20160620,44.53,44.74,44.17,44.61,14322.96,63849.526
002542.SZ,20160620,7.8,7.85,7.64,7.7,51377.84,39547.6555
002206.SZ,20160620,17.58,18.2,17.26,17.43,92880.73,164299.6527
300106.SZ,20160620,14.25,14.48,14.03,14.41,65564.92,93469.1706
603993.SH,20160620,4.5,4.54,4.36,4.43,1034183.68,457915.561
002189.SZ,20160620,26.7,27.96,26.01,27.43,103899.7,280868.9124
000803.SZ,20160620,20.49,21.5,20.49,21.13,62315.81,130080.3083
000001.SZ,20160620,8.59,8.6,8.56,8.6,270731.58,232205.2979
300149.SZ,20160620,19.36,19.49,18.79,19.14,92531.53,176337.7409
603899.SH,20160620,17.63,17.77,17.21,17.73,25378.62,44474.269
002099.SZ,20160620,8.8,9.09,8.66,8.99,225303.99,200607.5147
002186.SZ,20160620,18.99,19.0,18.81,19.0,13921.59,26311.6979
600018.SH,20160620,5.06,5.07,4.97,5.02,89138.81,44643.571
300215.SZ,20160620,11.55,12.06,11.36,11.93,107896.13,126923.6977
600201.SH,20160620,26.32,26.8,26.32,26.64,27002.68,71866.788
002771.SZ,20160620,92.65,97.0,91.5,95.72,18261.27,173246.9143
300293.SZ,20160620,17.15,17.24,16.71,17.07,37741.09,64015.7055
600247.SH,20160620,11.21,11.42,11.21,11.21,79286.65,89020.715
600633.SH,20160620,14.31,14.6,14.14,14.5,95627.68,137568.97
300259.SZ,20160620,10.53,11.38,10.53,11.09,276342.74,307050.0991
002045.SZ,20160620,14.7,15.23,14.34,15.23,512226.05,766999.0793
600697.SH,20160620,29.2,29.55,28.7,29.22,20161.27,58701.593
300059.SZ,20160620,20.88,21.09,20.52,20.87,613448.72,1274218.9784
002240.SZ,20160620,13.8,14.99,13.8,14.12,330643.77,474865.3885
603008.SH,20160620,16.19,16.19,15.9,16.08,29241.29,46956.579
002328.SZ,20160620,9.19,9.3,9.04,9.25,64529.05,59177.6022
600547.SH,20160620,37.17,37.17,35.81,36.31,374189.77,1358951.923
600383.SH,20160620,10.84,11.0,10.83,10.89,114153.13,124747.802
002080.SZ,20160620,20.2,20.98,20.04,20.2,167773.87,344460.5902
002568.SZ,20160620,21.14,21.39,20.7,21.0,37530.09,78606.4132
002013.SZ,20160620,12.56,12.7,12.25,12.5,123768.39,154416.0977
600522.SH,20160620,24.26,24.27,23.71,23.86,243379.39,581913.841
600526.SH,20160620,12.39,12.43,12.12,12.34,78089.83,95817.365
300154.SZ,20160620,9.86,10.14,9.77,10.12,115330.96,115307.3084
600418.SH,20160620,13.05,13.15,12.66,12.79,269220.95,345776.831
600726.SH,20160620,5.0,5.02,4.94,4.98,50444.51,25061.851
600774.SH,20160620,19.4,19.48,18.91,19.22,51156.2,98016.154
002436.SZ,20160620,19.22,20.9,19.22,20.37,194205.08,391709.4291
600237.SH,20160620,7.27,7.46,7.05,7.43,288067.5,208633.015
603699.SH,20160620,17.51,17.66,17.07,17.35,26264.37,45355.255
002108.SZ,20160620,27.47,28.47,26.96,27.85,506939.31,1400779.4117
002150.SZ,20160620,14.39,14.65,13.7,14.65,96084.64,136540.0484
002607.SZ,20160620,11.35,11.47,11.22,11.31,68113.32,77203.584
002509.SZ,20160620,10.3,10.39,9.73,9.95,219095.98,217433.2846
601611.SH,20160620,10.74,10.74,10.74,10.74,18473.96,19841.033
600589.SH,20160620,9.18,9.18,8.96,9.12,92225.58,83606.943
002531.SZ,20160620,6.32,6.39,6.2,6.34,70175.86,44189.0229
000967.SZ,20160620,19.93,19.93,19.41,19.71,11325.99,22236.542
603779.SH,20160620,40.7,42.4,39.13,41.26,192331.96,788896.181
600652.SH,20160620,14.02,14.12,13.56,13.89,121289.06,167268.894
600310.SH,20160620,8.46,8.46,8.13,8.28,114838.2,94735.176
300283.SZ,20160620,8.45,8.57,8.26,8.55,39075.01,32928.4952
002598.SZ,20160620,11.52,11.6,11.27,11.41,62528.67,71211.2204
000886.SZ,20160620,6.71,6.71,6.15,6.35,590527.46,385137.8624
600456.SH,20160620,20.0,20.32,19.3,19.88,176941.84,352017.94
300190.SZ,20160620,16.93,16.97,16.62,16.87,46007.55,77423.1591
002667.SZ,20160620,29.0,29.0,27.87,28.86,56598.9,160707.2156
000758.SZ,20160620,8.3,8.49,8.18,8.29,758138.64,628083.3152
000897.SZ,20160620,3.81,3.82,3.72,3.78,94588.61,35589.4827
300460.SZ,20160620,24.47,25.95,24.15,25.81,44568.07,112142.2876
002309.SZ,20160620,17.04,17.35,16.85,17.19,93398.52,159512.7815
600243.SH,20160620,9.78,10.31,9.66,10.27,120322.81,121204.022
601015.SH,20160620,10.55,11.05,10.21,10.79,148455.95,159116.814
300012.SZ,20160620,11.81,12.35,11.58,12.26,165016.31,199286.5834
002487.SZ,20160620,8.74,8.74,8.44,8.57,57220.46,48821.1934
000680.SZ,20160620,4.85,4.86,4.77,4.82,88684.44,42631.2181
600787.SH,20160620,7.22,7.29,7.15,7.24,62573.43,45133.648
000913.SZ,20160620,12.59,12.76,12.22,12.22,119242.58,146454.8806
002793.SZ,20160620,58.36,62.51,57.29,59.89,89424.96,537803.9379
300015.SZ,20160620,34.7,34.95,33.85,34.7,45355.8,156377.9633
002688.SZ,20160620,9.7,9.88,9.57,9.88,117915.36,115043.3229
300181.SZ,20160620,9.09,9.18,8.88,8.98,103625.54,93082.7883
000418.SZ,20160620,34.3,34.3,33.62,33.93,38871.06,131931.185
600421.SH,20160620,15.56,16.25,15.55,15.55,77701.14,122021.011
600343.SH,20160620,21.54,21.8,21.08,21.58,114265.13,244583.273
601288.SH,20160620,3.18,3.18,3.16,3.18,405585.94,128543.958
300382.SZ,20160620,35.66,36.4,35.08,36.06,17307.44,62103.9289
603568.SH,20160620,23.44,23.44,22.68,23.01,40847.32,93342.703
603300.SH,20160620,14.0,14.8,13.61,14.46,84744.51,120872.989
000541.SZ,20160620,10.23,10.29,9.98,10.23,176927.37,178915.3469
600416.SH,20160620,11.95,12.07,11.82,11.95,66137.46,78846.06
600883.SH,20160620,13.88,14.2,13.72,14.14,27574.04,38555.151
000333.SZ,20160620,22.26,23.03,22.21,22.96,360628.46,818210.6648
000016.SZ,20160620,4.55,4.59,4.47,4.54,207346.11,93644.4918
600308.SH,20160620,4.33,4.38,4.29,4.36,144779.89,62848.125
002623.SZ,20160620,31.61,33.79,31.61,33.69,48636.3,160524.0737
600647.SH,20160620,22.0,22.44,21.81,22.37,24927.16,55127.71
000888.SZ,20160620,11.78,11.82,11.66,11.78,22206.63,26033.4333
000723.SZ,20160620,12.69,12.71,12.31,12.5,54211.35,67988.076
300230.SZ,20160620,28.08,28.08,27.01,27.44,36254.67,99238.5449
002070.SZ,20160620,29.22,29.93,27.15,28.11,945749.74,2670119.7679
000782.SZ,20160620,8.88,8.93,8.54,8.64,164970.94,143772.5251
600207.SH,20160620,10.2,10.38,9.82,10.34,163336.53,165467.364
600063.SH,20160620,4.26,4.29,4.17,4.28,141391.95,59660.107
600469.SH,20160620,15.9,16.16,15.76,16.08,55566.13,88595.367
600177.SH,20160620,13.87,13.9,13.74,13.83,76651.43,105814.415
000912.SZ,20160620,5.42,6.5,5.42,6.26,285551.16,163619.6121
000411.SZ,20160620,18.35,18.4,17.75,18.2,51035.93,92257.6315
600754.SH,20160620,35.81,35.85,34.45,34.62,60631.56,210498.504
002350.SZ,20160620,18.75,19.3,18.61,19.26,46601.35,88580.9246
600975.SH,20160620,7.73,7.94,7.61,7.88,130573.0,101897.303
002409.SZ,20160620,19.48,21.65,19.32,21.65,91873.56,189606.9615
300400.SZ,20160620,31.22,34.71,31.22,34.71,97875.19,325775.6788
600816.SH,20160620,16.5,16.53,16.22,16.29,57837.99,94442.389
600152.SH,20160620,10.8,11.18,10.55,10.94,176036.87,191387.079
600429.SH,20160620,7.84,7.87,7.67,7.72,58196.4,44962.538
603866.SH,20160620,41.99,43.98,41.61,43.58,37931.35,164218.193
300418.SZ,20160620,27.4,27.4,26.65,27.05,80262.96,216599.227
002624.SZ,20160620,35.99,36.65,35.45,36.1,12752.72,45731.9914
000738.SZ,20160620,25.05,25.31,24.93,25.16,76272.01,191612.1536
002497.SZ,20160620,8.08,8.23,8.01,8.16,404813.15,329174.5043
600986.SH,20160620,15.29,15.35,14.93,15.22,34192.54,51903.533
002055.SZ,20160620,28.23,28.36,27.65,28.15,91554.27,256217.1308
300210.SZ,20160620,14.35,15.74,14.33,15.74,95023.41,146172.4986
000670.SZ,20160620,8.81,8.81,8.47,8.66,425519.65,364168.129
300093.SZ,20160620,22.8,22.8,22.15,22.62,55860.0,125434.8408
000156.SZ,20160620,18.05,18.12,17.63,17.95,45727.19,81766.0358
000926.SZ,20160620,11.18,11.18,11.0,11.13,76889.71,85320.8578
600030.SH,20160620,15.71,15.75,15.5,15.66,467089.45,730260.464
000153.SZ,20160620,9.74,9.87,9.56,9.85,43740.73,42612.9398
601968.SH,20160620,8.72,9.18,8.55,9.02,89437.34,79672.512
002375.SZ,20160620,11.02,11.12,10.91,11.05,90237.13,99402.1266
300396.SZ,20160620,38.5,38.5,37.17,38.0,51954.38,195976.6721
601666.SH,20160620,4.01,4.01,3.96,3.98,65546.92,26111.069
600360.SH,20160620,10.28,11.51,10.09,11.51,700196.26,774726.477
300276.SZ,20160620,19.5,19.85,19.16,19.7,63500.27,124247.5939
002009.SZ,20160620,15.63,15.85,15.3,15.68,102885.9,159775.01
000895.SZ,20160620,21.98,22.11,21.6,21.82,55445.08,120503.9787
600080.SH,20160620,10.41,10.97,10.41,10.93,86912.48,93330.987
600630.SH,20160620,17.26,17.26,16.57,16.59,194213.19,325035.246
300179.SZ,20160620,7.26,7.29,7.12,7.29,36216.36,26122.4674
300119.SZ,20160620,15.08,15.53,14.82,15.4,26053.32,39747.8642
002047.SZ,20160620,10.0,10.01,9.72,9.79,50063.08,49024.6326
603101.SH,20160620,28.1,30.5,27.85,29.83,202149.89,594492.294
000767.SZ,20160620,3.72,3.72,3.65,3.67,166579.45,61085.4965
600565.SH,20160620,6.38,6.38,6.26,6.32,250711.94,158250.625
601106.SH,20160620,5.21,5.24,5.13,5.22,316284.34,163606.5
600335.SH,20160620,11.01,11.11,10.88,10.96,58277.1,63866.285
300430.SZ,20160620,46.2,49.2,45.9,48.0,28155.78,134234.7948
000850.SZ,20160620,6.03,6.07,5.77,5.93,377025.68,222663.8892
600167.SH,20160620,16.5,16.5,16.0,16.3,28386.36,45979.055
000678.SZ,20160620,7.82,7.88,7.6,7.76,53972.55,41522.2151
603822.SH,20160620,59.0,63.56,56.89,60.66,73767.89,443357.704
600510.SH,20160620,8.69,8.69,8.44,8.63,259891.93,224516.573
002595.SZ,20160620,20.67,20.91,20.47,20.9,13736.14,28436.1158
600332.SH,20160620,23.76,24.02,23.2,23.91,74329.26,175883.804
000748.SZ,20160620,17.68,17.82,17.32,17.6,203091.67,355934.7579
000545.SZ,20160620,7.09,7.12,6.86,6.97,401399.13,279181.2842
000056.SZ,20160620,24.01,24.48,24.01,24.3,9423.61,22778.3756
000999.SZ,20160620,23.28,23.48,22.9,23.38,18985.23,44075.6267
002130.SZ,20160620,15.3,15.55,15.09,15.4,125702.95,192181.0717
002214.SZ,20160620,11.74,12.15,11.68,12.0,93486.0,111855.5687
601518.SH,20160620,3.99,4.02,3.92,4.0,78391.79,31153.458
601038.SH,20160620,9.26,9.37,9.22,9.31,46828.51,43484.833
600103.SH,20160620,5.32,5.35,5.27,5.3,81643.77,43328.369
002074.SZ,20160620,41.75,42.81,41.18,42.46,385047.2,1615612.9131
000408.SZ,20160620,15.15,15.18,14.86,14.9,28488.74,42577.2309
002529.SZ,20160620,21.13,21.35,20.38,21.0,71198.22,148820.6804
600693.SH,20160620,6.4,6.4,6.23,6.28,50825.3,31933.642
002416.SZ,20160620,19.63,19.69,18.88,19.49,210044.62,406390.4875
002777.SZ,20160620,114.67,121.7,112.77,117.78,28855.56,338470.3905
601058.SH,20160620,3.43,3.51,3.38,3.39,676534.13,231836.276
300307.SZ,20160620,13.17,13.3,13.0,13.2,102786.15,134888.3174
002171.SZ,20160620,15.9,16.15,15.42,16.14,109853.03,173235.0245
601028.SH,20160620,7.19,7.49,7.16,7.47,180473.85,133278.371
300236.SZ,20160620,45.1,50.38,44.12,47.5,153378.52,726117.8473
002028.SZ,20160620,10.91,11.0,10.68,10.89,93220.11,101005.8757
600301.SH,20160620,11.74,11.99,11.74,11.74,35241.0,41406.916
000939.SZ,20160620,7.97,8.05,7.85,8.04,113363.15,90057.4406
600983.SH,20160620,11.9,12.08,11.78,12.01,55476.12,66372.794
002585.SZ,20160620,9.96,10.47,9.89,10.47,163678.14,166664.507
600078.SH,20160620,6.09,6.33,6.02,6.23,178698.31,110679.452
000607.SZ,20160620,8.26,8.31,8.11,8.23,46943.51,38519.0699
600895.SH,20160620,18.01,18.05,17.58,17.82,94365.85,167767.916
600039.SH,20160620,3.74,3.76,3.71,3.75,88705.06,33175.434
300257.SZ,20160620,15.25,15.4,14.86,15.32,110124.42,166850.9105
600657.SH,20160620,4.85,4.95,4.82,4.91,75381.96,36860.48
002369.SZ,20160620,9.9,10.07,9.61,10.03,141054.04,139140.0647
600674.SH,20160620,8.38,8.51,8.37,8.49,140986.95,119427.389
600316.SH,20160620,18.46,18.48,18.15,18.42,60525.56,111066.268
600199.SH,20160620,11.0,11.35,10.87,11.18,190151.09,210970.937
000837.SZ,20160620,8.21,8.28,8.04,8.17,82182.91,66857.4335
002478.SZ,20160620,10.82,10.98,10.82,10.94,29724.92,32406.2947
600449.SH,20160620,8.93,8.95,8.75,8.88,61483.36,54322.286
002121.SZ,20160620,10.5,10.7,10.31,10.56,312664.12,329524.0768
002604.SZ,20160620,10.7,11.16,10.63,11.08,271745.87,297497.9478
002256.SZ,20160620,25.3,25.3,25.3,25.3,30745.02,77784.9006
601231.SH,20160620,10.7,10.88,10.53,10.85,109713.12,118056.986
000903.SZ,20160620,6.99,7.27,6.91,7.18,187769.8,133643.6027
000702.SZ,20160620,13.65,13.65,12.71,13.3,86786.02,114482.7282
300069.SZ,20160620,32.52,34.21,32.35,33.65,52464.18,175191.0562
002767.SZ,20160620,35.2,38.77,35.08,37.68,54188.24,200619.7719
002770.SZ,20160620,12.03,12.25,11.71,12.18,80549.9,96666.2754
600376.SH,20160620,11.3,11.42,10.98,11.3,296884.83,332396.47
000635.SZ,20160620,11.18,11.37,11.12,11.37,57528.85,64854.2281
002438.SZ,20160620,22.0,22.2,21.3,21.92,86163.72,187450.1503
300005.SZ,20160620,16.1,16.14,15.8,16.05,54863.76,87493.7252
600797.SH,20160620,10.78,10.88,10.5,10.8,161043.08,172305.59
601991.SH,20160620,3.89,3.89,3.85,3.87,54883.85,21197.288
300231.SZ,20160620,17.3,17.72,17.01,17.59,80319.43,139579.0842
600837.SH,20160620,15.19,15.25,15.02,15.07,156103.66,235705.918
300076.SZ,20160620,21.3,22.23,21.16,21.74,110360.54,239545.9318
300023.SZ,20160620,22.6,22.76,21.7,22.24,89977.97,199142.1876
600233.SH,20160620,17.48,17.84,17.21,17.53,75751.46,132571.693
600608.SH,20160620,9.47,9.54,9.47,9.47,27489.0,26034.031
601688.SH,20160620,17.84,17.97,17.52,17.64,173505.12,307004.139
000600.SZ,20160620,8.77,8.78,8.56,8.69,95509.54,82567.2583
000869.SZ,20160620,39.56,40.5,39.02,40.05,26942.72,107701.2869
002333.SZ,20160620,9.59,9.6,9.16,9.27,26921.63,24933.1024
002674.SZ,20160620,14.65,14.75,14.3,14.6,31509.52,45503.4243
002633.SZ,20160620,20.96,21.18,20.53,21.15,21410.52,44676.3907
600378.SH,20160620,13.79,13.94,13.55,13.88,33499.52,46053.238
600226.SH,20160620,9.67,9.72,9.4,9.56,127062.63,121609.023
002361.SZ,20160620,7.04,7.35,6.99,7.26,206484.2,148720.2429
600023.SH,20160620,5.5,5.52,5.45,5.48,214227.16,117413.869
600580.SH,20160620,11.44,11.89,11.28,11.86,225088.14,262055.686
600007.SH,20160620,18.25,19.1,18.13,19.06,40100.07,74827.032
002365.SZ,20160620,16.82,17.69,16.78,17.58,77600.36,134516.6142
300030.SZ,20160620,14.6,14.6,14.03,14.4,90503.19,129253.1681
000557.SZ,20160620,5.26,5.44,5.23,5.33,92521.89,49294.5814
600821.SH,20160620,9.7,9.87,8.93,9.18,273367.84,252290.755
600305.SH,20160620,10.75,10.99,10.58,10.74,92357.69,99782.467
600252.SH,20160620,4.27,4.29,4.23,4.26,168296.37,71537.591
601998.SH,20160620,5.57,5.58,5.51,5.55,224332.35,124150.463
002437.SZ,20160620,8.51,8.54,8.3,8.48,136720.73,114664.9462
603022.SH,20160620,20.2,20.7,20.2,20.65,43235.39,88408.546
300263.SZ,20160620,19.6,21.22,19.53,20.9,187418.24,384681.6197
002357.SZ,20160620,16.53,17.16,16.06,16.7,189781.12,315254.0117
000852.SZ,20160620,14.3,14.47,14.14,14.38,16382.34,23394.3456
601333.SH,20160620,3.88,3.89,3.84,3.87,141004.4,54431.21
002226.SZ,20160620,8.9,9.1,8.71,9.0,149268.35,133474.1133
603898.SH,20160620,29.91,30.97,29.8,30.46,30381.22,92584.936
603021.SH,20160620,37.25,41.1,37.25,40.63,58059.94,228906.001
300381.SZ,20160620,58.15,62.0,58.15,61.76,16223.64,97413.1498
000055.SZ,20160620,17.75,18.67,17.7,18.43,69282.95,126603.994
002139.SZ,20160620,21.83,22.5,21.83,22.01,130300.05,287897.3747
600598.SH,20160620,10.51,10.52,10.37,10.43,79280.02,82790.421
300224.SZ,20160620,23.97,24.55,23.59,24.22,123419.13,298019.4622
601318.SH,20160620,32.2,32.2,31.97,32.12,257135.26,823482.129
600890.SH,20160620,11.35,11.54,11.23,11.42,68035.93,77325.226
002697.SZ,20160620,6.03,6.22,6.02,6.08,260750.13,158982.0597
002111.SZ,20160620,25.15,25.53,24.57,25.52,62167.84,155863.3173
300497.SZ,20160620,110.5,119.9,108.52,115.68,41969.89,486337.0445
600757.SH,20160620,8.44,8.49,8.23,8.43,122377.86,102186.607
002773.SZ,20160620,46.81,47.92,46.0,47.35,15966.4,75298.4952
002695.SZ,20160620,38.9,40.98,38.88,40.4,19916.38,80081.8913
600500.SH,20160620,8.9,8.98,8.68,8.84,45689.42,40318.031
603555.SH,20160620,24.9,25.0,24.5,24.87,10600.77,26269.654
300389.SZ,20160620,25.05,26.29,24.38,25.96,53717.94,136083.2806
600419.SH,20160620,55.68,59.1,55.68,59.0,14120.25,81370.613
600338.SH,20160620,30.4,30.8,29.43,29.94,44419.91,132837.59
600221.SH,20160620,3.16,3.17,3.12,3.15,605235.91,190309.737
002321.SZ,20160620,9.32,9.36,9.09,9.17,61393.34,56204.5923
603117.SH,20160620,18.22,18.5,17.81,18.38,34627.79,63078.815
600683.SH,20160620,8.76,9.16,8.76,8.98,40308.73,36278.984
300178.SZ,20160620,17.98,18.15,17.7,17.98,60755.07,108706.3888
600409.SH,20160620,6.36,6.42,6.3,6.39,90585.56,57768.172
600546.SH,20160620,2.99,3.0,2.95,2.99,129227.09,38493.464
002435.SZ,20160620,17.17,17.17,16.6,16.8,33411.49,56087.2856
002646.SZ,20160620,20.13,20.59,19.8,20.47,84799.91,172278.4006
600811.SH,20160620,6.58,6.65,6.54,6.62,79645.1,52570.785
002507.SZ,20160620,11.0,11.59,10.82,11.52,99382.92,111950.2338
300262.SZ,20160620,15.06,15.55,14.75,15.35,75108.45,114230.0773
300252.SZ,20160620,29.4,29.6,28.7,29.32,29070.56,84822.5384
601929.SH,20160620,3.99,4.0,3.93,3.98,104827.51,41561.276
600688.SH,20160620,5.72,5.78,5.69,5.72,184274.99,105511.255
000858.SZ,20160620,32.45,32.55,31.76,32.15,264290.21,846028.1028
002016.SZ,20160620,7.95,8.08,7.8,8.06,43820.11,34796.1141
600776.SH,20160620,7.69,7.94,7.69,7.9,110871.92,86908.157
002545.SZ,20160620,7.71,7.87,7.65,7.77,110919.81,85881.9474
600085.SH,20160620,26.91,27.55,26.77,27.46,79184.97,216103.483
603800.SH,20160620,30.0,30.88,29.68,30.57,77177.37,234760.276
002090.SZ,20160620,28.25,28.55,27.3,28.45,46452.95,130022.143
300148.SZ,20160620,14.53,14.57,14.13,14.37,46609.57,66604.0696
600886.SH,20160620,6.54,6.6,6.52,6.57,211280.04,138818.615
600033.SH,20160620,3.16,3.18,3.14,3.17,57984.5,18333.152
600815.SH,20160620,6.3,6.33,6.1,6.2,61189.24,37904.769
603959.SH,20160620,44.0,44.86,40.81,42.21,286952.93,1232471.257
600186.SH,20160620,5.38,5.4,5.18,5.27,180282.19,94680.998
002346.SZ,20160620,18.35,18.4,18.11,18.37,18395.54,33609.3747
600863.SH,20160620,3.04,3.04,3.01,3.03,92421.0,27957.487
002269.SZ,20160620,4.42,4.42,4.34,4.39,85290.36,37330.0683
600463.SH,20160620,13.5,13.55,13.0,13.15,40088.26,52716.503
000668.SZ,20160620,19.31,20.5,19.08,19.08,77587.74,148955.5583
002106.SZ,20160620,11.66,12.22,11.55,12.22,421408.72,504317.4872
600771.SH,20160620,25.55,25.58,25.01,25.3,27557.47,69550.816
600180.SH,20160620,14.25,14.27,14.0,14.18,29797.58,42074.114
300289.SZ,20160620,13.91,14.36,13.9,14.2,51593.34,72894.7835
002007.SZ,20160620,29.8,29.92,29.17,29.36,106941.39,314298.4946
002446.SZ,20160620,32.1,32.29,30.8,31.51,134745.91,422344.6852
002512.SZ,20160620,19.88,20.48,19.67,20.28,127259.66,256212.3819
002626.SZ,20160620,15.6,15.75,15.26,15.53,107130.59,165659.9105
600803.SH,20160620,11.3,11.56,11.3,11.48,41758.85,47793.261
000587.SZ,20160620,15.71,15.77,15.3,15.52,64876.28,100416.3727
001979.SZ,20160620,14.95,15.15,14.71,14.72,688864.33,1024784.6905
002544.SZ,20160620,29.8,31.85,29.65,31.67,109319.65,339962.8104
002522.SZ,20160620,18.45,18.9,17.85,18.7,198963.72,364628.0683
000815.SZ,20160620,19.44,19.75,19.32,19.5,25680.94,50054.4133
600982.SH,20160620,4.85,4.86,4.76,4.82,64532.49,31009.138
300267.SZ,20160620,13.6,13.75,13.22,13.5,42878.78,57463.7261
600110.SH,20160620,8.85,9.14,8.66,8.93,1277647.27,1143230.926
603085.SH,20160620,37.92,41.73,37.6,41.73,42666.77,171631.438
002034.SZ,20160620,35.65,35.99,33.69,35.7,18312.22,64049.0229
600325.SH,20160620,11.0,11.05,10.79,10.93,80777.71,88064.597
300159.SZ,20160620,16.58,16.76,16.08,16.54,128168.21,210681.5537
300512.SZ,20160620,89.7,92.77,85.11,90.17,120627.03,1077941.9374
600839.SH,20160620,4.46,4.56,4.36,4.52,1381933.01,614555.155
002532.SZ,20160620,14.21,14.43,13.93,14.34,44975.22,63725.7886
000661.SZ,20160620,100.2,104.87,100.02,103.8,45787.1,471180.271
300193.SZ,20160620,9.11,9.15,8.9,9.15,85773.54,77644.0041
600005.SH,20160620,2.82,2.83,2.8,2.82,244340.85,68746.786
002233.SZ,20160620,7.98,7.98,7.81,7.9,40546.53,31956.5709
002279.SZ,20160620,20.6,20.9,19.89,20.53,94817.31,192725.7666
000715.SZ,20160620,14.02,14.5,13.73,14.16,13670.49,19225.2365
600707.SH,20160620,12.58,13.3,12.5,13.11,885647.39,1151653.379
000507.SZ,20160620,5.47,5.47,5.34,5.43,68071.04,36809.1193
601000.SH,20160620,3.76,3.78,3.7,3.73,110343.66,41100.11
300144.SZ,20160620,23.83,23.95,23.35,23.62,49155.16,115652.4826
600143.SH,20160620,6.31,6.52,6.25,6.48,401989.94,258490.031
002797.SZ,20160620,38.18,39.79,37.08,38.88,589397.74,2262785.021
002398.SZ,20160620,12.76,12.96,12.68,12.85,25808.8,33093.7076
002562.SZ,20160620,24.75,24.75,24.12,24.47,61877.72,150610.2741
300364.SZ,20160620,45.51,45.51,43.62,44.9,39113.58,173783.3191
002039.SZ,20160620,18.9,19.3,18.8,19.3,47595.63,90832.7034
002634.SZ,20160620,10.22,10.25,9.93,10.15,127752.76,128451.5471
002131.SZ,20160620,16.45,16.45,16.01,16.11,72716.71,117025.4509
600537.SH,20160620,7.37,7.75,7.28,7.67,468267.37,351667.714
000014.SZ,20160620,17.45,17.45,16.8,17.08,60622.43,103330.7682
600560.SH,20160620,15.1,15.16,14.8,15.0,44331.51,66346.781
002742.SZ,20160620,21.08,21.2,20.73,21.13,16691.01,35082.8954
603969.SH,20160620,12.48,12.8,12.21,12.73,44750.45,56345.571
600169.SH,20160620,3.81,3.82,3.76,3.79,90622.66,34280.569
300491.SZ,20160620,119.9,127.49,117.9,122.0,57012.49,696988.8918
300139.SZ,20160620,14.0,14.68,13.78,14.56,87878.3,124479.9815
300078.SZ,20160620,31.5,31.81,30.61,31.1,168309.18,523885.4928
002161.SZ,20160620,13.43,13.9,13.4,13.56,193368.55,264209.8528
600130.SH,20160620,8.0,8.14,7.81,8.06,230989.99,184036.804
000400.SZ,20160620,15.59,15.93,15.42,15.78,149969.27,235053.8272
600970.SH,20160620,6.32,6.33,6.22,6.28,84949.06,53193.327
002541.SZ,20160620,16.39,16.74,16.34,16.65,22062.39,36590.0979
300084.SZ,20160620,12.67,12.8,12.5,12.7,78536.42,99430.0654
300455.SZ,20160620,20.92,21.46,20.85,21.35,31916.17,67941.7206
601002.SH,20160620,8.06,8.1,7.9,8.0,73177.22,58355.623
002115.SZ,20160620,10.55,10.95,10.41,10.95,155666.83,167117.034
300150.SZ,20160620,10.02,10.1,9.83,10.1,35494.11,35390.072
002571.SZ,20160620,15.8,15.82,14.5,15.5,137949.37,209773.5091
002393.SZ,20160620,34.64,35.79,34.64,35.6,34944.95,123479.1875
002473.SZ,20160620,23.99,23.99,23.99,23.99,14883.0,35704.317
600578.SH,20160620,4.3,4.31,4.25,4.28,47650.23,20377.414
600176.SH,20160620,9.06,9.22,8.93,9.16,151779.17,137849.851
300162.SZ,20160620,21.69,21.79,20.82,21.17,74367.89,157631.8133
600382.SH,20160620,14.96,15.11,14.77,15.04,66313.07,99137.186
601328.SH,20160620,5.56,5.57,5.53,5.55,222681.01,123578.681
603999.SH,20160620,29.48,30.98,29.26,30.91,97399.77,296989.575
002425.SZ,20160620,21.58,21.78,20.8,21.03,44367.36,93726.367
601798.SH,20160620,11.88,11.95,11.67,11.89,16252.02,19130.663
600834.SH,20160620,13.39,13.4,13.0,13.14,41332.3,54288.219
300177.SZ,20160620,14.32,14.46,14.02,14.33,129222.4,184115.7611
002441.SZ,20160620,16.01,16.7,15.9,16.7,198629.5,325170.8458
300102.SZ,20160620,7.34,7.4,7.22,7.4,64001.36,46871.6738
002015.SZ,20160620,9.83,9.93,9.56,9.72,56415.0,54678.9152
600805.SH,20160620,8.82,8.94,8.58,8.63,199353.5,173828.103
002455.SZ,20160620,9.91,10.08,9.5,9.75,128673.94,125494.2691
600892.SH,20160620,52.6,57.66,52.31,57.66,12684.75,70557.346
300140.SZ,20160620,17.1,17.6,17.01,17.5,68817.85,119030.1939
600395.SH,20160620,7.83,7.92,7.73,7.8,137711.96,107367.715
002615.SZ,20160620,18.7,18.78,18.2,18.41,60408.69,111544.5958
600328.SH,20160620,10.39,10.47,10.16,10.37,55946.35,57681.62
300365.SZ,20160620,44.3,46.35,43.25,45.5,27135.63,123194.9882
002068.SZ,20160620,6.9,6.9,6.7,6.76,111043.53,75288.3938
601880.SH,20160620,5.71,5.77,5.66,5.71,198911.17,113504.005
002048.SZ,20160620,22.4,23.3,22.0,23.0,314164.37,713599.113
002277.SZ,20160620,11.73,11.83,11.5,11.75,97249.54,113555.4265
601118.SH,20160620,5.49,5.52,5.39,5.45,236324.96,128605.197
600587.SH,20160620,22.28,22.37,22.06,22.36,24860.47,55177.76
002714.SZ,20160620,51.64,51.84,50.6,51.15,39818.4,203192.6525
300047.SZ,20160620,18.35,19.46,18.21,19.41,138502.01,263165.8946
002755.SZ,20160620,36.92,37.96,36.78,37.39,14354.0,53454.559
601918.SH,20160620,3.55,3.65,3.54,3.59,335884.49,120815.868
000090.SZ,20160620,8.82,8.87,8.65,8.71,40035.8,34835.7607
600259.SH,20160620,62.84,62.84,60.13,61.51,68017.56,417096.945
300058.SZ,20160620,9.32,9.37,9.12,9.26,102171.94,94301.5581
002170.SZ,20160620,8.17,8.17,7.98,8.13,76717.34,61977.28
300420.SZ,20160620,58.3,62.0,58.3,61.46,17283.47,104545.8879
002693.SZ,20160620,9.2,9.24,9.02,9.17,32898.18,30017.3244
600746.SH,20160620,10.0,10.0,9.56,9.79,154387.79,150686.687
600016.SH,20160620,9.11,9.15,8.99,9.05,279676.49,252641.616
600713.SH,20160620,7.96,8.04,7.9,7.98,102747.19,81858.759
600379.SH,20160620,18.43,18.43,17.7,18.21,26649.66,48135.436
300464.SZ,20160620,49.05,49.05,49.05,49.05,4413.24,21646.9422
300401.SZ,20160620,25.19,26.9,23.91,26.89,156391.09,391174.5984
002546.SZ,20160620,12.2,12.97,12.12,12.8,299640.23,380195.9913
000756.SZ,20160620,10.4,10.43,10.21,10.36,27011.76,27775.051
002151.SZ,20160620,34.1,34.6,33.15,34.05,130496.96,441763.5487
000166.SZ,20160620,8.07,8.12,8.02,8.09,174151.03,140579.325
002359.SZ,20160620,25.7,25.7,25.1,25.23,30609.28,77377.8605
600833.SH,20160620,15.49,15.53,15.25,15.31,17433.48,26722.523
300120.SZ,20160620,14.01,14.68,13.86,14.41,65304.9,93939.7868
300469.SZ,20160620,112.1,114.8,110.11,112.78,15448.5,174496.0206
300479.SZ,20160620,82.42,84.13,79.2,83.08,23553.39,192634.5182
600327.SH,20160620,8.75,8.76,8.55,8.59,71293.63,61450.046
603636.SH,20160620,62.5,64.6,61.21,63.66,18178.39,114886.579
300344.SZ,20160620,11.11,11.33,10.95,11.3,33805.46,37686.5009
002395.SZ,20160620,26.7,27.64,26.3,27.0,86946.37,233532.9992
600396.SH,20160620,5.09,5.28,5.06,5.25,128622.52,66390.309
002673.SZ,20160620,23.45,23.58,22.8,23.3,619794.39,1438788.6865
002050.SZ,20160620,9.67,9.98,9.47,9.94,235158.73,231270.3672
600069.SH,20160620,5.27,5.27,5.05,5.1,251365.24,128438.321
600060.SH,20160620,18.17,18.2,17.57,17.88,247654.86,441666.727
300456.SZ,20160620,67.2,69.97,64.8,65.3,49510.7,331623.542
000902.SZ,20160620,11.25,12.0,11.06,11.95,156638.1,183686.8118
002329.SZ,20160620,13.15,13.33,13.0,13.23,103204.67,135795.5899
603901.SH,20160620,16.41,17.1,16.33,16.95,114476.87,191907.224
300266.SZ,20160620,38.65,39.08,38.15,38.93,23770.12,91879.1934
600017.SH,20160620,4.06,4.08,4.03,4.05,68879.51,27889.93
002464.SZ,20160620,58.55,61.4,58.4,60.65,13652.72,82587.7711
603306.SH,20160620,30.6,31.12,30.05,30.78,28854.3,88326.764
002671.SZ,20160620,12.38,12.78,12.2,12.73,56972.17,70878.5717
002197.SZ,20160620,18.28,18.5,18.1,18.39,70052.83,128066.9592
000550.SZ,20160620,24.04,24.43,24.04,24.3,10772.74,26099.5065
002302.SZ,20160620,7.05,7.08,6.91,7.02,32221.15,22535.761
600808.SH,20160620,2.42,2.46,2.37,2.41,445649.19,107459.065
000686.SZ,20160620,12.28,12.46,12.16,12.42,277210.02,341600.5106
000559.SZ,20160620,15.74,16.15,15.57,16.0,376062.82,600454.7346
603669.SH,20160620,29.43,29.79,29.01,29.68,20067.64,58984.888
002178.SZ,20160620,9.13,9.21,9.07,9.2,50529.7,46198.8619
002221.SZ,20160620,9.99,10.8,9.92,10.71,230066.13,240622.4356
002706.SZ,20160620,26.5,26.52,25.7,26.52,22434.18,58806.6124
300083.SZ,20160620,8.33,8.33,8.06,8.2,343363.27,280322.701
603315.SH,20160620,19.42,19.68,18.9,19.57,21035.53,40515.887
600708.SH,20160620,8.28,8.53,8.15,8.39,51736.72,43217.961
300264.SZ,20160620,12.57,12.73,12.4,12.63,95958.16,120814.6096
002118.SZ,20160620,14.3,14.41,13.91,14.19,76911.99,108548.8991
000836.SZ,20160620,6.93,7.0,6.93,6.93,700219.0,485268.4116
601001.SH,20160620,5.05,5.05,4.93,4.99,225883.55,112500.509
002060.SZ,20160620,6.58,6.63,6.5,6.61,49280.57,32382.3312
600239.SH,20160620,4.57,4.6,4.53,4.55,61310.99,27978.713
000783.SZ,20160620,10.34,10.5,10.24,10.34,365202.87,378573.2868
000089.SZ,20160620,8.27,8.35,8.13,8.3,88933.45,73103.5314
300009.SZ,20160620,27.89,28.0,26.31,26.62,274248.7,737395.2843
601088.SH,20160620,13.55,13.59,13.43,13.51,57981.45,78279.255
002790.SZ,20160620,44.16,46.68,44.0,45.68,79999.22,363575.1844
002082.SZ,20160620,16.0,16.01,15.13,15.65,98295.04,152652.0003
002702.SZ,20160620,19.05,19.09,18.41,18.72,92265.08,171936.3666
600270.SH,20160620,16.61,16.7,16.39,16.54,35587.75,58609.352
600008.SH,20160620,3.78,3.79,3.72,3.76,139335.42,52251.671
300041.SZ,20160620,12.51,12.79,12.32,12.53,108732.27,136418.2608
002327.SZ,20160620,8.16,8.22,8.09,8.18,35518.53,28912.0726
000543.SZ,20160620,7.07,7.08,6.96,7.0,163360.16,114424.8558
300492.SZ,20160620,47.6,51.03,47.0,51.03,50535.39,248584.8395
600612.SH,20160620,39.76,40.44,39.52,39.91,7574.37,30264.067
000613.SZ,20160620,14.0,14.0,12.85,13.03,113718.24,150634.9694
300403.SZ,20160620,55.0,59.56,54.51,57.7,38987.9,221031.7061
002036.SZ,20160620,19.0,19.36,18.7,19.24,82981.83,158160.0727
000611.SZ,20160620,8.26,8.31,8.26,8.26,78645.09,64967.1813
002092.SZ,20160620,8.43,8.43,8.1,8.2,522716.94,428944.2293
002482.SZ,20160620,19.61,19.93,19.41,19.93,28982.12,57038.8171
002113.SZ,20160620,27.3,27.98,27.03,27.96,31714.58,87676.0311
300489.SZ,20160620,94.26,101.53,94.0,98.04,23776.6,232919.7283
600439.SH,20160620,5.39,5.49,5.34,5.49,95229.43,51636.667
002148.SZ,20160620,17.59,17.59,16.9,17.4,128104.37,220558.6003
600695.SH,20160620,8.19,8.24,8.02,8.14,23890.0,19389.312
600260.SH,20160620,14.98,14.99,14.5,14.72,219552.86,323275.413
600190.SH,20160620,4.01,4.02,3.93,3.96,70596.39,27960.887
601137.SH,20160620,10.95,11.95,10.89,11.95,125599.05,147810.476
000029.SZ,20160620,10.02,10.12,9.88,10.02,64297.13,64310.6687
002721.SZ,20160620,18.72,18.86,18.4,18.55,62945.32,116914.1787
600988.SH,20160620,18.73,18.73,18.11,18.3,308000.78,564819.997
002442.SZ,20160620,14.51,14.62,13.68,13.99,56504.66,78654.2632
300167.SZ,20160620,13.73,14.27,13.73,14.24,67284.71,94429.1137
600569.SH,20160620,2.52,2.53,2.46,2.48,121816.67,30308.96
000544.SZ,20160620,13.17,13.17,12.92,13.08,14714.51,19178.0226
000572.SZ,20160620,5.35,5.4,5.27,5.33,207806.56,110760.8397
000158.SZ,20160620,13.01,13.13,12.72,13.09,134058.82,172571.836
600846.SH,20160620,10.04,10.1,9.7,9.95,337265.59,333746.247
002477.SZ,20160620,19.48,19.75,18.85,19.14,415580.8,797317.6348
600876.SH,20160620,25.88,26.14,25.71,25.9,28414.43,73620.804
300018.SZ,20160620,11.19,11.25,10.85,11.01,78399.68,85971.2125
300010.SZ,20160620,19.0,19.25,18.58,18.95,97779.13,184209.7655
300360.SZ,20160620,20.5,20.89,20.33,20.65,30124.4,61870.3498
300303.SZ,20160620,7.58,7.7,7.4,7.67,60125.14,45485.6832
000933.SZ,20160620,3.97,4.1,3.95,4.06,410065.9,165557.7911
600289.SH,20160620,13.36,13.48,13.15,13.39,97100.9,129251.38
300437.SZ,20160620,24.55,24.93,24.07,24.77,24504.2,60212.0215
002622.SZ,20160620,11.65,12.66,11.49,12.46,345620.3,419124.1017
600728.SH,20160620,8.94,9.09,8.88,9.01,183654.35,164969.562
002155.SZ,20160620,13.24,13.55,12.8,13.36,499422.67,655639.5674
002292.SZ,20160620,28.61,29.28,28.34,28.96,182814.0,526155.6014
002320.SZ,20160620,13.9,14.5,13.72,13.73,97624.69,136548.8735
600801.SH,20160620,6.21,6.35,6.11,6.32,105893.26,66128.44
600281.SH,20160620,6.2,6.6,6.18,6.29,124844.83,79078.762
002086.SZ,20160620,8.2,8.2,7.96,8.09,99506.76,80073.6945
300082.SZ,20160620,8.01,8.35,7.92,8.04,271348.57,219354.0042
000777.SZ,20160620,23.75,23.8,23.09,23.43,103814.8,243114.8203
600493.SH,20160620,14.2,14.45,13.18,14.13,122871.54,167205.674
600283.SH,20160620,12.8,12.85,12.4,12.51,120795.02,151247.066
300406.SZ,20160620,19.78,20.36,19.56,20.2,29528.2,58778.9156
300447.SZ,20160620,41.35,43.79,41.35,43.42,44005.18,187554.5417
600809.SH,20160620,22.75,22.94,22.1,22.56,46486.52,104009.609
300390.SZ,20160620,14.73,15.19,14.59,14.82,115427.35,172354.7092
002501.SZ,20160620,10.05,10.05,9.83,9.98,95268.95,94633.1675
000752.SZ,20160620,15.5,15.6,15.05,15.38,114200.84,174204.2031
002610.SZ,20160620,19.5,20.3,18.83,18.99,905597.95,1757707.1608
600489.SH,20160620,10.89,10.89,10.5,10.68,527140.85,561800.684
600015.SH,20160620,9.95,9.98,9.91,9.96,192175.57,191014.45
002769.SZ,20160620,87.33,89.8,85.6,88.08,23429.58,205193.3675
601678.SH,20160620,5.11,5.2,5.06,5.16,262611.15,134282.652
600256.SH,20160620,4.1,4.11,4.05,4.09,119289.96,48651.096
002690.SZ,20160620,21.48,21.69,21.24,21.51,22111.22,47410.57
600336.SH,20160620,7.09,7.3,7.06,7.13,305502.52,218592.999
603696.SH,20160620,37.43,39.55,37.23,38.63,73191.0,282805.578
600962.SH,20160620,12.86,12.96,12.61,12.82,44968.74,57339.253
002511.SZ,20160620,15.3,15.3,14.89,15.18,39394.23,59526.9091
600159.SH,20160620,4.55,4.59,4.49,4.54,43381.13,19638.752
300366.SZ,20160620,35.65,35.69,33.6,34.65,62407.89,213542.2648
600642.SH,20160620,5.72,5.74,5.68,5.71,43284.93,24713.324
603011.SH,20160620,10.04,10.17,9.87,10.11,36936.46,36957.208
300172.SZ,20160620,8.87,8.91,8.66,8.87,30240.38,26528.6825
300331.SZ,20160620,26.46,27.16,25.28,27.05,94383.07,249486.4539
600272.SH,20160620,16.7,16.72,16.16,16.45,18924.52,30973.763
002461.SZ,20160620,11.74,11.79,11.54,11.59,40546.07,47066.6368
600363.SH,20160620,15.55,15.66,15.21,15.48,94242.18,145364.463
002782.SZ,20160620,36.0,36.49,34.54,35.58,242740.39,863292.3784
600425.SH,20160620,4.23,4.25,4.13,4.17,129833.82,54108.468
000027.SZ,20160620,6.48,6.48,6.38,6.47,64232.51,41306.8535
300385.SZ,20160620,34.37,35.95,34.1,35.67,42042.25,147948.7644
002247.SZ,20160620,12.8,12.82,12.5,12.74,43976.56,55757.4763
603778.SH,20160620,24.67,25.48,23.9,25.26,53273.78,131995.722
002364.SZ,20160620,25.88,26.42,25.55,26.15,113210.51,295284.5776
002665.SZ,20160620,7.85,7.9,7.65,7.73,79179.18,61141.763
600107.SH,20160620,19.21,19.3,19.0,19.22,63766.03,122208.964
000036.SZ,20160620,8.1,8.12,7.99,8.01,117533.24,94319.4861
000598.SZ,20160620,5.19,5.21,5.15,5.18,114469.0,59163.7218
000564.SZ,20160620,9.85,10.23,9.55,10.1,250991.05,247441.7394
002681.SZ,20160620,15.19,15.44,15.0,15.41,115157.5,175884.3207
600126.SH,20160620,5.92,5.92,5.77,5.79,39481.25,22911.088
000707.SZ,20160620,6.73,6.77,6.49,6.66,94295.08,62082.7635
600513.SH,20160620,18.17,18.58,17.91,18.52,38408.54,70101.811
000599.SZ,20160620,6.49,6.49,6.33,6.44,81052.1,51912.9065
600420.SH,20160620,28.81,29.07,28.56,28.74,16950.7,48768.8
600242.SH,20160620,14.1,14.46,13.6,14.2,43159.56,61081.049
600227.SH,20160620,5.7,5.73,5.63,5.67,83549.48,47354.821
603018.SH,20160620,27.29,27.5,26.89,27.48,15001.57,40914.697
300302.SZ,20160620,29.5,29.87,28.52,29.05,76190.04,220613.8369
002417.SZ,20160620,13.9,14.08,13.69,13.96,38339.59,53279.3421
603199.SH,20160620,37.15,37.82,36.52,37.65,17616.63,65773.354
002468.SZ,20160620,26.0,26.3,25.19,25.93,53129.95,136879.7954
000719.SZ,20160620,10.32,10.35,10.17,10.29,33086.39,33896.0351
600415.SH,20160620,6.22,6.23,6.15,6.17,109627.8,67774.902
002295.SZ,20160620,14.84,15.0,14.54,14.88,38895.55,57301.616
600303.SH,20160620,13.09,13.65,12.91,13.44,699270.57,932882.984
002401.SZ,20160620,15.92,16.31,15.65,16.28,75448.36,121130.7607
000982.SZ,20160620,5.84,5.89,5.77,5.82,203736.09,118580.0937
000520.SZ,20160620,8.97,9.02,8.7,8.85,236858.52,209010.5659
002601.SZ,20160620,14.4,14.41,13.7,13.94,403268.98,562617.1409
000685.SZ,20160620,10.15,10.18,10.1,10.16,49168.16,49868.1877
601718.SH,20160620,7.52,7.58,7.48,7.52,139792.82,105032.843
600694.SH,20160620,38.76,38.79,38.22,38.61,18387.21,70769.015
603988.SH,20160620,51.15,52.4,50.0,51.76,29956.73,154143.14
300042.SZ,20160620,30.82,31.59,30.6,31.36,20497.26,63955.4304
603939.SH,20160620,29.46,29.68,29.2,29.5,11855.01,34956.194
300247.SZ,20160620,8.3,8.3,8.03,8.18,127991.61,104534.3779
603601.SH,20160620,39.2,40.0,38.41,39.84,24010.81,94429.365
603088.SH,20160620,40.29,42.15,39.32,41.9,22191.95,90662.891
002380.SZ,20160620,32.7,33.31,32.58,33.31,19114.33,63143.9996
603868.SH,20160620,49.8,54.39,48.68,53.96,112810.73,584719.025
000620.SZ,20160620,8.74,9.22,8.7,9.09,569233.16,515738.7643
603567.SH,20160620,22.02,22.36,21.81,22.13,44874.8,99379.781
601218.SH,20160620,5.11,5.22,5.09,5.18,202512.11,104682.445
600118.SH,20160620,32.05,32.15,31.35,31.77,87715.72,277757.504
600132.SH,20160620,15.52,15.69,15.22,15.47,54753.46,84258.403
000909.SZ,20160620,20.32,21.8,20.01,20.35,353039.54,732472.2791
000566.SZ,20160620,10.02,10.07,9.83,10.02,83553.53,83311.8184
300343.SZ,20160620,20.68,20.68,19.6,20.26,52503.5,105594.8262
002184.SZ,20160620,23.59,23.82,23.06,23.73,33847.57,79669.2014
600885.SH,20160620,31.28,31.49,29.86,30.92,42527.0,129794.865
002192.SZ,20160620,39.13,40.45,38.9,40.16,180065.4,714409.7226
002489.SZ,20160620,7.32,7.33,7.2,7.25,139962.29,101335.8392
002645.SZ,20160620,22.35,23.47,22.16,22.7,55102.05,125463.3972
000825.SZ,20160620,3.15,3.17,3.1,3.15,126980.74,39716.0731
000948.SZ,20160620,17.42,17.55,17.0,17.48,46542.38,80419.3045
002339.SZ,20160620,17.26,18.41,17.26,18.06,237000.69,423431.0854
001896.SZ,20160620,8.64,8.73,8.54,8.66,80990.85,69932.523
002229.SZ,20160620,25.5,26.15,25.41,25.6,98817.98,253848.249
600528.SH,20160620,10.26,10.31,10.09,10.2,97283.41,98924.264
002109.SZ,20160620,6.34,6.51,6.32,6.46,66985.47,42793.4943
603001.SH,20160620,19.68,20.21,19.68,20.12,32637.44,65298.606
000701.SZ,20160620,16.0,16.54,15.96,16.54,98937.83,161009.9033
300424.SZ,20160620,63.5,64.8,62.0,64.5,28258.47,178572.5688
300435.SZ,20160620,21.2,21.3,19.28,20.53,51482.28,105249.5292
002149.SZ,20160620,31.7,32.09,31.18,32.0,25763.23,81779.8758
000425.SZ,20160620,3.06,3.06,3.03,3.05,238382.69,72610.8833
002751.SZ,20160620,58.91,59.7,57.68,59.1,62746.68,366968.4332
002017.SZ,20160620,13.45,13.5,13.11,13.45,61283.25,81681.6459
600448.SH,20160620,6.46,6.55,6.39,6.48,41536.88,26783.452
601717.SH,20160620,5.63,5.68,5.59,5.65,72988.66,41139.211
000726.SZ,20160620,11.2,11.46,11.18,11.42,67843.34,77002.1834
601699.SH,20160620,6.12,6.19,6.09,6.12,209978.53,128886.609
000563.SZ,20160620,5.21,5.23,5.12,5.18,142414.57,73662.0717
600533.SH,20160620,4.89,4.92,4.83,4.87,97477.82,47478.183
002537.SZ,20160620,27.39,27.45,26.32,26.83,64671.06,173428.644
600703.SH,20160620,19.28,19.46,19.01,19.42,126458.19,243292.489
002444.SZ,20160620,19.61,19.98,19.2,19.66,223750.12,441587.5762
002227.SZ,20160620,32.6,33.03,32.2,32.76,42030.58,137102.2632
300439.SZ,20160620,31.16,31.4,30.2,31.12,61636.74,189729.1765
600156.SH,20160620,10.06,10.22,9.85,10.17,52388.75,52669.632
002535.SZ,20160620,7.51,7.55,7.3,7.46,211299.45,156628.5939
002798.SZ,20160620,69.95,69.95,69.95,69.95,44529.23,311481.9639
601727.SH,20160620,7.69,7.69,7.57,7.61,114881.73,87327.437
601139.SH,20160620,7.69,7.73,7.61,7.67,35420.25,27160.31
300482.SZ,20160620,45.3,45.5,43.88,44.91,13518.09,60254.9515
600570.SH,20160620,65.25,66.2,63.0,65.76,313167.67,2027649.009
002030.SZ,20160620,29.96,29.96,28.94,29.46,382852.96,1121858.3002
000022.SZ,20160620,15.01,15.13,14.92,15.03,12795.92,19216.3052
600267.SH,20160620,11.81,12.22,11.81,12.15,71248.05,85735.894
600626.SH,20160620,10.25,10.29,10.08,10.13,54587.88,55406.653
600331.SH,20160620,5.6,5.6,5.39,5.42,229023.65,124536.962
300113.SZ,20160620,37.37,37.77,36.01,36.91,170392.08,624666.5815
600737.SH,20160620,11.7,11.88,11.5,11.54,428654.44,498990.27
600168.SH,20160620,9.39,9.49,9.35,9.46,42561.43,40114.859
000011.SZ,20160620,12.31,12.45,12.11,12.25,51535.72,62973.2063
603006.SH,20160620,23.5,24.58,23.13,24.5,37641.21,89989.807
600686.SH,20160620,14.85,14.98,14.61,14.84,210527.67,310867.786
600483.SH,20160620,11.45,11.78,11.2,11.3,87864.1,100519.979
002204.SZ,20160620,8.4,8.64,8.34,8.51,149586.3,127280.4701
000586.SZ,20160620,22.33,22.41,21.5,21.66,16363.28,35662.3923
000860.SZ,20160620,24.21,24.34,23.26,23.77,184798.55,435261.852
600350.SH,20160620,5.26,5.28,5.21,5.26,58254.48,30534.775
600894.SH,20160620,13.58,13.62,13.41,13.58,40776.96,55131.632
300279.SZ,20160620,42.31,46.16,42.02,44.9,45394.64,201935.4803
603688.SH,20160620,18.92,19.48,18.82,19.43,39815.73,76569.076
600965.SH,20160620,12.7,12.77,12.54,12.68,19066.57,24118.24
603883.SH,20160620,45.93,47.88,45.7,47.6,23785.77,111738.16
600056.SH,20160620,15.1,15.58,15.04,15.56,127952.64,196606.88
002311.SZ,20160620,16.56,17.25,16.56,17.07,128223.5,217947.3905
002107.SZ,20160620,15.4,15.47,15.08,15.43,31483.22,48132.0407
600527.SH,20160620,7.17,7.37,7.04,7.16,369604.89,267160.197
002649.SZ,20160620,36.1,36.79,35.6,36.78,48412.24,175623.1543
002662.SZ,20160620,16.0,16.4,15.31,15.79,202253.12,318140.5015
002577.SZ,20160620,48.5,52.3,48.2,51.4,204504.4,1036974.0731
603028.SH,20160620,25.63,27.38,25.03,26.67,133344.04,351706.835
002578.SZ,20160620,8.96,9.02,8.79,8.89,40458.1,36005.2044
601018.SH,20160620,4.96,4.97,4.89,4.95,183615.12,90475.678
603799.SH,20160620,41.5,43.15,39.98,41.33,257853.59,1070738.826
002449.SZ,20160620,12.45,12.89,12.37,12.88,142893.11,181079.3609
600854.SH,20160620,7.5,7.83,7.32,7.78,133365.18,100969.904
601777.SH,20160620,11.5,11.95,11.45,11.73,663678.79,775300.88
601857.SH,20160620,7.2,7.22,7.17,7.21,100364.64,72220.073
600405.SH,20160620,13.52,13.77,13.5,13.67,166619.9,227042.634
002022.SZ,20160620,20.85,21.18,20.41,21.18,116629.79,241897.4815
300006.SZ,20160620,8.84,8.9,8.62,8.74,151485.93,132210.2322
000506.SZ,20160620,7.61,7.66,7.38,7.47,148316.58,110795.6335
600723.SH,20160620,8.34,8.41,8.31,8.38,16513.65,13797.61
000078.SZ,20160620,7.28,7.46,7.28,7.38,410182.92,302504.5295
002203.SZ,20160620,7.97,8.35,7.68,8.15,745661.23,601431.2839
000426.SZ,20160620,7.78,7.94,7.41,7.51,330210.13,250013.4382
002325.SZ,20160620,8.11,8.25,8.0,8.15,156284.82,126889.4887
600760.SH,20160620,8.34,8.43,8.34,8.34,116534.04,97251.591
000737.SZ,20160620,5.15,5.32,5.15,5.25,100325.8,52223.025
600516.SH,20160620,9.18,9.33,9.12,9.2,588300.33,542421.023
000928.SZ,20160620,12.24,12.44,12.15,12.35,90420.91,111390.9589
603288.SH,20160620,29.29,29.59,29.0,29.24,10481.09,30552.091
002218.SZ,20160620,8.71,8.89,8.61,8.87,103387.73,90457.2523
002625.SZ,20160620,42.0,42.45,41.2,41.97,26748.33,111743.5845
600884.SH,20160620,18.83,19.57,18.44,18.85,315002.33,597628.397
600386.SH,20160620,19.8,19.97,19.17,19.71,91927.78,180086.302
603328.SH,20160620,29.01,29.98,29.01,29.78,63976.2,189744.198
000528.SZ,20160620,6.36,6.41,6.29,6.35,53085.11,33618.5351
000717.SZ,20160620,3.23,3.23,3.23,3.23,24286.0,7844.378
300121.SZ,20160620,12.82,13.35,12.82,13.15,81789.86,107211.1708
002775.SZ,20160620,46.57,47.7,45.85,47.36,30475.12,142636.9194
601600.SH,20160620,4.05,4.05,3.86,3.9,1127471.44,440495.997
000938.SZ,20160620,58.23,59.6,56.7,58.7,30340.9,176359.9746
300234.SZ,20160620,18.98,19.79,18.82,19.65,65449.85,126277.9992
300256.SZ,20160620,18.8,19.2,17.98,18.55,552193.75,1024378.3357
002232.SZ,20160620,14.44,15.28,14.2,15.15,163127.19,240841.647
002352.SZ,20160620,39.35,39.35,37.5,39.35,366490.52,1430951.7566
600322.SH,20160620,4.45,4.45,4.38,4.42,87732.38,38629.812
002799.SZ,20160620,20.35,20.35,20.35,20.35,200.28,407.5698
300471.SZ,20160620,45.4,48.66,45.3,47.96,28965.02,135564.3817
000666.SZ,20160620,19.7,19.7,18.72,18.9,82707.66,157031.6191
600781.SH,20160620,16.97,17.09,16.62,16.85,31015.74,52090.9
600193.SH,20160620,13.19,13.22,12.58,12.94,263869.78,339633.799
002750.SZ,20160620,15.0,15.11,14.6,14.78,27868.82,41166.2524
002426.SZ,20160620,24.75,25.5,24.55,25.49,252192.05,633106.2499
300094.SZ,20160620,13.97,14.3,13.87,14.18,98743.03,139349.0077
002410.SZ,20160620,12.49,12.68,12.32,12.61,66504.92,83312.2955
600178.SH,20160620,8.71,8.78,8.5,8.72,77462.1,66785.173
000708.SZ,20160620,10.87,10.92,10.65,10.83,36820.61,39799.4652
600340.SH,20160620,24.7,24.7,24.21,24.4,37740.34,92156.442
300103.SZ,20160620,16.5,17.48,16.25,17.3,63881.55,108256.2216
002132.SZ,20160620,4.24,4.26,4.17,4.24,72021.93,30297.7414
000096.SZ,20160620,12.0,12.38,12.0,12.25,80221.59,98269.9034
000761.SZ,20160620,7.67,7.68,7.32,7.4,117274.36,87614.134
000534.SZ,20160620,13.68,14.7,13.5,14.5,155730.48,220488.7828
002643.SZ,20160620,52.9,57.75,51.72,56.68,230312.1,1285758.7171
600561.SH,20160620,11.74,11.88,11.57,11.71,24150.08,28227.169
002638.SZ,20160620,20.0,20.27,18.99,19.41,58410.55,113469.4709
600823.SH,20160620,6.87,6.89,6.78,6.84,44434.12,30357.851
600785.SH,20160620,25.46,25.46,24.98,25.23,9007.45,22660.487
300301.SZ,20160620,7.85,7.91,7.64,7.8,56392.75,43735.2903
300115.SZ,20160620,21.22,21.59,21.01,21.58,49095.8,104431.0936
600966.SH,20160620,3.22,3.24,3.18,3.22,125697.41,40282.665
600458.SH,20160620,14.9,15.76,14.81,15.2,273853.51,421040.577
002757.SZ,20160620,38.92,39.87,38.01,39.78,20393.02,80201.7672
002077.SZ,20160620,19.8,22.07,19.35,21.58,125051.27,261332.1823
600969.SH,20160620,14.46,14.63,14.22,14.52,33676.58,48487.873
002091.SZ,20160620,17.01,17.4,16.37,16.71,561815.6,942196.5169
002746.SZ,20160620,41.82,42.45,39.58,40.57,32868.8,134235.9048
603005.SH,20160620,33.53,37.18,33.53,37.18,140271.45,497443.324
601007.SH,20160620,12.15,12.18,11.9,12.17,20941.77,25307.863
600155.SH,20160620,12.42,12.74,12.3,12.52,54279.88,68000.91
600359.SH,20160620,9.91,9.98,9.6,9.88,156676.42,153421.57
000918.SZ,20160620,6.29,6.29,5.97,6.05,287453.35,175689.7329
603729.SH,20160620,71.42,76.98,71.42,74.35,11009.87,81514.577
002651.SZ,20160620,8.73,8.75,8.48,8.63,48842.49,41974.3757
300056.SZ,20160620,17.53,17.96,16.98,17.07,107050.42,186561.8826
002239.SZ,20160620,15.66,16.0,15.4,15.88,122722.46,192375.0763
002251.SZ,20160620,11.94,12.08,11.83,12.06,53819.69,64423.1641
300212.SZ,20160620,27.5,27.8,27.0,27.59,50637.57,139001.2549
600763.SH,20160620,28.42,28.87,28.15,28.64,33489.56,95545.791
002176.SZ,20160620,15.09,15.64,14.95,15.13,783393.5,1194879.9503
300416.SZ,20160620,28.45,29.7,27.5,29.31,34144.51,98566.3146
600613.SH,20160620,13.95,14.07,13.67,14.02,23698.22,32872.907
002332.SZ,20160620,10.15,10.24,10.0,10.18,61275.64,62013.8376
000021.SZ,20160620,8.74,8.92,8.61,8.88,194389.39,170867.2961
002394.SZ,20160620,14.29,14.6,14.2,14.44,35201.22,50613.7239
002462.SZ,20160620,35.2,35.48,34.0,34.44,37173.71,127440.549
002209.SZ,20160620,22.6,23.28,21.68,22.47,61845.0,137446.2322
300129.SZ,20160620,6.75,6.78,6.61,6.78,55158.28,36950.3818
000809.SZ,20160620,4.36,4.36,4.29,4.32,40467.1,17517.3686
000540.SZ,20160620,6.25,6.25,6.18,6.21,188503.21,117055.478
000709.SZ,20160620,2.7,2.71,2.66,2.69,579678.67,155507.9844
600720.SH,20160620,6.54,6.56,6.4,6.48,44968.66,29065.747
600678.SH,20160620,12.1,12.3,11.86,12.2,125813.45,151498.009
300160.SZ,20160620,12.72,12.9,12.27,12.5,110366.29,137601.0773
300436.SZ,20160620,62.0,62.1,59.37,61.23,14612.48,88839.7201
603818.SH,20160620,14.57,15.87,14.5,15.76,137105.99,210786.797
600635.SH,20160620,6.02,6.04,5.94,6.02,134292.44,80388.995
300288.SZ,20160620,33.7,34.47,33.4,33.77,24083.25,81073.739
600750.SH,20160620,30.38,30.62,29.81,30.42,35094.92,106196.826
300105.SZ,20160620,8.0,8.05,7.85,8.02,49365.08,39244.8591
002367.SZ,20160620,14.3,14.37,14.15,14.3,50564.14,72177.2712
600648.SH,20160620,18.32,18.4,18.11,18.29,42046.6,76627.471
300316.SZ,20160620,12.24,13.6,12.01,13.6,522657.45,685422.3408
600594.SH,20160620,14.89,14.97,14.61,14.86,43625.29,64638.56
600620.SH,20160620,14.8,15.0,14.6,14.71,23903.67,35243.629
600393.SH,20160620,11.7,11.79,11.55,11.63,20410.3,23687.934
601898.SH,20160620,4.79,4.81,4.72,4.73,119415.77,56730.778
300313.SZ,20160620,15.88,16.98,15.88,16.7,67888.99,113679.1222
600276.SH,20160620,39.34,39.5,38.92,39.17,35211.07,137971.886
002415.SZ,20160620,21.12,21.5,20.88,21.34,144175.24,306271.0397
002172.SZ,20160620,10.41,10.41,10.04,10.22,76223.55,77731.5521
000416.SZ,20160620,7.31,7.41,7.03,7.2,105787.85,75966.6368
600868.SH,20160620,4.49,4.52,4.4,4.51,348898.34,155111.426
300485.SZ,20160620,45.41,47.21,44.57,47.05,27767.88,127552.0674
002342.SZ,20160620,5.65,5.73,5.58,5.72,103281.55,58572.9166
603318.SH,20160620,55.1,59.9,54.11,58.26,61264.75,347942.359
000530.SZ,20160620,10.6,10.87,10.35,10.52,84718.35,89229.655
300088.SZ,20160620,15.76,15.88,15.32,15.67,747130.64,1163614.7539
000898.SZ,20160620,3.72,3.73,3.69,3.72,67373.8,25003.5014
002141.SZ,20160620,25.9,27.74,25.72,27.29,42838.94,115722.2879
002599.SZ,20160620,35.37,35.42,33.9,34.39,23967.36,82793.8264
600521.SH,20160620,24.4,24.6,23.73,24.07,53989.54,129524.087
300087.SZ,20160620,10.17,10.41,10.1,10.33,41619.68,42786.9995
300077.SZ,20160620,17.77,18.1,17.24,17.88,289669.01,514260.2265
601636.SH,20160620,3.15,3.16,3.07,3.12,356025.01,110586.665
002252.SZ,20160620,37.09,37.14,36.97,37.0,19538.34,72296.2991
300198.SZ,20160620,15.95,17.47,15.71,17.47,437757.62,725884.4893
002789.SZ,20160620,72.88,77.5,72.22,73.74,66341.39,497402.0362
600744.SH,20160620,5.37,5.39,5.3,5.31,60553.1,32259.537
600519.SH,20160620,279.77,279.86,274.0,276.11,19019.26,523759.587
600790.SH,20160620,5.75,5.78,5.66,5.76,75651.6,43281.844
002407.SZ,20160620,44.49,45.68,43.9,44.6,680496.22,3046036.1378
600882.SH,20160620,10.5,10.75,9.61,9.61,143481.59,142829.0
603002.SH,20160620,6.15,6.18,5.9,6.1,193608.95,116144.475
600568.SH,20160620,16.0,16.27,15.77,15.94,63536.08,101263.819
000301.SZ,20160620,4.28,4.33,4.23,4.26,113123.53,48175.5504
300383.SZ,20160620,34.41,34.9,33.51,33.98,65255.3,221040.3739
002490.SZ,20160620,8.17,8.29,8.12,8.25,63108.61,51833.8729
601009.SH,20160620,9.27,9.33,9.2,9.24,179968.08,166657.357
002539.SZ,20160620,15.6,15.67,15.12,15.22,105388.46,160696.8976
600397.SH,20160620,4.4,4.4,4.29,4.33,106837.53,46195.012
002031.SZ,20160620,13.6,14.22,13.59,14.14,276406.71,383916.0775
600725.SH,20160620,4.58,4.58,4.5,4.55,64032.91,28899.157
300099.SZ,20160620,8.38,8.38,7.92,8.04,192479.29,156001.9374
603737.SH,20160620,54.15,54.15,54.15,54.15,1332.01,7212.834
600230.SH,20160620,10.26,10.49,10.25,10.25,48354.0,49597.025
603000.SH,20160620,16.3,16.64,16.23,16.35,153358.69,251925.358
002592.SZ,20160620,31.79,31.79,30.37,31.19,15493.0,48035.4529
002466.SZ,20160620,44.99,46.48,44.63,45.41,492231.18,2239327.5133
603678.SH,20160620,68.72,72.5,67.41,72.39,23201.51,163705.009
603885.SH,20160620,26.8,27.0,26.02,26.88,33545.18,89063.944
600238.SH,20160620,11.9,11.91,11.76,11.83,27406.33,32396.868
002123.SZ,20160620,17.25,17.38,16.8,17.1,89113.12,151548.823
600371.SH,20160620,15.09,15.1,14.65,14.85,23316.52,34557.741
002392.SZ,20160620,4.87,5.09,4.81,5.0,185358.16,92596.8954
600638.SH,20160620,14.82,14.89,14.2,14.22,242969.33,352454.21
603618.SH,20160620,11.02,11.45,10.93,11.23,109072.58,122330.123
002493.SZ,20160620,11.5,11.71,11.39,11.65,34935.53,40401.1518
000605.SZ,20160620,17.26,17.27,16.6,17.08,17952.11,30423.1161
600196.SH,20160620,18.67,18.83,18.62,18.77,49855.54,93441.038
002242.SZ,20160620,17.9,18.17,17.82,17.92,60627.54,109119.324
002112.SZ,20160620,25.43,25.44,22.9,22.9,457879.41,1091156.8265
300053.SZ,20160620,16.52,17.28,16.2,17.13,400659.85,671457.2524
600662.SH,20160620,10.83,10.88,10.49,10.6,217612.74,230893.544
002564.SZ,20160620,7.27,7.33,7.15,7.27,81848.58,59091.4018
601886.SH,20160620,10.33,10.63,10.2,10.62,90447.58,94702.47
002580.SZ,20160620,19.45,19.65,19.03,19.51,138021.33,266887.6815
300475.SZ,20160620,25.49,26.88,25.01,26.34,86051.28,224152.9224
002137.SZ,20160620,13.15,13.63,13.15,13.5,113191.02,151524.0014
300036.SZ,20160620,20.49,20.6,19.75,20.38,200593.45,404059.0944
300306.SZ,20160620,21.5,22.24,21.3,22.23,40916.8,89250.3802
000691.SZ,20160620,8.84,8.84,8.84,8.84,5019.0,4436.796
000099.SZ,20160620,12.97,13.05,12.62,12.8,136861.33,174867.6276
000008.SZ,20160620,11.88,12.08,11.3,11.4,278298.89,322419.3405
002657.SZ,20160620,51.65,52.39,50.0,51.26,84335.37,429406.8125
600234.SH,20160620,13.23,13.23,13.23,13.23,5806.0,7681.338
002140.SZ,20160620,15.03,15.29,14.99,15.25,41492.41,62864.5839
000039.SZ,20160620,14.46,14.7,14.26,14.28,138822.15,200724.726
000567.SZ,20160620,30.41,30.82,29.61,30.2,23114.89,69567.0742
300244.SZ,20160620,30.7,30.98,30.01,30.68,43263.74,131756.0779
002552.SZ,20160620,13.5,13.94,13.4,13.82,64363.27,88314.6167
300153.SZ,20160620,31.33,31.59,29.36,29.99,376484.49,1138289.1676
002448.SZ,20160620,14.89,15.7,14.88,15.52,734823.05,1130642.7011
600129.SH,20160620,16.98,17.27,16.84,17.22,83137.41,142335.06
300145.SZ,20160620,21.66,22.13,21.02,22.0,36138.51,78762.5536
300131.SZ,20160620,11.2,11.6,11.06,11.17,610742.04,690897.3868
600585.SH,20160620,14.42,14.56,14.4,14.55,79557.21,115259.287
300395.SZ,20160620,25.5,27.25,24.5,27.01,93893.44,244717.5145
603123.SH,20160620,8.27,8.28,8.14,8.26,28149.0,23079.873
002177.SZ,20160620,9.6,9.66,9.22,9.49,432681.6,407824.8546
002408.SZ,20160620,5.34,5.4,5.24,5.34,122340.2,64802.2423
600094.SH,20160620,9.33,9.34,9.12,9.24,95597.56,87944.335
002085.SZ,20160620,15.81,15.96,15.5,15.79,51721.6,81689.2903
600172.SH,20160620,18.6,18.96,18.26,18.67,177303.52,330271.273
300335.SZ,20160620,15.0,15.74,14.8,15.5,70629.01,109153.0839
600559.SH,20160620,57.0,58.3,55.01,56.73,60409.45,341945.88
002378.SZ,20160620,10.7,10.76,10.38,10.6,231563.45,244202.491
000922.SZ,20160620,9.84,9.99,9.6,9.9,194166.58,190751.435
000046.SZ,20160620,9.68,9.75,9.62,9.69,26746.92,25884.0137
600705.SH,20160620,11.83,12.0,11.75,11.89,397223.76,470827.508
000023.SZ,20160620,30.97,30.97,28.12,29.17,72125.33,209679.8471
000066.SZ,20160620,10.38,10.41,10.15,10.38,123676.72,127227.9352
000030.SZ,20160620,7.15,7.35,7.12,7.26,68197.52,49290.6043
000423.SZ,20160620,50.8,52.5,50.66,52.41,109090.52,566094.4215
000589.SZ,20160620,5.15,5.21,5.1,5.19,71270.77,36717.3145
000531.SZ,20160620,12.98,13.25,12.64,13.05,195582.21,254193.9619
000671.SZ,20160620,6.09,6.17,6.0,6.1,183518.72,111247.5469
000697.SZ,20160620,22.64,23.6,22.61,23.54,168300.24,391706.5579
000800.SZ,20160620,11.01,11.15,10.98,11.02,263813.41,291684.9205
000810.SZ,20160620,17.25,17.61,16.84,17.41,127387.18,219466.3979
000977.SZ,20160620,22.1,22.65,21.71,22.64,192009.86,427296.9262
000951.SZ,20160620,9.86,10.07,9.61,9.75,69938.98,68614.6261
000969.SZ,20160620,15.06,15.19,14.58,14.89,219916.49,326593.2381
000996.SZ,20160620,19.77,19.77,18.89,19.38,96981.6,187318.7841
002093.SZ,20160620,11.59,11.71,11.28,11.6,179499.2,207227.6395
002156.SZ,20160620,12.89,13.42,12.48,13.17,674637.68,875868.8398
002315.SZ,20160620,61.79,63.5,60.85,63.2,16161.37,101019.1626
002383.SZ,20160620,34.0,34.76,33.68,34.62,62171.77,212148.6804
002396.SZ,20160620,18.3,18.5,17.88,18.29,95415.8,173976.2297
002370.SZ,20160620,28.96,29.43,28.58,29.2,12520.44,36296.4648
002424.SZ,20160620,16.36,16.64,16.27,16.5,57845.68,95266.4205
002463.SZ,20160620,5.41,5.63,5.33,5.6,466228.44,257224.5549
002429.SZ,20160620,7.88,7.93,7.68,7.81,155371.25,120717.5372
002481.SZ,20160620,7.08,7.1,6.98,7.03,129134.3,90577.1579
002543.SZ,20160620,17.89,18.21,17.83,17.88,53919.64,97203.0895
002573.SZ,20160620,17.15,17.23,16.9,16.97,95079.42,161591.2048
002560.SZ,20160620,10.24,10.27,9.92,10.17,91563.83,92576.1295
002699.SZ,20160620,33.0,33.3,31.9,33.21,55034.54,178986.2232
300004.SZ,20160620,19.85,20.32,19.7,19.99,88870.27,177646.333
300126.SZ,20160620,11.73,11.73,11.33,11.58,74198.41,85561.249
300097.SZ,20160620,60.59,62.85,59.0,60.8,96621.92,591672.5424
300134.SZ,20160620,29.75,30.94,29.33,30.32,334531.45,1013275.7019
300245.SZ,20160620,19.87,20.16,19.5,20.05,65721.41,130189.4427
300101.SZ,20160620,25.55,27.0,25.36,26.15,291207.43,764734.4693
300232.SZ,20160620,16.9,17.18,16.31,17.11,44720.09,75145.6441
300213.SZ,20160620,25.19,26.5,25.01,25.01,99756.32,255244.1047
300165.SZ,20160620,10.5,10.63,10.3,10.55,100072.15,104873.8088
300237.SZ,20160620,8.81,8.96,8.61,8.88,46911.03,41395.9848
300202.SZ,20160620,19.59,19.59,18.9,19.4,44478.83,85374.9703
300277.SZ,20160620,14.25,14.26,13.58,13.78,48761.58,67212.7984
300295.SZ,20160620,30.6,30.8,29.61,30.25,75759.99,227023.4758
300408.SZ,20160620,17.35,17.38,16.58,16.93,150810.27,253727.0086
300417.SZ,20160620,38.85,40.37,38.85,40.18,13181.38,52429.9588
300493.SZ,20160620,65.7,69.07,63.68,67.4,57768.04,385954.1399
300457.SZ,20160620,81.6,82.8,79.61,80.0,78750.7,635171.899
600038.SH,20160620,39.5,39.57,38.54,39.05,53172.1,207647.177
300014.SZ,20160620,46.85,47.78,45.05,47.43,278680.64,1296030.8314
000042.SZ,20160620,15.94,15.94,15.65,15.77,16052.07,25311.7195
600157.SH,20160620,3.97,3.97,3.88,3.9,339737.69,132499.201
600075.SH,20160620,10.75,11.16,10.58,11.06,118595.22,129680.202
600269.SH,20160620,4.34,4.37,4.32,4.34,45976.0,19954.989
600290.SH,20160620,9.38,9.42,9.23,9.36,40974.01,38184.334
600222.SH,20160620,7.92,7.97,7.7,7.88,67348.11,52595.226
600566.SH,20160620,24.28,24.83,24.13,24.8,31348.41,77006.884
600557.SH,20160620,19.81,19.98,19.62,19.86,79869.11,158072.429
600452.SH,20160620,34.1,35.55,32.6,32.71,13165.92,43372.963
600579.SH,20160620,13.08,13.48,13.08,13.16,24304.66,32260.13
600593.SH,20160620,29.95,30.51,29.39,29.99,11577.1,34509.688
600789.SH,20160620,8.81,8.83,8.66,8.75,69233.39,60381.172
600830.SH,20160620,9.06,9.14,8.92,9.11,70160.66,63469.468
600959.SH,20160620,13.7,13.75,13.44,13.64,56883.9,77163.361
600889.SH,20160620,10.13,10.24,10.04,10.21,37995.41,38537.848
600829.SH,20160620,13.69,13.96,13.39,13.87,19331.62,26420.385
600960.SH,20160620,10.28,10.28,9.9,10.19,128892.43,130006.853
601369.SH,20160620,6.17,6.26,6.15,6.24,41714.81,25894.151
603020.SH,20160620,21.68,21.68,21.08,21.38,48709.11,103811.381
601588.SH,20160620,4.33,4.55,4.31,4.39,329266.85,145683.394
601555.SH,20160620,12.49,12.62,12.25,12.6,380592.38,473958.408
603989.SH,20160620,31.26,32.2,30.74,31.44,61504.25,193876.861
600873.SH,20160620,6.24,6.25,6.11,6.17,409997.48,252392.398
600098.SH,20160620,7.81,7.81,7.62,7.69,59022.38,45397.181
603222.SH,20160620,28.75,29.59,28.6,28.99,42320.88,123438.928
300378.SZ,20160620,26.9,27.51,25.8,27.49,32416.74,86983.5162
002499.SZ,20160620,19.5,19.59,18.82,19.35,29843.01,57135.2939
002518.SZ,20160620,25.14,25.7,24.64,24.7,117985.54,294984.8388
600888.SH,20160620,7.22,7.27,7.02,7.25,113092.25,80564.688
002406.SZ,20160620,8.13,8.75,8.08,8.49,161374.19,136125.5683
601618.SH,20160620,3.75,3.76,3.68,3.69,331121.62,122721.046
600323.SH,20160620,12.28,12.39,12.21,12.38,31657.14,38976.072
600681.SH,20160620,9.49,9.6,9.2,9.37,31450.74,29257.407
002594.SZ,20160620,59.51,60.16,59.28,59.6,44497.36,265601.7911
002196.SZ,20160620,36.71,36.99,35.0,36.1,96951.99,350499.4721
600643.SH,20160620,8.92,8.93,8.72,8.87,140983.25,124498.758
000513.SZ,20160620,43.99,45.49,43.9,44.7,44672.64,200162.6598
601238.SH,20160620,22.64,22.85,22.21,22.46,15527.21,34832.036
000796.SZ,20160620,16.5,16.5,15.91,16.17,53897.81,86972.0826
601158.SH,20160620,6.36,6.4,6.33,6.37,31558.71,20057.879
600466.SH,20160620,7.89,7.95,7.79,7.89,70427.63,55396.284
300100.SZ,20160620,46.0,47.49,45.2,46.5,47996.68,221680.4091
300075.SZ,20160620,22.65,23.55,22.65,22.91,189973.81,438592.0271
002572.SZ,20160620,54.84,55.0,54.14,54.41,24429.33,132903.5213
002162.SZ,20160620,6.42,6.44,6.3,6.36,64522.84,40982.1036
002494.SZ,20160620,15.26,15.38,14.92,15.14,62194.94,93781.9576
300443.SZ,20160620,62.38,63.18,61.01,62.98,18404.11,114372.9686
600610.SH,20160620,13.62,13.66,13.22,13.36,128515.6,171865.736
600122.SH,20160620,13.96,14.14,13.7,13.97,431864.73,600224.956
000917.SZ,20160620,15.04,15.1,14.63,14.97,321905.85,477758.9814
002660.SZ,20160620,14.8,15.45,14.8,15.17,147235.92,223144.926
603701.SH,20160620,74.5,78.45,73.5,75.98,89341.25,675915.155
000656.SZ,20160620,3.53,3.54,3.47,3.52,163406.94,57185.3355
002668.SZ,20160620,57.19,59.0,56.35,58.28,19682.43,113773.6433
600995.SH,20160620,10.25,10.67,10.09,10.61,112266.81,117300.498
600084.SH,20160620,5.7,5.87,5.65,5.83,94506.57,54717.79
002062.SZ,20160620,6.04,6.1,5.93,6.0,148711.28,89181.4408
002411.SZ,20160620,17.54,17.66,17.14,17.33,92990.39,160621.3115
600361.SH,20160620,6.17,6.17,6.02,6.11,23951.92,14587.061
300002.SZ,20160620,9.0,9.2,8.82,9.11,166992.28,150856.3242
002440.SZ,20160620,14.44,14.49,14.17,14.37,58520.52,83707.9895
601669.SH,20160620,5.68,5.7,5.64,5.66,157082.31,88863.144
600978.SH,20160620,10.73,10.76,10.53,10.6,194659.72,206498.995
002701.SZ,20160620,8.53,8.59,8.49,8.58,97365.08,83303.4721
600187.SH,20160620,4.43,4.45,4.33,4.41,83253.98,36510.493
600058.SH,20160620,19.82,19.91,19.11,19.26,289647.65,559949.538
002700.SZ,20160620,13.96,14.14,13.75,13.84,24321.73,33774.1356
601616.SH,20160620,5.5,5.5,5.4,5.46,52085.2,28290.905
300108.SZ,20160620,8.3,8.3,8.1,8.21,26956.99,22017.8334
603368.SH,20160620,79.4,83.6,79.01,82.76,24338.52,199802.395
300358.SZ,20160620,18.4,18.76,17.92,18.48,33203.94,60924.1649
601211.SH,20160620,17.29,17.38,17.06,17.33,146154.7,251544.047
000606.SZ,20160620,10.42,11.07,10.42,10.86,133364.39,144847.8674
600597.SH,20160620,12.91,12.97,12.52,12.77,60377.88,76737.139
002290.SZ,20160620,25.2,26.63,25.2,26.59,61965.44,161457.2851
601788.SH,20160620,15.88,15.99,15.67,15.96,219644.27,347370.358
603518.SH,20160620,27.08,27.98,27.03,27.9,18778.1,52046.246
000792.SZ,20160620,20.2,20.66,20.03,20.36,361666.57,735603.3941
600820.SH,20160620,8.35,8.4,8.28,8.36,150795.27,125464.317
600050.SH,20160620,3.84,3.85,3.82,3.84,473111.55,181350.098
002021.SZ,20160620,8.73,8.76,8.34,8.54,90365.88,77026.9643
000623.SZ,20160620,24.3,24.33,24.07,24.2,59819.69,144613.88
000554.SZ,20160620,8.4,8.43,8.25,8.34,94488.39,78679.6001
000501.SZ,20160620,15.25,15.35,15.17,15.31,25907.4,39490.5728
600807.SH,20160620,11.42,11.5,11.16,11.23,108890.39,122812.862
601398.SH,20160620,4.39,4.4,4.37,4.39,364319.77,160008.927
300398.SZ,20160620,73.35,80.5,72.55,79.23,30151.5,230979.0382
600680.SH,20160620,43.0,43.98,42.67,43.2,35722.26,154106.737
002142.SZ,20160620,14.31,14.37,14.25,14.32,80474.53,115127.3695
000669.SZ,20160620,16.67,16.73,16.23,16.37,48713.05,79740.5406
002460.SZ,20160620,70.49,71.75,69.01,71.5,369108.0,2599493.5335
300294.SZ,20160620,55.3,55.98,54.91,55.27,30768.71,170031.5319
000731.SZ,20160620,7.3,7.32,7.1,7.18,134010.74,96196.3399
600748.SH,20160620,9.48,9.55,9.35,9.47,25591.77,24121.978
000826.SZ,20160620,29.75,29.88,29.39,29.7,20626.06,61082.1849
600271.SH,20160620,22.88,23.33,22.15,22.84,278225.98,633053.095
601006.SH,20160620,6.36,6.37,6.33,6.36,168769.56,107136.201
002336.SZ,20160620,10.04,10.22,9.8,9.91,53334.01,52805.9
600506.SH,20160620,23.4,23.4,22.0,22.61,61874.61,140845.224
601101.SH,20160620,6.2,6.2,6.1,6.14,42316.69,25961.645
600064.SH,20160620,14.56,14.72,14.38,14.71,50956.05,74073.917
000625.SZ,20160620,14.01,14.07,13.87,13.96,159447.91,222585.0829
600052.SH,20160620,6.14,6.44,6.1,6.38,83938.14,52913.417
600273.SH,20160620,10.08,10.2,9.54,9.71,916823.38,905110.067
002486.SZ,20160620,4.63,4.7,4.6,4.65,75390.23,34974.7412
600555.SH,20160620,5.97,6.0,5.86,5.89,105874.78,62415.206
002159.SZ,20160620,25.4,25.87,24.7,25.31,41383.14,103992.1564
600773.SH,20160620,16.1,16.38,15.75,16.18,204186.86,327861.198
002783.SZ,20160620,86.01,94.16,86.01,91.0,41812.12,383605.3666
002066.SZ,20160620,16.03,16.18,15.39,15.67,80631.1,126356.3894
000722.SZ,20160620,13.93,13.95,13.72,13.9,31872.52,44074.4869
002213.SZ,20160620,18.79,19.62,18.33,19.52,60465.0,113298.721
002078.SZ,20160620,4.59,4.65,4.52,4.64,235503.46,108523.0303
600793.SH,20160620,25.48,25.95,25.46,25.5,17454.29,44464.684
001872.SZ,20160620,15.01,15.13,14.92,15.03,12795.92,19216.3052
001914.SZ,20160620,7.63,7.77,7.48,7.69,67270.6,51283.024
920566.BJ,20160620,10.45,10.45,10.4,10.4,40.0,41.65
920964.BJ,20160620,6.57,6.62,6.49,6.61,530.0,347.56
832317.BJ,20160620,11.61,11.77,11.6,11.77,220.0,256.53
920489.BJ,20160620,5.95,5.95,5.61,5.65,280.0,159.96
920225.BJ,20160620,7.0,7.0,7.0,7.0,350.0,245.0
920418.BJ,20160620,10.15,10.18,10.15,10.18,60.0,60.93
920090.BJ,20160620,2.31,2.33,2.21,2.21,550.0,126.11
920021.BJ,20160620,14.95,15.45,14.95,15.45,90.0,136.31
920839.BJ,20160620,1.6,1.6,1.6,1.6,10.0,1.6
920370.BJ,20160620,8.32,8.69,8.32,8.69,50.0,42.15
920961.BJ,20160620,9.22,9.22,9.09,9.2,36.0,32.994
920445.BJ,20160620,5.08,5.08,5.0,5.07,280.0,141.84
920010.BJ,20160620,3.08,3.09,3.08,3.09,200.0,61.7
920047.BJ,20160620,12.0,12.0,12.0,12.0,100.0,120.0
920454.BJ,20160620,2.86,2.86,2.57,2.58,120.0,32.86
920185.BJ,20160620,33.4,33.69,33.4,33.69,260.0,871.42
833994.BJ,20160620,10.6,10.6,10.6,10.6,10.0,10.6
920682.BJ,20160620,10.0,10.0,10.0,10.0,500.0,500.0
920508.BJ,20160620,7.28,7.28,7.28,7.28,10.0,7.28
920819.BJ,20160620,5.07,5.07,5.07,5.07,80.0,40.56
920415.BJ,20160620,9.74,9.74,8.93,9.15,410.0,376.81
920685.BJ,20160620,9.3,9.3,8.92,8.92,60.0,54.63
920171.BJ,20160620,9.15,9.18,9.05,9.14,140.0,127.55
920689.BJ,20160620,4.68,4.68,4.68,4.68,30.0,14.04
920491.BJ,20160620,13.6,13.65,13.6,13.65,370.0,504.8
920266.BJ,20160620,19.6,19.6,19.6,19.6,10.0,19.6
920139.BJ,20160620,4.7,4.7,4.5,4.6,360.0,165.4
920152.BJ,20160620,5.6,5.6,5.51,5.51,40.0,22.21
920300.BJ,20160620,7.33,7.55,7.32,7.55,160.0,119.47
920718.BJ,20160620,3.8,3.85,3.77,3.85,80.0,30.39
920571.BJ,20160620,3.08,3.08,3.08,3.08,10.0,3.08
920879.BJ,20160620,6.87,6.9,6.87,6.9,190.0,130.76
920249.BJ,20160620,6.43,6.43,6.43,6.43,20.0,12.86
920478.BJ,20160620,5.8,5.8,5.51,5.51,90.0,51.13
920809.BJ,20160620,12.49,12.6,12.01,12.08,6240.0,7600.34
920023.BJ,20160620,2.99,3.21,2.99,3.21,3570.0,1107.0
920556.BJ,20160620,4.39,4.48,4.37,4.48,850.0,374.95
920017.BJ,20160620,21.55,21.55,21.55,21.55,10.0,21.55
920982.BJ,20160620,22.4,22.4,21.08,21.9,130.0,278.54
920175.BJ,20160620,2.27,2.27,2.2,2.26,590.0,131.81
920198.BJ,20160620,7.49,7.6,7.32,7.6,270.0,203.92
920978.BJ,20160620,2.91,2.95,2.85,2.95,190.0,55.09
920786.BJ,20160620,9.0,9.0,9.0,9.0,10.0,9.0
920469.BJ,20160620,13.3,13.3,13.3,13.3,10.0,13.3
920284.BJ,20160620,2.4,2.4,2.4,2.4,6800.0,1632.0
920375.BJ,20160620,16.66,16.66,16.66,16.66,10.0,16.66
302132.SZ,20160620,26.65,28.65,25.6,28.21,105383.98,289167.0803
