ts_code,trade_date,open,high,low,close,vol,amount
000998.SZ,20210121,18.72,19.19,18.57,19.11,287638.3,545901.23
000999.SZ,20210121,26.1,26.25,25.89,26.04,35341.46,92068.904
600000.SH,20210121,9.99,10.07,9.93,9.97,536229.07,536180.004
600006.SH,20210121,7.38,7.54,7.11,7.51,1078700.4,796305.047
600007.SH,20210121,12.58,12.59,12.42,12.48,8867.9,11055.428
600008.SH,20210121,2.88,2.9,2.87,2.88,354866.64,102266.138
600009.SH,20210121,70.0,71.3,69.8,70.92,171090.5,1207497.503
600010.SH,20210121,1.19,1.28,1.18,1.24,15289784.66,1890069.37
600011.SH,20210121,4.49,4.5,4.44,4.44,340475.42,151945.92
600016.SH,20210121,5.22,5.25,5.2,5.21,815551.15,425924.285
600019.SH,20210121,6.75,6.84,6.66,6.81,2029893.95,1369453.613
600028.SH,20210121,4.15,4.19,4.13,4.16,1057164.0,439944.753
600033.SH,20210121,2.62,2.63,2.62,2.63,23643.66,6197.758
600036.SH,20210121,52.97,53.5,52.15,52.64,736714.59,3886756.922
600037.SH,20210121,9.17,9.26,9.1,9.14,109027.0,99996.341
600038.SH,20210121,62.6,63.64,62.23,62.73,80700.33,508054.507
600051.SH,20210121,8.31,8.38,8.3,8.34,23814.15,19890.48
600052.SH,20210121,2.94,2.96,2.92,2.92,24423.0,7173.526
600053.SH,20210121,19.21,19.72,19.03,19.37,49416.03,95640.872
600054.SH,20210121,9.07,9.13,8.9,8.92,37595.75,33874.905
600055.SH,20210121,10.28,10.28,10.14,10.26,43016.07,43979.946
600056.SH,20210121,14.37,14.5,14.35,14.44,75426.41,108824.058
600057.SH,20210121,5.69,5.69,5.6,5.64,90257.17,50899.777
600058.SH,20210121,6.61,7.3,6.6,7.3,335389.56,240256.78
600059.SH,20210121,14.1,15.07,13.73,14.48,651311.73,931500.962
600060.SH,20210121,11.77,12.24,11.77,12.17,338892.94,408252.076
600061.SH,20210121,13.9,14.33,13.81,14.06,384150.43,540407.763
600062.SH,20210121,11.94,12.16,11.94,12.04,61209.08,73765.62
600063.SH,20210121,3.87,3.89,3.79,3.81,293295.0,112639.873
600064.SH,20210121,10.23,10.28,10.17,10.18,68130.92,69643.11
600066.SH,20210121,14.59,14.59,14.2,14.4,210507.96,302412.248
600067.SH,20210121,3.59,3.6,3.51,3.55,67462.65,23966.232
600068.SH,20210121,6.61,6.63,6.58,6.6,215273.65,142156.63
600070.SH,20210121,8.25,8.38,8.13,8.28,111138.9,91691.384
600071.SH,20210121,16.46,16.98,16.4,16.42,88910.27,148042.351
600072.SH,20210121,13.27,13.54,13.08,13.4,169172.07,225608.903
600073.SH,20210121,9.72,9.99,9.68,9.95,185391.27,183445.831
600075.SH,20210121,5.85,5.96,5.8,5.85,127025.68,74855.038
600076.SH,20210121,3.41,3.42,3.36,3.39,58450.16,19822.425
600077.SH,20210121,2.76,2.8,2.73,2.78,83017.0,23057.942
600078.SH,20210121,3.58,3.64,3.54,3.6,52983.01,19046.742
600079.SH,20210121,30.0,32.86,29.98,31.15,374786.75,1189194.709
600080.SH,20210121,5.5,5.56,5.46,5.54,8237.32,4551.192
600081.SH,20210121,13.66,13.77,13.21,13.52,118906.38,159840.536
600082.SH,20210121,2.75,2.82,2.74,2.78,35034.81,9738.317
600433.SH,20210121,4.91,5.0,4.8,4.85,513138.4,250109.886
600490.SH,20210121,4.11,4.29,4.08,4.19,342226.47,143931.357
600273.SH,20210121,8.5,8.77,8.45,8.59,144438.21,124739.833
300838.SZ,20210121,17.68,18.07,17.68,17.69,7076.0,12627.591
600031.SH,20210121,40.42,41.8,40.42,41.8,1379488.13,5684796.514
600435.SH,20210121,9.43,9.62,9.29,9.4,576267.71,545326.9
601598.SH,20210121,4.27,4.37,4.23,4.33,331741.5,142871.157
600439.SH,20210121,2.48,2.58,2.45,2.5,135227.58,33865.55
600271.SH,20210121,12.77,12.88,12.7,12.74,79560.54,101691.042
600423.SH,20210121,2.24,2.25,2.2,2.24,10760.73,2394.126
600475.SH,20210121,10.89,11.09,10.81,10.93,17198.71,18788.687
600425.SH,20210121,3.65,3.66,3.62,3.63,121098.72,44041.931
600029.SH,20210121,5.7,5.72,5.65,5.68,353068.39,200634.114
600546.SH,20210121,7.4,7.64,7.34,7.54,555245.82,416142.971
600352.SH,20210121,15.08,15.48,14.92,15.12,932408.07,1419983.624
688519.SH,20210121,28.08,28.27,27.73,27.93,10427.66,29233.096
600020.SH,20210121,3.27,3.28,3.24,3.25,51451.61,16728.674
600489.SH,20210121,8.49,8.58,8.41,8.52,335805.64,285553.817
600480.SH,20210121,8.52,8.7,8.5,8.59,57254.81,49100.363
300822.SZ,20210121,43.34,44.11,42.62,42.85,12706.11,55012.643
002979.SZ,20210121,42.88,45.15,42.61,44.76,24958.85,110354.504
600348.SH,20210121,5.24,5.43,5.24,5.37,298749.69,160376.643
600487.SH,20210121,13.7,13.76,13.55,13.67,137477.08,187903.475
600547.SH,20210121,23.16,23.19,22.93,23.06,242223.38,558662.763
600449.SH,20210121,13.17,13.31,13.14,13.24,31801.0,42038.77
600462.SH,20210121,2.04,2.07,2.03,2.07,20923.68,4300.608
600015.SH,20210121,6.25,6.27,6.21,6.23,255854.43,159658.262
600429.SH,20210121,4.84,4.9,4.83,4.86,101643.35,49335.645
600478.SH,20210121,4.1,4.34,4.07,4.24,403233.2,170797.387
003008.SZ,20210121,36.79,36.79,36.02,36.31,8034.19,29191.656
600507.SH,20210121,7.18,7.33,7.13,7.15,479796.25,345537.552
600403.SH,20210121,4.29,4.55,4.26,4.5,425762.64,189471.147
600517.SH,20210121,6.2,6.36,6.12,6.19,280080.29,174643.429
688099.SH,20210121,80.95,81.9,77.6,78.14,22918.42,180851.326
688002.SH,20210121,108.94,108.94,104.7,106.49,29469.2,312297.657
688116.SH,20210121,68.74,72.0,67.1,69.59,27570.73,192055.591
688218.SH,20210121,17.19,17.23,16.83,16.99,7710.1,13102.865
688005.SH,20210121,68.05,68.5,63.48,65.24,126500.15,827941.835
688526.SH,20210121,45.0,45.8,42.42,44.94,37747.48,169204.077
002993.SZ,20210121,63.33,63.76,62.42,62.76,16964.21,106980.036
300843.SZ,20210121,28.4,28.86,28.1,28.27,31044.41,88172.513
002987.SZ,20210121,51.0,51.08,50.2,50.75,11262.66,57018.058
600406.SH,20210121,29.8,30.38,29.19,29.8,244131.42,727459.94
600469.SH,20210121,6.19,6.58,6.0,6.15,730777.91,468160.402
600021.SH,20210121,7.06,7.1,7.04,7.05,45805.48,32342.718
300115.SZ,20210121,30.95,33.0,30.2,30.96,311011.74,974709.862
002478.SZ,20210121,4.27,4.27,4.22,4.23,34628.0,14698.949
002471.SZ,20210121,2.48,2.55,2.46,2.51,117345.88,29444.003
002527.SZ,20210121,5.58,5.58,5.5,5.56,29844.2,16542.733
002473.SZ,20210121,5.28,5.28,5.15,5.2,2279.0,1185.954
002530.SZ,20210121,8.21,8.37,8.14,8.26,89467.91,74101.662
002614.SZ,20210121,14.98,15.66,14.89,15.18,141151.86,215409.324
002472.SZ,20210121,8.81,9.01,8.73,8.99,108865.7,96651.21
002595.SZ,20210121,32.28,33.18,32.0,32.92,39582.29,128774.236
002569.SZ,20210121,8.5,8.76,8.44,8.7,5345.5,4617.779
601336.SH,20210121,55.31,55.45,54.1,54.8,178146.2,974344.764
002475.SZ,20210121,56.46,58.5,56.41,57.9,900293.33,5174934.256
300128.SZ,20210121,3.55,3.68,3.54,3.6,327302.43,118145.603
601098.SH,20210121,9.25,9.31,9.12,9.14,101513.36,93541.023
300120.SZ,20210121,9.45,9.53,9.24,9.26,74018.7,69438.998
002479.SZ,20210121,5.6,5.64,5.54,5.57,56428.54,31524.982
002480.SZ,20210121,4.69,4.72,4.61,4.68,51667.96,24125.585
002481.SZ,20210121,12.7,13.08,12.64,13.04,126337.29,163518.582
300121.SZ,20210121,11.65,12.1,11.54,11.65,54170.8,63967.327
300119.SZ,20210121,19.26,21.17,19.1,20.3,91007.91,183077.366
601818.SH,20210121,4.13,4.28,4.13,4.23,2467300.84,1043001.957
300125.SZ,20210121,14.11,14.25,13.86,14.06,18093.38,25375.674
002486.SZ,20210121,3.45,3.57,3.41,3.49,285886.68,99282.029
002482.SZ,20210121,2.84,2.91,2.83,2.89,99438.26,28554.261
002500.SZ,20210121,7.8,7.99,7.75,7.86,411168.89,323737.423
002485.SZ,20210121,4.54,4.61,4.51,4.59,15396.64,7031.884
002521.SZ,20210121,5.93,5.94,5.77,5.8,76306.67,44626.582
300123.SZ,20210121,12.64,12.72,12.46,12.55,271405.3,340997.595
300122.SZ,20210121,143.71,151.0,143.71,150.9,226764.62,3366475.637
002488.SZ,20210121,8.35,8.41,7.9,8.05,355786.54,288225.091
002487.SZ,20210121,8.26,8.3,8.01,8.24,100167.23,82116.601
002495.SZ,20210121,2.3,2.38,2.3,2.35,82885.4,19512.249
002615.SZ,20210121,4.09,4.15,4.03,4.12,20122.5,8261.403
300127.SZ,20210121,17.31,18.8,17.2,18.36,197101.47,360395.251
002518.SZ,20210121,12.71,13.84,12.7,13.68,147934.57,199034.437
600998.SH,20210121,18.81,19.01,18.62,18.85,94037.84,176843.725
002493.SZ,20210121,32.4,34.79,32.37,34.05,489674.83,1660749.041
002491.SZ,20210121,4.06,4.12,4.02,4.07,62786.83,25551.256
601028.SH,20210121,11.59,11.75,11.47,11.72,21310.59,24782.526
002483.SZ,20210121,5.3,5.34,5.08,5.11,159193.2,82366.923
300134.SZ,20210121,10.81,11.05,10.59,10.77,121985.5,132474.631
300135.SZ,20210121,2.38,2.55,2.34,2.43,296369.34,72356.638
300130.SZ,20210121,10.44,10.74,10.42,10.69,51421.87,54723.383
300329.SZ,20210121,6.52,6.71,6.52,6.6,19842.02,13154.459
002497.SZ,20210121,26.0,26.8,25.56,25.84,1038074.63,2707384.955
300288.SZ,20210121,10.12,10.34,10.07,10.24,34417.02,35230.825
002668.SZ,20210121,4.92,4.97,4.84,4.91,472059.11,231503.551
002642.SZ,20210121,4.67,4.86,4.57,4.74,155716.32,73655.656
002651.SZ,20210121,11.24,11.99,11.24,11.68,120315.0,140938.907
603599.SH,20210121,28.15,29.82,28.15,28.91,218623.23,636845.627
300324.SZ,20210121,3.87,3.96,3.8,3.88,276075.63,107315.525
300350.SZ,20210121,4.55,5.05,4.51,4.74,232887.33,111569.104
002149.SZ,20210121,14.3,15.75,14.09,15.31,546743.69,831242.573
002296.SZ,20210121,6.52,6.53,6.43,6.48,32536.19,21086.861
300463.SZ,20210121,53.58,55.98,50.87,51.4,144505.98,761686.656
300398.SZ,20210121,17.92,18.22,17.81,17.95,66676.4,120261.604
603696.SH,20210121,10.42,10.9,10.29,10.73,49680.45,52742.908
002730.SZ,20210121,11.38,11.51,11.02,11.12,35082.44,39670.979
601828.SH,20210121,9.99,10.0,9.85,9.97,55623.55,55289.664
603013.SH,20210121,13.68,13.89,13.53,13.82,16981.23,23368.309
002761.SZ,20210121,8.14,8.29,8.02,8.16,22958.13,18690.32
603318.SH,20210121,6.52,6.54,6.42,6.48,32797.95,21262.06
300523.SZ,20210121,29.95,30.48,29.7,29.98,11890.87,35729.101
300443.SZ,20210121,36.27,39.34,35.52,38.7,172071.09,651281.345
300455.SZ,20210121,11.45,12.05,11.12,11.76,100617.55,116627.654
300449.SZ,20210121,11.21,11.49,11.07,11.44,182178.2,207234.24
603726.SH,20210121,11.55,11.61,11.41,11.44,6130.84,7040.727
002768.SZ,20210121,31.24,32.97,31.05,32.94,75290.75,241031.715
603015.SH,20210121,6.08,6.13,6.03,6.05,17517.0,10648.059
603959.SH,20210121,10.69,11.01,10.65,10.77,47973.27,51730.261
603368.SH,20210121,21.42,22.09,21.4,21.96,41750.99,91155.227
002791.SZ,20210121,178.09,181.35,175.31,180.0,13743.77,246047.308
002732.SZ,20210121,23.06,23.56,22.91,23.31,14959.12,34848.825
002808.SZ,20210121,7.49,7.57,7.45,7.49,22374.17,16832.922
300384.SZ,20210121,14.01,14.55,14.01,14.32,16211.32,23235.466
603383.SH,20210121,29.06,29.72,29.0,29.24,17230.46,50559.671
300406.SZ,20210121,23.31,23.64,22.5,22.68,56636.3,129620.204
603188.SH,20210121,5.05,5.06,5.01,5.01,12849.0,6453.342
300511.SZ,20210121,11.44,11.51,11.3,11.41,79402.57,90729.114
300441.SZ,20210121,9.78,9.79,9.56,9.7,100490.94,96948.172
603116.SH,20210121,5.72,5.8,5.71,5.73,9569.4,5501.533
300513.SZ,20210121,10.68,10.77,10.38,10.64,55424.04,58980.523
002786.SZ,20210121,6.46,6.52,6.38,6.46,17288.0,11170.359
603866.SH,20210121,56.8,57.5,55.86,56.8,33118.93,188684.954
600959.SH,20210121,3.21,3.25,3.19,3.19,195751.08,62935.692
002776.SZ,20210121,5.16,5.29,5.13,5.2,110718.49,57608.549
002771.SZ,20210121,11.13,11.24,11.0,11.12,13456.84,14941.934
300448.SZ,20210121,7.49,7.61,7.36,7.42,115130.64,86033.874
603730.SH,20210121,29.45,30.59,29.13,30.04,18862.73,56818.156
603101.SH,20210121,4.51,4.59,4.51,4.52,42139.52,19159.882
300561.SZ,20210121,14.94,17.54,14.94,17.54,143414.52,246397.301
603716.SH,20210121,14.84,15.1,14.84,14.89,10299.0,15393.491
300548.SZ,20210121,39.26,39.86,38.23,38.68,69367.03,270378.326
603416.SH,20210121,90.07,91.5,87.0,89.43,17324.4,155618.592
300459.SZ,20210121,3.47,3.6,3.41,3.5,1378181.04,484739.872
300487.SZ,20210121,51.0,51.21,49.7,50.1,29323.07,147430.969
300457.SZ,20210121,20.84,21.78,20.27,21.62,291244.01,611054.283
300515.SZ,20210121,9.45,9.59,9.34,9.45,22022.0,20846.804
603968.SH,20210121,15.56,15.79,15.5,15.62,10170.04,15932.599
603633.SH,20210121,9.01,9.36,8.9,9.14,24660.3,22584.869
300631.SZ,20210121,16.3,17.45,16.22,17.09,57316.99,97530.678
300551.SZ,20210121,27.7,28.5,27.19,27.5,27936.6,77183.587
603505.SH,20210121,29.01,29.48,28.18,28.85,63299.1,182210.398
603098.SH,20210121,8.35,8.35,8.16,8.2,4798.2,3948.361
300569.SZ,20210121,14.32,15.85,14.27,15.2,239199.63,361258.245
002842.SZ,20210121,9.19,9.8,9.07,9.52,88967.31,84664.96
603239.SH,20210121,17.46,17.64,17.2,17.34,17273.0,29985.172
300451.SZ,20210121,12.8,12.99,12.48,12.9,97745.92,124943.595
300541.SZ,20210121,16.02,16.65,15.81,16.13,104117.63,168640.526
603559.SH,20210121,14.6,14.84,14.58,14.69,18023.82,26556.82
603983.SH,20210121,53.59,53.94,52.71,53.58,13791.8,73650.782
300394.SZ,20210121,50.06,50.63,49.45,49.85,32294.79,161309.193
601858.SH,20210121,9.46,9.62,9.41,9.55,19806.02,18907.462
300558.SZ,20210121,134.25,139.65,131.0,137.8,57159.62,769194.184
603727.SH,20210121,15.57,16.08,15.53,15.64,20904.65,32833.138
002824.SZ,20210121,13.71,14.49,13.57,14.12,55915.13,78657.615
603888.SH,20210121,20.28,20.34,19.55,19.58,82271.13,162746.38
300560.SZ,20210121,14.66,14.85,14.6,14.66,18424.3,27090.392
603203.SH,20210121,26.63,26.81,26.3,26.55,5508.12,14608.487
601163.SH,20210121,17.61,17.88,17.44,17.58,99773.35,175444.442
002836.SZ,20210121,9.04,9.18,8.9,9.01,6461.0,5840.619
002865.SZ,20210121,19.12,19.3,18.63,18.8,26402.22,49919.514
603669.SH,20210121,8.54,8.54,8.33,8.41,48769.49,41043.121
603708.SH,20210121,22.34,23.46,22.21,22.55,112186.07,256877.892
300564.SZ,20210121,24.0,24.84,23.58,23.63,18324.0,44276.189
300553.SZ,20210121,27.29,28.34,27.29,27.66,7945.15,22095.437
300458.SZ,20210121,34.45,34.7,33.29,33.6,72563.56,245404.325
300413.SZ,20210121,86.24,92.04,86.24,90.51,135153.47,1217094.73
300481.SZ,20210121,21.31,21.97,21.28,21.6,39688.74,86195.913
300408.SZ,20210121,40.8,42.18,40.39,41.61,198064.25,820875.47
603322.SH,20210121,16.49,16.49,16.0,16.19,10213.2,16552.705
300582.SZ,20210121,18.12,18.36,17.61,18.01,108893.75,195729.048
300557.SZ,20210121,24.64,25.23,24.58,24.7,8502.67,21116.878
603336.SH,20210121,9.72,9.86,9.66,9.78,81777.92,79996.979
300623.SZ,20210121,45.7,47.65,45.51,47.04,192246.93,898864.156
603379.SH,20210121,17.09,17.31,16.93,17.19,14041.0,24099.168
300735.SZ,20210121,14.69,14.9,14.54,14.77,101794.08,149868.637
002928.SZ,20210121,11.96,12.02,11.73,12.0,70220.66,83561.621
300722.SZ,20210121,52.2,54.05,52.2,52.37,38817.68,205893.724
603486.SH,20210121,118.18,118.18,110.0,113.5,37426.95,426422.817
603949.SH,20210121,15.93,15.94,15.93,15.94,27941.22,44534.096
300807.SZ,20210121,32.42,32.59,31.6,31.77,43011.64,137743.591
601200.SH,20210121,10.9,11.01,10.87,10.92,51423.79,56268.578
300773.SZ,20210121,30.5,32.2,30.5,31.2,158209.23,496225.447
300737.SZ,20210121,24.0,24.3,23.68,23.97,136905.85,327766.192
603733.SH,20210121,26.11,26.47,25.56,26.06,118787.2,308417.713
601990.SH,20210121,11.58,11.8,11.56,11.68,319012.1,373085.226
603897.SH,20210121,16.58,16.74,16.56,16.58,6312.0,10509.612
300725.SZ,20210121,176.11,176.11,168.0,169.61,30741.52,525011.987
603596.SH,20210121,37.09,39.69,36.66,39.06,54630.34,210650.707
002978.SZ,20210121,43.58,45.98,43.22,45.2,27036.08,121671.99
603666.SH,20210121,93.88,94.37,92.06,92.55,7398.41,68790.971
603890.SH,20210121,13.75,14.28,13.64,13.97,86812.82,121858.288
300848.SZ,20210121,49.05,49.83,48.48,48.98,6173.0,30304.459
300786.SZ,20210121,21.54,22.57,21.51,22.49,20849.2,46377.829
300781.SZ,20210121,28.8,33.54,28.66,30.82,87987.46,270179.44
300810.SZ,20210121,35.91,36.6,35.84,36.17,5214.21,18902.321
300783.SZ,20210121,42.38,47.98,42.38,46.14,90038.85,404687.679
300785.SZ,20210121,85.54,88.45,85.0,87.55,5305.9,46397.182
603477.SH,20210121,10.63,10.75,10.45,10.64,13828.0,14610.695
300724.SZ,20210121,136.53,139.36,134.2,136.88,34312.36,468278.084
300745.SZ,20210121,17.74,18.39,17.73,17.86,15150.0,27337.05
300740.SZ,20210121,23.27,23.58,22.8,22.96,128895.03,297974.078
300935.SZ,20210121,173.0,180.02,166.11,172.22,66552.19,1148526.471
603105.SH,20210121,8.25,8.29,8.14,8.24,49351.1,40557.521
300624.SZ,20210121,57.65,59.3,57.39,58.2,24046.42,140393.148
002981.SZ,20210121,26.23,26.5,25.69,25.79,6778.0,17548.13
603879.SH,20210121,6.96,6.96,6.82,6.92,16735.6,11533.591
688111.SH,20210121,460.8,474.4,450.55,469.1,15549.07,720572.722
002931.SZ,20210121,17.11,17.22,16.4,16.46,38592.6,64288.073
605266.SH,20210121,106.82,111.88,106.32,108.07,9291.93,101498.354
300788.SZ,20210121,39.6,40.02,38.78,39.43,11431.7,45087.643
300749.SZ,20210121,8.35,8.62,8.26,8.44,17652.8,14975.304
603516.SH,20210121,30.98,31.15,30.4,30.65,9138.04,28157.983
603279.SH,20210121,17.6,17.85,17.37,17.41,42573.41,74830.357
603773.SH,20210121,25.78,26.55,25.78,25.92,10097.0,26223.362
300760.SZ,20210121,450.0,463.51,450.0,456.91,53460.17,2444735.363
300771.SZ,20210121,26.88,27.36,26.61,26.91,8157.22,22010.437
603301.SH,20210121,65.78,67.54,65.7,67.09,75256.19,503472.323
603648.SH,20210121,7.84,7.94,7.84,7.84,16680.0,13137.837
300649.SZ,20210121,13.65,13.8,13.5,13.59,4774.0,6512.247
603329.SH,20210121,11.84,12.28,11.84,12.27,13215.73,16011.632
688056.SH,20210121,29.99,30.37,29.63,30.19,2845.43,8552.473
603933.SH,20210121,10.16,10.27,10.02,10.18,9118.09,9279.848
603809.SH,20210121,20.94,21.28,20.38,20.55,32954.66,68339.462
300703.SZ,20210121,10.1,10.26,10.02,10.12,19929.7,20248.283
300929.SZ,20210121,41.99,43.31,39.9,40.2,121004.32,501341.662
300690.SZ,20210121,47.38,49.0,46.93,47.91,49775.8,239112.636
300642.SZ,20210121,53.99,56.8,53.63,53.71,11523.26,63200.061
300680.SZ,20210121,29.89,30.52,29.6,30.38,29952.85,90359.555
603683.SH,20210121,14.65,14.65,13.8,14.05,56181.84,78820.327
300554.SZ,20210121,18.72,18.98,18.42,18.46,49476.0,92195.298
300658.SZ,20210121,26.0,27.7,26.0,27.09,66824.5,180206.586
603286.SH,20210121,13.89,14.03,13.72,13.79,8147.0,11336.251
300604.SZ,20210121,35.96,36.49,34.81,35.01,65973.01,233617.373
300651.SZ,20210121,56.91,57.0,52.0,52.14,28584.78,152397.763
002887.SZ,20210121,11.32,11.56,11.29,11.51,15004.45,17185.378
603326.SH,20210121,10.0,10.29,9.82,9.82,91348.86,91373.103
300655.SZ,20210121,34.16,34.72,33.0,34.08,131935.85,446346.989
603260.SH,20210121,44.49,46.22,44.49,45.25,87461.03,394661.278
601949.SH,20210121,5.93,6.03,5.85,5.96,99635.93,59169.186
603980.SH,20210121,6.3,6.32,6.24,6.26,12758.51,7996.629
300666.SZ,20210121,50.75,51.7,50.26,50.62,58640.88,299416.744
603757.SH,20210121,18.59,18.72,18.59,18.67,9099.04,16976.935
601619.SH,20210121,3.1,3.13,3.06,3.11,149885.12,46424.724
002890.SZ,20210121,21.15,21.45,20.93,21.19,9885.0,20948.81
300660.SZ,20210121,17.45,18.26,17.45,17.93,16069.88,28843.239
603458.SH,20210121,14.21,14.21,14.04,14.06,18441.09,26083.989
603813.SH,20210121,13.55,13.61,13.34,13.5,10512.0,14208.8
300667.SZ,20210121,24.25,24.52,24.01,24.3,20732.66,50422.728
002827.SZ,20210121,10.96,11.4,10.72,11.17,42796.0,47376.353
603722.SH,20210121,29.94,30.1,28.95,28.99,18640.0,54769.148
603617.SH,20210121,9.91,10.17,9.81,9.83,19543.49,19314.541
300656.SZ,20210121,26.28,26.5,25.8,26.1,17336.1,45362.553
603882.SH,20210121,153.01,153.12,153.0,153.12,27082.88,414621.286
002826.SZ,20210121,9.05,9.05,8.84,8.89,10335.0,9222.034
603136.SH,20210121,21.57,21.68,21.08,21.15,7811.2,16673.625
300791.SZ,20210121,112.0,117.37,109.2,109.39,13681.56,153321.179
300671.SZ,20210121,45.88,45.89,44.53,45.37,91796.43,414631.554
002888.SZ,20210121,15.56,15.74,15.47,15.57,4471.5,6982.765
603801.SH,20210121,37.85,40.35,37.73,39.92,34776.84,137904.925
300693.SZ,20210121,23.8,24.73,23.51,24.4,55589.47,135315.162
300640.SZ,20210121,6.72,6.8,6.57,6.7,25808.5,17306.16
603707.SH,20210121,35.59,35.79,34.49,34.55,47967.62,168796.735
601615.SH,20210121,19.63,21.59,19.6,21.59,579636.89,1212446.977
300782.SZ,20210121,666.01,690.0,657.0,684.44,27062.91,1825743.484
603992.SH,20210121,16.21,16.34,16.01,16.18,5977.55,9663.673
002984.SZ,20210121,26.15,27.58,26.02,27.13,64317.0,173866.987
300792.SZ,20210121,129.18,137.66,127.5,137.29,27530.09,367779.909
002962.SZ,20210121,16.17,16.38,16.0,16.16,12961.67,21032.247
605299.SH,20210121,11.82,12.01,11.54,11.58,83492.19,97881.147
002933.SZ,20210121,33.0,33.62,32.91,33.19,10669.0,35503.568
300790.SZ,20210121,17.39,17.69,17.2,17.58,9344.8,16338.427
002959.SZ,20210121,120.45,128.5,119.02,127.8,35183.68,445879.851
300796.SZ,20210121,17.91,18.2,17.61,17.68,6385.0,11387.162
603815.SH,20210121,10.26,10.33,10.1,10.25,37325.5,38147.41
603551.SH,20210121,13.02,13.02,12.71,12.89,5957.85,7666.807
002955.SZ,20210121,20.83,21.18,20.73,20.95,9477.51,19895.082
603995.SH,20210121,31.77,32.99,30.93,31.0,31306.0,99240.576
300793.SZ,20210121,17.66,17.83,17.29,17.6,23504.27,41251.886
003816.SZ,20210121,2.82,2.83,2.8,2.82,689462.6,194014.0
603053.SH,20210121,11.27,11.36,11.15,11.26,20570.38,23148.251
300805.SZ,20210121,17.7,18.27,17.49,17.77,31181.0,55871.194
002963.SZ,20210121,17.78,17.78,17.47,17.52,4934.0,8675.769
002973.SZ,20210121,21.47,21.68,21.46,21.54,10922.0,23582.054
300860.SZ,20210121,123.6,125.0,121.6,122.44,5662.37,69700.972
300797.SZ,20210121,15.8,17.32,15.6,16.85,80581.88,133792.74
002968.SZ,20210121,55.5,55.95,54.9,55.74,4557.61,25223.373
603390.SH,20210121,10.2,10.44,10.1,10.21,25957.0,26603.28
603719.SH,20210121,63.1,66.0,62.68,66.0,26983.44,175317.008
002969.SZ,20210121,5.02,5.16,5.02,5.1,43364.56,22086.949
300869.SZ,20210121,118.72,122.98,117.79,117.86,35655.86,427486.888
300802.SZ,20210121,30.03,31.3,29.82,30.95,20186.64,62130.468
300819.SZ,20210121,33.0,34.38,31.55,32.85,55603.12,181064.002
300808.SZ,20210121,14.92,15.08,14.65,14.97,13015.0,19409.361
603489.SH,20210121,210.0,213.8,207.26,211.0,9348.85,196939.292
603950.SH,20210121,20.93,21.48,20.8,21.18,14415.0,30580.164
603610.SH,20210121,25.02,25.7,24.9,25.3,7249.56,18321.229
688006.SH,20210121,85.73,86.77,80.18,81.93,37077.13,309053.58
300809.SZ,20210121,15.64,16.2,15.64,15.88,26266.95,42047.638
601609.SH,20210121,10.2,10.74,10.18,10.58,275897.66,291381.356
002971.SZ,20210121,16.8,17.03,16.61,16.85,9334.68,15728.735
300815.SZ,20210121,84.34,85.34,82.36,82.65,25840.05,214691.049
300825.SZ,20210121,23.8,24.31,23.48,24.3,49819.41,119878.665
603195.SH,20210121,218.19,232.3,218.18,227.42,27211.33,614094.297
600083.SH,20210121,5.68,5.68,5.5,5.53,8424.0,4681.949
600084.SH,20210121,2.21,2.27,2.2,2.25,41242.9,9219.917
600085.SH,20210121,25.3,25.6,25.2,25.56,139784.12,356308.872
600086.SH,20210121,0.77,0.77,0.77,0.77,64.0,4.928
600088.SH,20210121,11.19,11.24,11.0,11.06,25434.23,28244.229
600089.SH,20210121,11.14,12.1,10.9,11.87,3242389.81,3803295.261
600090.SH,20210121,1.25,1.28,1.24,1.26,172891.0,21785.741
600091.SH,20210121,1.56,1.58,1.49,1.56,20509.99,3150.19
600093.SH,20210121,8.0,8.17,7.85,8.02,140561.74,112564.874
600094.SH,20210121,3.98,4.0,3.9,3.95,161619.55,63906.718
600095.SH,20210121,14.16,14.65,14.01,14.13,364519.33,520573.06
600096.SH,20210121,6.43,6.68,6.39,6.47,437678.77,286317.115
600097.SH,20210121,10.3,10.65,10.27,10.58,64518.07,67707.416
600098.SH,20210121,6.19,6.2,6.1,6.14,83606.13,51385.583
600099.SH,20210121,5.76,5.9,5.75,5.84,18103.28,10585.48
600100.SH,20210121,5.98,6.04,5.93,5.98,126817.15,76000.394
600101.SH,20210121,5.55,5.56,5.5,5.54,17481.36,9680.483
600103.SH,20210121,2.09,2.1,2.04,2.06,559918.0,115753.618
600104.SH,20210121,23.47,23.83,23.13,23.73,840906.6,1974813.165
600105.SH,20210121,3.16,3.21,3.14,3.18,191741.27,60941.593
600106.SH,20210121,2.66,2.67,2.64,2.64,69474.47,18440.487
600107.SH,20210121,9.08,9.18,8.9,8.9,45978.24,41439.618
600108.SH,20210121,3.11,3.15,3.08,3.13,180267.34,56291.122
600109.SH,20210121,16.01,16.39,15.95,16.14,670757.3,1083838.094
600110.SH,20210121,11.3,12.2,11.01,11.76,708686.46,819729.73
600111.SH,20210121,16.6,17.5,16.55,17.5,1658217.09,2846385.942
600112.SH,20210121,1.19,1.21,1.16,1.17,35376.22,4176.075
600113.SH,20210121,5.96,6.06,5.93,6.03,39162.52,23515.312
600115.SH,20210121,4.56,4.6,4.55,4.58,251649.58,115145.958
600116.SH,20210121,8.75,8.92,8.63,8.85,126440.63,111043.159
600117.SH,20210121,3.41,3.49,3.36,3.48,127759.07,43869.153
600118.SH,20210121,34.21,37.59,34.2,37.59,725583.31,2677124.419
600119.SH,20210121,7.32,7.38,7.2,7.24,8543.0,6185.644
600120.SH,20210121,5.78,5.85,5.71,5.81,129189.85,74698.996
600121.SH,20210121,7.15,7.52,6.95,7.01,1334413.12,959005.875
600122.SH,20210121,1.02,1.02,0.99,0.99,114095.4,11432.611
600123.SH,20210121,5.17,5.3,5.16,5.26,138852.97,72979.302
600125.SH,20210121,5.49,5.67,5.47,5.6,206950.07,115700.555
600126.SH,20210121,5.81,5.86,5.67,5.68,360285.75,207330.686
600127.SH,20210121,10.5,10.57,10.38,10.47,175657.35,183821.816
600128.SH,20210121,6.5,6.53,6.26,6.26,121061.0,77156.425
600129.SH,20210121,13.03,13.7,13.03,13.59,42891.95,57589.064
600130.SH,20210121,3.46,3.55,3.43,3.51,96812.24,33890.622
600131.SH,20210121,14.23,14.26,14.0,14.21,47613.34,67404.842
600132.SH,20210121,129.7,134.0,128.5,131.33,24688.6,323827.123
688001.SH,20210121,38.99,38.99,38.16,38.54,6764.44,26097.55
688321.SH,20210121,37.55,37.55,36.66,37.25,20967.39,77820.366
688278.SH,20210121,33.18,34.48,32.8,32.9,11173.73,37112.754
688027.SH,20210121,234.44,247.67,234.0,242.95,9348.56,227662.138
688088.SH,20210121,64.99,66.33,63.42,64.43,20525.35,132941.486
688007.SH,20210121,20.0,20.3,19.8,20.02,14819.98,29661.247
688010.SH,20210121,27.25,27.44,26.66,27.2,9408.45,25497.029
688288.SH,20210121,34.68,35.85,34.44,34.59,9972.31,34843.297
600184.SH,20210121,13.27,13.66,13.07,13.2,241034.07,320641.133
688012.SH,20210121,174.5,177.58,170.11,174.01,53481.39,930154.148
688108.SH,20210121,12.05,12.3,11.95,12.17,27988.54,34073.68
688019.SH,20210121,355.0,365.0,347.0,358.0,14618.59,521987.283
688011.SH,20210121,52.99,53.97,52.02,52.98,14368.38,75552.687
688039.SH,20210121,60.51,63.49,60.51,63.16,5855.8,36704.802
688568.SH,20210121,54.15,59.5,54.15,57.26,38021.19,217767.165
688015.SH,20210121,42.33,42.56,41.61,42.19,10874.01,45787.038
688036.SH,20210121,177.7,194.99,170.5,192.06,47777.62,888712.241
600477.SH,20210121,3.77,3.85,3.77,3.84,231256.69,88383.442
688008.SH,20210121,89.38,91.9,86.6,86.9,85102.01,754610.498
688158.SH,20210121,44.0,44.7,42.01,42.3,31022.84,133008.853
688123.SH,20210121,53.7,53.98,52.88,53.21,10101.83,53896.346
688139.SH,20210121,71.28,74.9,69.9,72.3,41745.23,303171.521
688003.SH,20210121,28.85,29.36,28.7,28.98,9631.34,27961.633
600958.SH,20210121,11.02,11.3,10.93,11.11,593479.48,660913.245
002494.SZ,20210121,3.52,3.62,3.52,3.55,28442.63,10159.808
601996.SH,20210121,2.82,2.9,2.81,2.84,65184.5,18616.638
300401.SZ,20210121,14.99,15.42,14.92,15.26,93798.6,142646.445
300131.SZ,20210121,8.03,8.62,8.0,8.48,739014.66,620031.609
300137.SZ,20210121,6.25,6.33,6.21,6.27,55494.83,34845.658
300132.SZ,20210121,19.31,19.97,19.1,19.12,91379.24,177103.749
002498.SZ,20210121,3.93,3.93,3.89,3.91,154058.61,60196.142
002643.SZ,20210121,23.4,24.2,23.27,23.98,105544.19,252192.569
002805.SZ,20210121,17.29,19.22,17.29,17.85,255652.95,461828.466
300138.SZ,20210121,14.63,14.82,14.32,14.7,78594.55,114778.426
300136.SZ,20210121,38.99,39.4,37.9,38.52,453345.38,1747264.602
002889.SZ,20210121,23.47,23.65,23.18,23.4,5191.0,12150.635
300142.SZ,20210121,37.0,37.78,36.36,37.35,481886.73,1785823.769
002499.SZ,20210121,7.42,7.96,7.42,7.61,18055.17,13926.808
002501.SZ,20210121,2.36,2.47,2.36,2.41,163572.27,39495.313
002502.SZ,20210121,2.58,2.62,2.53,2.58,50391.0,12963.78
300140.SZ,20210121,5.19,5.43,5.15,5.3,122907.61,64860.612
300141.SZ,20210121,8.91,9.21,8.91,9.13,63377.0,57385.074
002504.SZ,20210121,2.38,2.38,2.28,2.38,573883.17,136412.888
002505.SZ,20210121,2.51,2.58,2.49,2.56,791044.7,200898.92
002510.SZ,20210121,4.65,4.98,4.61,4.75,817320.43,389188.699
002511.SZ,20210121,23.9,24.63,23.81,24.26,235664.24,571970.303
002275.SZ,20210121,16.2,16.58,15.85,16.52,38923.1,63122.832
002266.SZ,20210121,4.71,4.82,4.71,4.78,212453.14,101683.112
603323.SH,20210121,4.86,4.93,4.82,4.87,294135.81,143396.3
002273.SZ,20210121,11.38,11.58,11.34,11.45,158615.77,181804.823
002396.SZ,20210121,24.22,24.28,23.5,23.91,138977.12,332627.743
002490.SZ,20210121,3.25,3.29,3.16,3.17,31389.0,10032.094
601107.SH,20210121,3.08,3.09,3.07,3.07,15034.01,4629.607
601788.SH,20210121,17.48,18.35,17.39,17.89,641027.94,1145962.258
601766.SH,20210121,6.82,7.02,6.65,6.94,3856219.22,2630981.256
002307.SZ,20210121,4.92,4.95,4.9,4.92,50935.31,25101.678
300859.SZ,20210121,15.85,16.38,15.61,16.08,33401.06,53782.477
603199.SH,20210121,19.96,19.96,19.35,19.68,6801.0,13351.145
601010.SH,20210121,2.93,2.95,2.93,2.94,30957.79,9107.415
601128.SH,20210121,7.43,7.48,7.33,7.37,379743.84,281045.497
300040.SZ,20210121,6.69,6.87,6.67,6.76,65333.0,44365.615
002276.SZ,20210121,6.91,7.05,6.91,6.99,79778.94,55752.666
600908.SH,20210121,6.21,6.36,6.09,6.21,534748.58,333485.125
002284.SZ,20210121,5.89,5.9,5.75,5.8,155302.21,90416.226
002282.SZ,20210121,9.88,10.32,9.88,10.17,31896.98,32429.169
002362.SZ,20210121,25.53,26.16,24.85,25.95,81259.77,207538.731
002283.SZ,20210121,5.84,5.88,5.74,5.85,181492.02,105402.319
002807.SZ,20210121,4.23,4.31,4.22,4.24,275949.16,117721.731
002818.SZ,20210121,13.93,14.22,13.77,14.0,23186.14,32564.199
002767.SZ,20210121,10.31,10.54,10.31,10.51,5894.98,6165.124
603883.SH,20210121,77.3,78.2,76.2,76.4,32518.21,250358.677
603528.SH,20210121,8.41,8.61,8.34,8.59,66339.76,56563.846
603885.SH,20210121,9.79,10.11,9.65,10.0,136424.33,135719.959
002840.SZ,20210121,9.17,9.34,9.14,9.26,24290.0,22426.243
601881.SH,20210121,12.12,12.34,11.98,12.13,340887.99,414655.386
300563.SZ,20210121,25.44,25.8,25.23,25.35,24450.0,62405.054
603797.SH,20210121,7.35,7.43,7.35,7.43,10296.88,7618.41
002833.SZ,20210121,40.88,41.73,40.27,40.48,16549.83,67847.189
300657.SZ,20210121,17.3,17.96,17.0,17.58,118181.0,206568.26
300562.SZ,20210121,21.85,22.75,20.76,20.81,97977.65,210807.092
002831.SZ,20210121,32.8,33.32,32.4,33.05,71430.79,234977.638
603585.SH,20210121,15.66,15.75,15.53,15.62,7844.4,12251.067
002845.SZ,20210121,28.5,29.28,28.21,29.02,38226.22,110126.856
300565.SZ,20210121,13.35,13.63,13.23,13.37,27741.18,37192.001
603517.SH,20210121,84.64,85.68,81.06,83.4,77794.93,643609.048
603298.SH,20210121,20.26,20.95,20.22,20.77,51906.36,107547.87
300587.SZ,20210121,12.87,14.1,12.86,13.3,118573.16,161014.829
603966.SH,20210121,15.31,15.39,15.05,15.2,33190.0,50415.784
603990.SH,20210121,33.22,34.1,32.86,33.15,20536.03,68323.603
603668.SH,20210121,7.35,7.48,7.35,7.41,20707.84,15380.449
603577.SH,20210121,9.07,9.07,8.9,8.94,11095.9,9939.028
603388.SH,20210121,5.96,6.03,5.86,5.88,14424.4,8558.513
603833.SH,20210121,137.0,139.42,133.75,138.81,28515.73,391050.247
002837.SZ,20210121,21.88,22.0,20.95,21.21,63241.71,134480.806
300686.SZ,20210121,19.0,19.15,18.89,19.07,15792.01,30032.806
300504.SZ,20210121,17.0,17.18,16.7,16.87,29542.0,50051.26
300566.SZ,20210121,35.18,35.36,32.7,33.75,50515.0,170592.69
300567.SZ,20210121,65.7,68.31,65.0,65.78,80032.96,532581.629
603928.SH,20210121,10.81,11.29,10.81,10.98,13733.0,15280.363
603877.SH,20210121,31.2,31.68,30.68,31.34,14362.01,44818.045
002848.SZ,20210121,10.76,10.81,10.58,10.77,17173.0,18374.878
603637.SH,20210121,7.7,7.74,7.6,7.65,9725.2,7471.469
002857.SZ,20210121,12.27,12.54,12.19,12.24,5236.83,6479.216
002841.SZ,20210121,108.4,109.33,105.5,105.73,13735.18,146526.09
603086.SH,20210121,15.35,15.53,15.14,15.42,6294.6,9664.482
603218.SH,20210121,40.9,45.33,39.88,45.33,213493.87,915636.154
300615.SZ,20210121,11.84,12.37,11.84,12.07,30645.1,37180.383
603638.SH,20210121,81.63,87.6,81.2,87.08,34436.8,293370.834
603579.SH,20210121,29.2,29.2,28.46,28.73,7703.19,22118.975
603823.SH,20210121,14.29,14.41,14.2,14.35,9007.2,12894.185
603228.SH,20210121,29.28,29.59,28.86,29.37,39217.0,114690.357
002960.SZ,20210121,33.23,35.44,33.23,34.78,27038.98,93961.442
601020.SH,20210121,8.72,9.17,8.65,8.9,260111.72,230791.912
688377.SH,20210121,17.04,17.14,16.88,16.92,4864.78,8259.461
002858.SZ,20210121,11.0,11.99,11.0,11.77,68518.0,79273.231
603177.SH,20210121,9.42,9.44,9.12,9.2,19455.0,17917.885
603677.SH,20210121,11.17,11.25,11.1,11.23,8323.9,9321.451
603538.SH,20210121,33.4,33.45,32.38,32.79,38443.95,126188.97
300644.SZ,20210121,34.81,35.34,34.58,34.96,14730.0,51431.596
688077.SH,20210121,41.0,47.99,40.01,46.01,46856.17,209701.529
300752.SZ,20210121,43.01,46.28,42.8,44.21,82729.7,370486.035
300739.SZ,20210121,17.77,18.28,17.77,17.97,24860.56,44892.732
002927.SZ,20210121,11.29,11.44,11.19,11.34,19916.75,22560.626
603700.SH,20210121,27.58,27.66,27.17,27.32,16148.06,44224.507
603256.SH,20210121,9.76,9.98,9.67,9.98,70916.6,69637.305
300883.SZ,20210121,15.31,15.5,15.03,15.06,92704.21,141313.951
688029.SH,20210121,190.19,197.14,190.19,193.41,5418.16,105608.817
603267.SH,20210121,149.9,151.0,143.1,147.47,33736.57,491563.003
300839.SZ,20210121,21.97,22.45,21.91,22.02,10942.0,24286.626
300741.SZ,20210121,53.45,55.45,52.0,53.49,24217.09,130389.592
300747.SZ,20210121,93.99,99.88,93.25,98.5,65076.13,635817.193
688159.SH,20210121,26.01,26.86,25.94,26.64,6435.61,17052.97
603706.SH,20210121,14.55,14.83,14.44,14.74,9977.01,14593.778
603353.SH,20210121,35.5,36.37,35.5,35.82,8052.0,28919.626
601869.SH,20210121,26.5,26.53,26.21,26.36,7656.27,20184.528
300759.SZ,20210121,142.01,145.58,140.0,144.31,61925.46,882377.393
601066.SH,20210121,41.57,42.33,40.88,41.58,413446.74,1716519.084
002937.SZ,20210121,13.08,13.09,12.87,12.88,12295.59,15953.322
603629.SH,20210121,33.88,33.99,33.53,33.75,7292.0,24661.01
300915.SZ,20210121,80.99,84.79,79.98,79.98,24424.81,200494.49
300768.SZ,20210121,37.84,38.65,37.55,38.26,12681.72,48267.002
688025.SH,20210121,44.3,44.3,43.2,43.25,6229.39,27162.126
603220.SH,20210121,14.0,14.1,13.66,13.79,28351.45,39245.781
002940.SZ,20210121,37.83,38.15,36.92,37.2,21807.09,81267.262
603650.SH,20210121,33.33,33.51,32.51,32.69,31277.99,103088.445
002992.SZ,20210121,24.49,24.6,23.9,24.07,8940.78,21609.0
300897.SZ,20210121,41.5,41.5,40.0,40.86,14267.31,58335.93
300758.SZ,20210121,24.21,24.89,24.01,24.06,30384.68,73881.496
603810.SH,20210121,26.3,29.65,26.28,29.45,51016.48,143625.123
002942.SZ,20210121,28.17,28.28,27.73,27.97,5849.55,16377.032
300849.SZ,20210121,23.11,23.37,22.22,22.87,28833.4,65662.368
300894.SZ,20210121,58.3,61.5,57.28,58.2,81311.93,475943.257
300694.SZ,20210121,10.13,10.38,10.05,10.21,37871.0,38693.197
300757.SZ,20210121,37.2,37.7,36.36,37.07,3523.6,13074.792
300751.SZ,20210121,530.0,541.0,518.31,528.92,12367.52,653859.103
605088.SH,20210121,18.19,18.2,17.8,17.91,17456.1,31319.114
300899.SZ,20210121,46.22,47.0,45.35,45.47,21149.02,96895.903
688026.SH,20210121,58.0,62.56,57.52,59.59,25990.75,158435.093
603297.SH,20210121,41.58,42.71,41.15,42.37,7416.0,31278.751
603681.SH,20210121,19.87,20.45,19.76,20.16,36848.02,74429.633
300612.SZ,20210121,17.53,18.57,17.53,18.03,54883.0,99582.968
603501.SH,20210121,316.18,322.0,309.78,319.6,99059.54,3136787.457
300706.SZ,20210121,23.11,23.75,23.11,23.2,21457.2,50234.842
300761.SZ,20210121,34.35,34.8,34.2,34.3,17006.41,58514.197
002885.SZ,20210121,13.56,13.56,13.32,13.38,13264.75,17807.225
603305.SH,20210121,34.15,34.36,33.82,34.05,29600.98,100903.299
002898.SZ,20210121,8.88,8.95,8.66,8.71,8925.53,7841.676
300835.SZ,20210121,55.32,59.59,53.55,56.7,39844.36,227291.129
603922.SH,20210121,14.48,14.48,13.9,14.06,7258.0,10193.284
603380.SH,20210121,19.25,19.66,18.98,19.52,19857.0,38499.105
002881.SZ,20210121,17.77,17.9,17.56,17.71,7470.7,13265.718
300681.SZ,20210121,31.2,32.28,31.15,31.33,12762.0,40526.039
603595.SH,20210121,22.61,24.41,22.18,23.22,65922.86,151467.072
300832.SZ,20210121,144.0,145.88,142.0,144.95,14709.58,212482.358
603129.SH,20210121,189.93,191.0,184.21,188.6,7683.59,144259.894
002932.SZ,20210121,84.03,84.49,81.55,84.49,27064.47,227181.007
300688.SZ,20210121,19.0,19.57,18.99,19.2,17632.38,34061.194
300677.SZ,20210121,248.17,262.32,246.03,254.35,106197.59,2703291.885
603365.SH,20210121,13.28,13.34,13.11,13.14,5548.0,7323.859
300712.SZ,20210121,24.5,24.5,23.2,24.44,60451.8,145999.125
603106.SH,20210121,7.14,7.18,7.07,7.15,19856.53,14181.425
603527.SH,20210121,7.44,7.73,7.44,7.57,12772.44,9673.146
603348.SH,20210121,26.92,27.52,26.58,27.03,42845.63,115595.076
002891.SZ,20210121,61.2,62.78,60.6,62.2,28139.34,174172.283
300672.SZ,20210121,45.5,46.1,44.7,45.0,11257.0,50790.453
300691.SZ,20210121,12.93,13.16,12.64,12.97,18203.8,23506.158
300668.SZ,20210121,12.7,13.15,12.66,12.91,17067.5,22081.455
300669.SZ,20210121,34.84,35.4,34.47,34.8,21247.39,74155.417
600901.SH,20210121,5.38,5.4,5.34,5.37,79085.51,42470.471
688058.SH,20210121,83.59,85.57,81.34,82.38,2383.06,19715.239
002897.SZ,20210121,26.58,26.83,26.31,26.39,31843.92,84619.656
603500.SH,20210121,15.3,16.16,14.54,14.54,181720.68,273270.115
300673.SZ,20210121,34.48,35.78,34.48,35.16,31274.22,109891.792
002895.SZ,20210121,10.77,10.99,10.73,10.85,15703.0,17045.444
603976.SH,20210121,62.7,64.22,62.69,63.5,38718.2,246303.536
002901.SZ,20210121,73.15,74.68,72.6,74.2,20958.15,154761.343
603605.SH,20210121,190.0,194.66,188.99,190.14,18539.75,354851.894
603363.SH,20210121,12.99,13.24,12.91,13.08,80025.46,104550.401
603321.SH,20210121,7.21,7.3,7.2,7.26,26814.0,19452.464
603181.SH,20210121,21.66,22.41,21.6,22.35,31412.02,68889.53
300683.SZ,20210121,37.03,38.1,36.01,37.16,7210.0,26713.889
603557.SH,20210121,7.84,8.04,7.72,8.03,93412.98,73695.754
603183.SH,20210121,7.06,7.09,7.02,7.03,41096.96,28943.444
603386.SH,20210121,15.63,15.87,15.56,15.65,13848.03,21769.478
300687.SZ,20210121,30.67,31.75,30.35,30.82,46280.25,143037.3
300679.SZ,20210121,33.35,34.73,33.2,33.54,35009.06,118265.582
603087.SH,20210121,156.28,162.61,155.94,160.65,30730.35,492006.292
000669.SZ,20210121,1.97,1.98,1.92,1.94,57199.64,11102.57
000671.SZ,20210121,6.6,6.62,6.43,6.47,359035.18,233372.989
000672.SZ,20210121,19.01,19.21,18.9,19.09,70992.94,135250.494
000673.SZ,20210121,1.3,1.35,1.29,1.33,62263.0,8226.986
000676.SZ,20210121,5.4,5.54,5.37,5.43,211317.15,114920.215
000677.SZ,20210121,2.65,2.93,2.62,2.86,263348.21,74514.291
000678.SZ,20210121,5.01,5.16,4.99,5.0,62724.06,31685.144
000679.SZ,20210121,2.92,2.96,2.9,2.96,7859.5,2303.884
000680.SZ,20210121,4.0,4.09,3.95,3.97,531766.57,213243.981
000681.SZ,20210121,14.6,14.67,14.38,14.43,82138.84,118964.424
000682.SZ,20210121,4.63,4.72,4.6,4.68,68972.67,32076.612
000683.SZ,20210121,2.1,2.14,2.1,2.12,213077.53,45264.677
000685.SZ,20210121,8.23,8.35,8.21,8.28,70684.31,58543.266
000686.SZ,20210121,9.34,9.54,9.32,9.38,265441.0,249928.588
000687.SZ,20210121,1.74,1.77,1.7,1.72,45961.0,7937.41
000688.SZ,20210121,9.09,9.24,9.01,9.11,68171.4,62316.161
000690.SZ,20210121,7.16,7.25,7.12,7.16,188334.53,134989.518
000691.SZ,20210121,5.3,5.47,5.15,5.47,78236.5,42212.786
000692.SZ,20210121,2.66,2.74,2.64,2.69,30196.58,8146.201
000695.SZ,20210121,5.26,5.36,5.22,5.25,28083.0,14890.591
001696.SZ,20210121,7.27,7.37,7.21,7.31,90717.38,66116.288
000697.SZ,20210121,11.4,11.56,11.23,11.26,115122.55,130895.778
000698.SZ,20210121,4.99,5.02,4.79,4.89,276341.2,135201.375
000700.SZ,20210121,5.78,5.95,5.72,5.91,205903.65,119980.254
000701.SZ,20210121,4.79,4.84,4.72,4.76,19645.01,9396.938
000702.SZ,20210121,5.51,5.56,5.45,5.54,110765.85,61061.047
000703.SZ,20210121,13.95,15.15,13.94,14.86,904782.61,1340144.847
000705.SZ,20210121,6.89,6.95,6.87,6.89,17692.0,12217.044
000707.SZ,20210121,2.2,2.21,2.15,2.19,27411.43,5968.183
000708.SZ,20210121,27.99,28.07,26.59,27.21,61405.4,167740.469
600133.SH,20210121,5.8,5.8,5.8,5.8,64269.09,37276.072
600135.SH,20210121,6.35,6.43,6.3,6.39,37043.0,23634.835
600136.SH,20210121,5.87,6.1,5.8,5.96,71640.19,42897.531
600137.SH,20210121,12.7,13.06,12.57,12.81,5571.53,7140.43
600138.SH,20210121,9.81,9.87,9.67,9.72,144366.92,140989.954
600139.SH,20210121,3.16,3.49,3.13,3.49,330335.31,112907.875
600141.SH,20210121,12.91,13.14,12.78,13.02,231800.38,301560.353
600145.SH,20210121,1.1,1.11,1.05,1.08,59724.44,6445.944
600146.SH,20210121,0.96,1.01,0.96,0.96,330941.64,31983.188
600148.SH,20210121,13.25,13.42,13.25,13.39,11249.21,15015.105
600149.SH,20210121,4.3,4.36,4.29,4.35,10409.03,4505.891
600150.SH,20210121,18.48,18.58,18.23,18.4,105453.69,194102.682
600151.SH,20210121,8.54,8.65,8.36,8.4,235306.43,199516.588
600152.SH,20210121,6.18,6.33,6.13,6.17,70237.54,43680.988
600153.SH,20210121,8.22,8.22,8.15,8.16,113493.23,92752.303
600155.SH,20210121,11.97,12.18,11.82,12.02,234818.62,282179.568
600156.SH,20210121,3.82,3.88,3.79,3.86,33212.11,12753.619
600376.SH,20210121,5.96,5.96,5.87,5.89,32168.0,18974.201
600377.SH,20210121,9.11,9.15,9.06,9.07,65237.42,59280.79
600378.SH,20210121,23.71,23.98,23.23,23.82,44319.27,104884.582
600379.SH,20210121,6.91,7.09,6.81,6.91,235781.01,163567.232
600380.SH,20210121,13.71,13.9,13.59,13.66,203434.71,278892.449
600381.SH,20210121,7.01,7.95,6.85,7.53,550697.68,401681.75
600382.SH,20210121,6.54,6.69,6.43,6.47,468973.93,306052.219
600383.SH,20210121,12.7,12.73,12.41,12.47,480448.19,601278.62
600385.SH,20210121,4.64,4.74,4.58,4.7,3298.01,1539.745
600386.SH,20210121,3.41,3.45,3.39,3.42,24843.46,8507.65
600388.SH,20210121,8.79,8.91,8.72,8.8,58863.66,51909.786
600389.SH,20210121,22.76,22.97,22.22,22.43,36575.25,82488.064
600390.SH,20210121,6.74,6.88,6.71,6.85,233845.15,159329.786
600391.SH,20210121,23.03,23.8,23.01,23.4,80112.97,188481.797
600393.SH,20210121,1.87,2.06,1.87,2.06,988722.8,202234.388
600395.SH,20210121,7.57,8.0,7.5,7.96,203227.52,159810.292
600396.SH,20210121,2.47,2.53,2.46,2.5,112021.04,27996.039
600398.SH,20210121,6.94,6.96,6.82,6.9,96590.7,66336.873
600399.SH,20210121,15.7,16.01,15.29,15.81,298957.52,472110.029
600400.SH,20210121,2.95,2.98,2.95,2.98,32307.17,9585.735
600415.SH,20210121,5.53,5.59,5.41,5.44,647213.92,354776.477
600418.SH,20210121,10.05,10.4,9.95,10.18,679611.46,691784.654
600419.SH,20210121,16.42,16.76,16.25,16.66,102945.34,170321.505
600422.SH,20210121,8.47,8.51,8.44,8.47,50389.21,42735.634
600428.SH,20210121,4.75,5.05,4.69,4.98,890684.52,435840.343
600448.SH,20210121,3.39,3.45,3.33,3.38,80503.59,27246.267
600456.SH,20210121,50.0,51.4,48.45,49.86,128328.54,641734.515
600466.SH,20210121,4.52,4.54,4.48,4.49,179349.83,80847.435
688368.SH,20210121,200.0,202.87,195.79,196.0,2193.96,43568.277
688098.SH,20210121,15.02,15.22,14.88,15.09,10996.02,16554.564
600900.SH,20210121,19.05,19.19,19.01,19.13,375611.08,716129.861
688513.SH,20210121,48.74,49.78,48.73,48.92,4293.46,21133.794
688086.SH,20210121,41.1,41.7,40.33,41.07,9007.36,36914.742
688018.SH,20210121,139.91,140.35,136.5,138.0,5063.71,70163.128
688078.SH,20210121,24.5,24.75,24.43,24.54,3472.3,8538.733
688168.SH,20210121,53.78,54.28,53.33,53.95,2804.77,15124.443
688333.SH,20210121,138.72,141.5,137.6,141.19,7212.99,100408.9
688068.SH,20210121,40.56,41.47,40.18,40.63,13807.43,56398.274
688022.SH,20210121,29.54,31.92,29.03,31.18,18156.36,55463.01
688100.SH,20210121,21.69,23.63,21.29,23.34,24873.33,56614.614
002986.SZ,20210121,33.0,33.3,32.63,32.88,2740.15,9030.136
300846.SZ,20210121,20.21,20.42,20.04,20.09,14791.0,29879.084
605008.SH,20210121,32.3,33.7,31.3,31.49,75811.82,245065.078
603095.SH,20210121,22.78,22.89,22.52,22.64,4452.0,10123.194
603565.SH,20210121,28.62,31.68,28.31,30.01,125785.97,382786.561
600527.SH,20210121,2.68,2.74,2.67,2.74,280457.86,76197.621
688166.SH,20210121,47.3,50.3,47.3,49.57,53469.07,263027.517
688169.SH,20210121,1141.24,1154.96,1112.01,1126.0,2841.89,321221.53
688030.SH,20210121,38.74,39.31,38.04,38.66,9629.48,37065.793
688023.SH,20210121,269.0,288.0,263.5,285.56,9957.5,277766.262
600545.SH,20210121,3.31,3.37,3.28,3.29,49375.33,16397.444
688186.SH,20210121,33.0,33.05,32.51,32.69,12151.11,39776.144
688363.SH,20210121,167.68,168.88,162.68,166.11,24688.78,408859.099
688258.SH,20210121,51.51,53.5,50.51,52.11,6588.09,34271.409
688020.SH,20210121,80.98,82.5,79.99,81.94,4698.7,38226.97
688016.SH,20210121,318.88,318.88,301.9,304.53,5524.05,170009.242
688268.SH,20210121,68.1,69.12,65.66,65.75,22383.58,149844.255
688066.SH,20210121,43.8,44.66,42.88,44.02,16066.4,70230.68
688033.SH,20210121,13.95,14.02,13.69,13.81,23020.65,31865.619
688028.SH,20210121,33.99,34.45,33.35,34.14,4935.23,16824.382
002991.SZ,20210121,86.0,91.6,84.53,91.6,20896.38,186122.637
605188.SH,20210121,9.06,9.27,8.98,9.01,30654.0,27941.301
605001.SH,20210121,14.23,14.3,14.0,14.1,12553.84,17725.442
605100.SH,20210121,42.24,42.35,41.86,41.87,3762.78,15815.745
002988.SZ,20210121,13.48,13.59,13.34,13.49,11494.06,15498.502
300847.SZ,20210121,23.11,23.66,22.95,23.05,28165.41,65571.009
002995.SZ,20210121,46.1,46.98,45.36,45.87,4194.52,19322.186
688122.SH,20210121,68.32,69.5,66.8,68.49,53663.65,366780.878
688057.SH,20210121,33.42,33.75,33.35,33.48,10723.04,35984.439
688198.SH,20210121,91.78,99.5,91.78,98.02,6293.38,61131.188
688388.SH,20210121,87.42,87.91,82.0,83.2,50112.65,420968.409
600476.SH,20210121,9.75,9.84,9.63,9.7,14291.01,13907.029
688389.SH,20210121,20.4,22.13,20.4,21.79,42981.38,92737.476
002438.SZ,20210121,12.86,12.88,12.39,12.58,54226.38,68394.025
300002.SZ,20210121,4.63,4.78,4.61,4.62,521168.11,242909.877
601633.SH,20210121,40.28,42.06,38.23,40.85,670138.83,2684732.045
002277.SZ,20210121,3.37,3.41,3.35,3.38,78045.15,26417.456
002278.SZ,20210121,6.2,6.25,6.15,6.18,24729.24,15294.344
601727.SH,20210121,5.25,5.38,5.22,5.35,955918.95,508542.925
002461.SZ,20210121,10.5,10.76,10.35,10.63,223785.19,236983.533
002599.SZ,20210121,3.75,3.79,3.72,3.74,20290.21,7618.721
002279.SZ,20210121,4.29,4.41,4.22,4.37,61235.6,26637.226
002280.SZ,20210121,1.6,1.62,1.58,1.59,383261.0,61154.491
002285.SZ,20210121,4.75,4.85,4.65,4.78,183910.72,87952.185
002286.SZ,20210121,9.8,10.08,9.7,9.87,143565.46,141880.204
002287.SZ,20210121,29.2,29.75,28.88,29.52,42383.1,124303.415
002290.SZ,20210121,5.77,6.1,5.77,5.97,12896.09,7668.878
002300.SZ,20210121,6.06,6.13,6.01,6.12,46969.52,28514.429
002291.SZ,20210121,17.92,18.3,17.62,17.93,161765.0,290811.716
002292.SZ,20210121,6.06,6.18,5.85,6.11,437422.27,262033.975
002293.SZ,20210121,12.14,12.5,12.02,12.47,53313.44,65812.393
002294.SZ,20210121,31.25,32.94,31.21,32.23,72788.48,234394.344
600999.SH,20210121,26.32,27.76,25.66,26.58,903045.74,2398765.229
002297.SZ,20210121,7.93,8.25,7.87,7.96,293256.47,236294.577
002298.SZ,20210121,8.59,8.72,8.51,8.62,71960.0,62031.868
002506.SZ,20210121,4.48,4.56,4.42,4.48,1710382.18,767007.978
601888.SH,20210121,271.49,275.98,263.0,272.0,196954.82,5298221.443
002299.SZ,20210121,26.45,28.45,26.21,28.29,231722.37,638632.831
002489.SZ,20210121,3.68,3.74,3.68,3.69,79624.42,29505.947
002301.SZ,20210121,12.94,13.06,12.76,12.86,28405.33,36609.262
601989.SH,20210121,4.34,4.37,4.32,4.33,753504.26,327473.228
002306.SZ,20210121,2.62,2.72,2.62,2.66,19961.04,5327.445
002365.SZ,20210121,9.44,9.56,9.28,9.3,35430.52,33441.04
002302.SZ,20210121,8.78,8.83,8.74,8.76,55218.74,48487.2
002315.SZ,20210121,17.49,18.3,17.26,18.0,90583.08,161280.116
002305.SZ,20210121,3.18,3.35,2.79,2.82,3295248.0,1016287.961
002303.SZ,20210121,3.81,3.89,3.78,3.82,170966.1,65456.522
002308.SZ,20210121,4.74,4.84,4.69,4.74,111905.85,53347.176
002756.SZ,20210121,62.5,65.44,60.3,65.2,162001.38,1020534.955
002310.SZ,20210121,4.14,4.17,4.12,4.15,118759.64,49292.678
002309.SZ,20210121,4.39,4.57,4.33,4.41,154668.47,68594.402
002311.SZ,20210121,64.63,64.95,62.87,63.64,125570.37,798965.378
002523.SZ,20210121,2.31,2.36,2.29,2.34,64549.96,15026.575
002312.SZ,20210121,6.25,6.48,6.22,6.4,277560.56,177051.328
002839.SZ,20210121,5.86,5.92,5.77,5.82,380213.61,222408.723
601618.SH,20210121,3.06,3.1,3.02,3.08,1937423.66,592984.455
002313.SZ,20210121,11.2,11.26,10.97,11.17,17521.0,19529.889
002735.SZ,20210121,37.3,37.48,36.48,36.75,9759.0,35871.447
603909.SH,20210121,16.49,16.53,16.01,16.13,8931.6,14429.341
603567.SH,20210121,10.88,10.88,10.72,10.8,6975.0,7527.664
002780.SZ,20210121,19.22,19.32,18.83,19.0,20673.6,39357.509
603017.SH,20210121,9.48,9.56,9.43,9.48,14605.0,13861.942
300445.SZ,20210121,13.07,13.22,12.85,13.05,7046.07,9172.315
002741.SZ,20210121,13.71,13.88,13.47,13.76,65964.0,89662.879
603798.SH,20210121,11.42,12.42,10.37,10.63,193587.11,219858.939
300374.SZ,20210121,13.41,13.8,13.05,13.59,93425.95,125556.528
300407.SZ,20210121,7.2,7.28,7.08,7.18,43664.31,31337.263
300440.SZ,20210121,7.5,7.73,7.47,7.64,34460.63,26242.632
300418.SZ,20210121,22.35,23.14,21.82,22.85,699510.8,1583177.896
603901.SH,20210121,9.01,9.08,8.87,8.93,31999.0,28684.939
300552.SZ,20210121,46.32,49.63,45.8,48.99,94251.5,457333.297
300429.SZ,20210121,13.28,13.58,13.0,13.34,108467.21,144471.759
300529.SZ,20210121,79.23,80.54,78.18,80.02,69375.03,552116.955
603998.SH,20210121,5.39,5.59,5.35,5.52,24018.58,13190.424
002729.SZ,20210121,45.88,50.26,45.6,49.21,8246.0,39877.084
002733.SZ,20210121,19.9,20.09,19.56,19.82,87361.51,173240.728
603918.SH,20210121,9.61,9.78,9.5,9.74,13109.9,12711.804
002747.SZ,20210121,32.63,34.6,32.51,34.34,118485.3,400126.292
603703.SH,20210121,12.91,13.19,12.7,12.71,45195.4,58441.31
603608.SH,20210121,6.17,6.22,6.1,6.16,21170.2,13082.783
603031.SH,20210121,22.83,23.88,22.83,23.47,8172.34,19121.822
603520.SH,20210121,73.36,73.64,67.3,68.5,48352.31,334898.289
603999.SH,20210121,5.19,5.26,5.1,5.19,28173.26,14582.32
603779.SH,20210121,6.3,6.3,6.3,6.3,1829.1,1152.333
002755.SZ,20210121,13.27,13.33,13.07,13.25,18546.03,24485.647
300466.SZ,20210121,5.58,5.69,5.5,5.56,63979.28,35857.477
601882.SH,20210121,10.44,10.66,10.43,10.47,16682.99,17579.657
601512.SH,20210121,9.42,9.5,9.36,9.43,11074.77,10440.567
603996.SH,20210121,1.55,1.55,1.48,1.5,30299.25,4599.695
002749.SZ,20210121,10.54,10.82,10.44,10.72,8544.56,9103.295
601069.SH,20210121,13.16,13.16,13.04,13.06,31967.38,41823.921
601985.SH,20210121,5.08,5.16,5.06,5.13,607908.55,310771.981
300492.SZ,20210121,44.68,45.7,44.11,45.55,9778.3,43698.77
300469.SZ,20210121,10.13,10.46,9.95,10.33,66382.38,67842.105
300479.SZ,20210121,12.69,12.71,12.39,12.5,17370.0,21822.795
300424.SZ,20210121,16.52,16.66,16.26,16.35,87444.15,143615.254
601015.SH,20210121,6.0,6.0,6.0,6.0,87457.74,52474.644
603025.SH,20210121,22.6,24.61,22.4,24.61,272153.75,652393.371
300464.SZ,20210121,16.76,17.17,16.75,16.94,20126.93,34183.776
002750.SZ,20210121,9.05,9.45,8.93,9.18,119050.14,108721.889
002737.SZ,20210121,13.64,13.89,13.5,13.75,50830.98,69607.078
300495.SZ,20210121,5.86,5.95,5.78,5.89,91501.51,53806.836
603811.SH,20210121,23.59,23.88,22.9,22.99,23494.0,54427.926
603037.SH,20210121,15.18,15.25,15.07,15.12,7095.9,10720.759
603039.SH,20210121,90.52,92.95,89.8,92.04,8649.57,79001.742
300682.SZ,20210121,13.83,14.26,13.81,13.98,38579.49,54083.975
603881.SH,20210121,64.0,64.7,63.13,64.0,44158.23,281701.904
603626.SH,20210121,12.04,12.04,11.55,11.57,75908.06,88798.737
300606.SZ,20210121,18.85,19.75,18.78,19.61,22056.0,42586.488
300619.SZ,20210121,19.75,20.26,19.73,19.94,13588.5,27213.766
002861.SZ,20210121,18.42,18.89,18.42,18.68,5957.39,11143.167
002850.SZ,20210121,78.96,82.16,78.96,80.8,21595.91,174263.259
603038.SH,20210121,11.83,12.19,11.2,11.3,35397.68,41407.192
603040.SH,20210121,27.04,27.48,26.68,27.24,7834.29,21304.197
603358.SH,20210121,14.5,15.25,14.45,15.1,30917.12,46096.407
601228.SH,20210121,3.29,3.31,3.26,3.3,83083.83,27311.408
603303.SH,20210121,12.58,12.95,12.49,12.87,35488.8,45385.93
002867.SZ,20210121,31.75,33.2,31.56,32.32,123625.63,398233.29
300580.SZ,20210121,18.89,19.31,18.76,18.91,21170.81,40307.148
300578.SZ,20210121,40.98,43.97,40.4,42.2,78794.44,336291.117
300571.SZ,20210121,37.42,38.64,37.42,38.14,7509.0,28586.919
300598.SZ,20210121,91.98,95.28,91.8,92.17,26900.66,251387.579
603839.SH,20210121,9.05,9.08,8.93,9.05,10430.03,9399.28
603165.SH,20210121,12.71,12.82,12.67,12.69,9250.9,11766.771
603360.SH,20210121,15.6,15.8,15.43,15.6,12951.81,20198.336
002953.SZ,20210121,20.8,21.04,20.8,20.9,8098.45,16941.684
603032.SH,20210121,11.24,11.34,11.0,11.04,14406.0,15946.235
300597.SZ,20210121,9.69,9.84,9.56,9.65,30341.0,29428.656
603908.SH,20210121,21.06,21.43,21.02,21.16,3782.23,8025.464
300576.SZ,20210121,41.19,43.48,39.6,43.26,58761.49,244007.328
603208.SH,20210121,109.98,112.37,108.1,109.97,7828.16,86156.285
300581.SZ,20210121,43.8,44.99,43.2,43.9,87991.93,388505.748
002855.SZ,20210121,9.62,9.79,9.62,9.63,12579.24,12187.432
603665.SH,20210121,15.75,16.3,15.75,16.24,42176.06,67798.172
300684.SZ,20210121,22.2,22.33,21.52,21.8,73460.92,161113.997
603089.SH,20210121,8.3,8.45,8.14,8.35,14849.51,12310.775
688393.SH,20210121,35.87,36.88,35.57,36.33,6152.71,22377.704
002846.SZ,20210121,13.41,13.48,13.01,13.28,10814.0,14424.667
300592.SZ,20210121,17.66,18.51,17.65,18.19,40893.0,74501.424
300575.SZ,20210121,35.33,36.99,35.11,36.4,11828.56,42706.3
002847.SZ,20210121,102.91,112.58,102.01,112.3,26712.84,286537.548
603217.SH,20210121,25.27,25.27,24.93,24.98,2707.4,6784.357
603238.SH,20210121,29.81,29.98,28.99,29.43,8624.26,25305.687
603817.SH,20210121,5.7,5.74,5.66,5.69,14056.07,8014.411
603337.SH,20210121,29.82,31.8,29.3,31.4,42493.22,131730.533
300678.SZ,20210121,20.01,20.55,19.87,20.26,22242.6,45040.193
300568.SZ,20210121,30.61,31.53,30.39,30.45,146744.4,454529.43
300601.SZ,20210121,157.5,166.16,157.0,165.18,101627.43,1650174.603
300585.SZ,20210121,12.89,13.05,12.68,12.74,34009.0,43682.82
603200.SH,20210121,23.35,23.68,22.95,23.5,12572.3,29376.306
002902.SZ,20210121,12.66,12.94,12.63,12.66,21267.5,27183.434
603139.SH,20210121,16.01,16.48,15.76,16.47,7028.34,11364.818
603926.SH,20210121,11.31,11.58,11.3,11.33,8046.0,9184.439
300868.SZ,20210121,38.89,39.48,37.98,38.38,14390.29,55397.275
603586.SH,20210121,13.86,14.03,13.73,13.77,5701.93,7903.309
002860.SZ,20210121,14.77,14.77,14.48,14.54,10722.5,15593.935
002869.SZ,20210121,34.32,34.82,34.01,34.73,36041.54,124457.559
002876.SZ,20210121,56.0,56.0,50.78,51.0,66773.35,358116.6
603717.SH,20210121,9.13,9.25,9.0,9.1,26700.94,24221.657
603081.SH,20210121,10.45,10.95,10.38,10.81,22621.08,24211.491
300616.SZ,20210121,79.1,82.84,78.7,81.18,14840.22,120145.688
300613.SZ,20210121,128.0,129.91,123.0,123.32,11913.15,148589.274
300618.SZ,20210121,99.99,105.74,98.91,102.2,121433.69,1245830.637
002872.SZ,20210121,4.24,4.27,4.22,4.23,10467.97,4439.072
603721.SH,20210121,11.54,11.67,11.39,11.41,17337.7,19980.453
300588.SZ,20210121,7.92,8.15,7.89,7.91,35191.9,28209.144
002863.SZ,20210121,5.22,5.26,5.13,5.15,92310.0,47784.485
300590.SZ,20210121,31.43,32.79,30.8,32.63,145231.99,463880.999
603728.SH,20210121,16.32,16.99,16.16,16.88,40405.87,67466.393
002871.SZ,20210121,14.13,14.35,14.02,14.3,14792.8,21012.666
603776.SH,20210121,15.95,16.45,15.91,16.23,22528.19,36508.411
002873.SZ,20210121,15.75,15.87,15.7,15.83,4452.1,7041.424
603496.SH,20210121,16.7,17.19,16.62,16.63,12041.94,20240.067
300675.SZ,20210121,16.35,16.55,15.99,16.12,43603.4,70541.206
300607.SZ,20210121,39.61,40.6,39.49,40.3,67103.17,269876.418
300639.SZ,20210121,41.0,43.88,40.6,42.68,213071.72,903553.499
603225.SH,20210121,17.71,19.25,17.6,19.02,135481.59,252448.289
603679.SH,20210121,22.35,22.35,21.58,21.63,13465.18,29344.378
300602.SZ,20210121,20.48,21.29,20.31,21.07,44054.99,91890.052
603488.SH,20210121,9.47,9.61,9.28,9.46,20087.4,19071.518
300632.SZ,20210121,13.48,13.73,13.3,13.42,39074.02,52811.775
603335.SH,20210121,4.44,4.45,4.36,4.4,34922.81,15406.687
603331.SH,20210121,9.78,9.93,9.78,9.86,10655.4,10485.426
300599.SZ,20210121,13.97,14.31,13.77,13.9,99303.27,139066.452
300591.SZ,20210121,6.27,6.31,6.05,6.09,167123.0,102464.646
603056.SH,20210121,14.3,15.3,14.2,15.19,177461.32,263731.725
300645.SZ,20210121,14.37,14.81,14.23,14.41,12458.8,18072.733
603856.SH,20210121,12.81,13.26,12.73,13.07,52801.12,69001.481
300608.SZ,20210121,11.99,12.26,11.95,12.05,10332.2,12497.747
300605.SZ,20210121,11.38,11.67,11.36,11.47,27978.74,32217.407
300638.SZ,20210121,65.62,66.19,64.59,65.6,41621.95,272139.885
300584.SZ,20210121,19.33,20.75,19.33,20.66,14905.49,30132.876
002892.SZ,20210121,20.5,20.68,20.41,20.57,7922.9,16267.031
605151.SH,20210121,19.9,21.34,19.85,19.98,96239.7,197298.651
002920.SZ,20210121,122.41,124.89,120.14,122.9,48949.28,598654.204
603083.SH,20210121,13.09,13.45,12.79,13.3,64426.01,84196.252
603499.SH,20210121,9.58,9.96,9.5,9.96,49007.92,47919.351
603076.SH,20210121,44.2,47.35,44.0,46.02,16768.48,77193.23
002918.SZ,20210121,33.75,33.75,32.2,32.5,47617.36,155721.568
603659.SH,20210121,104.14,106.0,101.15,105.0,49759.41,518253.789
603967.SH,20210121,12.9,13.07,12.88,12.92,5744.62,7459.506
603429.SH,20210121,32.84,35.19,32.84,34.63,48768.27,168422.424
600025.SH,20210121,4.29,4.38,4.28,4.37,290610.56,126235.337
603533.SH,20210121,33.0,34.66,32.61,34.25,136298.76,462002.765
603283.SH,20210121,34.73,34.75,33.8,33.86,28508.66,97196.149
002970.SZ,20210121,59.55,60.6,58.47,59.14,16290.0,96311.812
003033.SZ,20210121,29.28,30.55,29.15,29.88,31740.5,94921.362
300689.SZ,20210121,36.9,37.78,36.66,37.15,8384.0,31265.419
300723.SZ,20210121,42.5,43.65,42.22,42.63,19312.13,82990.289
300803.SZ,20210121,35.0,35.65,33.76,34.98,176620.52,614469.115
300743.SZ,20210121,14.59,15.06,14.59,14.71,16615.0,24622.46
300697.SZ,20210121,14.07,14.43,13.87,14.28,20999.38,29873.575
300692.SZ,20210121,14.45,14.93,14.31,14.81,26422.59,38616.78
300698.SZ,20210121,15.16,15.8,15.01,15.38,30344.0,46492.173
300713.SZ,20210121,19.85,20.25,19.52,19.73,70547.35,140087.39
300696.SZ,20210121,55.0,56.24,54.34,55.25,30872.02,170660.953
300717.SZ,20210121,16.3,16.69,16.18,16.21,27858.0,45642.24
300813.SZ,20210121,46.32,47.28,45.63,46.33,4220.99,19699.204
300720.SZ,20210121,23.58,24.41,23.13,23.79,45308.01,107060.511
002919.SZ,20210121,39.4,42.89,38.01,41.79,18917.74,78461.847
603045.SH,20210121,11.44,11.44,11.1,11.18,12537.2,14090.282
603277.SH,20210121,12.21,12.3,12.05,12.15,23253.0,28235.277
603103.SH,20210121,14.39,14.49,14.1,14.26,24051.8,34364.647
603709.SH,20210121,20.88,23.0,20.73,23.0,39648.0,89162.189
605108.SH,20210121,21.45,21.73,21.05,21.06,14196.0,30229.535
002896.SZ,20210121,27.0,27.21,26.56,27.07,22489.0,60555.476
002899.SZ,20210121,12.46,12.76,12.38,12.62,7890.0,9948.789
002903.SZ,20210121,13.63,13.94,13.38,13.78,31690.05,43323.916
603214.SH,20210121,21.17,21.29,20.8,20.84,10610.6,22231.661
002921.SZ,20210121,19.0,19.31,18.96,19.16,9842.79,18872.539
002929.SZ,20210121,23.93,24.02,23.65,23.94,10602.9,25289.544
603917.SH,20210121,9.45,9.46,9.26,9.33,7834.2,7338.027
603392.SH,20210121,293.95,309.0,290.36,308.69,23704.98,712008.803
603507.SH,20210121,19.55,19.78,19.3,19.58,13233.02,25964.577
688060.SH,20210121,79.36,79.8,78.5,78.85,2734.91,21664.887
300654.SZ,20210121,8.87,9.06,8.79,8.83,22985.0,20440.561
300878.SZ,20210121,48.63,50.5,48.6,49.18,7557.0,37363.839
000709.SZ,20210121,2.2,2.22,2.18,2.2,333932.41,73489.855
000710.SZ,20210121,34.39,36.2,34.39,35.5,99644.71,351745.237
000711.SZ,20210121,2.3,2.39,2.29,2.33,57719.4,13529.222
000712.SZ,20210121,15.72,16.43,15.68,16.0,413541.62,663587.002
000713.SZ,20210121,13.9,14.62,13.69,14.29,447084.67,634058.84
000715.SZ,20210121,4.41,4.45,4.39,4.42,12880.33,5698.581
000716.SZ,20210121,3.19,3.24,3.18,3.22,72498.92,23306.405
000717.SZ,20210121,4.14,4.19,4.11,4.14,250947.34,103976.774
000718.SZ,20210121,3.94,3.98,3.82,3.85,737817.76,286272.593
000719.SZ,20210121,6.88,6.97,6.87,6.89,51120.11,35296.004
000720.SZ,20210121,3.75,3.76,3.67,3.7,68195.89,25310.84
000721.SZ,20210121,3.86,3.95,3.86,3.88,56809.12,22179.474
000722.SZ,20210121,6.14,6.26,6.12,6.18,31767.0,19612.093
000723.SZ,20210121,6.07,6.48,6.06,6.34,1419992.79,886543.933
000725.SZ,20210121,6.78,7.11,6.78,6.98,15328603.27,10663512.892
000726.SZ,20210121,6.22,6.27,6.21,6.22,42345.98,26374.37
000727.SZ,20210121,2.43,2.44,2.42,2.44,141791.24,34445.122
000728.SZ,20210121,8.59,8.78,8.52,8.65,626576.53,541108.457
000729.SZ,20210121,7.36,7.47,7.26,7.29,344898.58,252361.798
000731.SZ,20210121,4.72,4.75,4.68,4.71,35911.4,16929.22
000732.SZ,20210121,3.12,3.37,3.09,3.24,655608.01,212946.276
000733.SZ,20210121,61.0,62.09,59.78,61.03,97973.82,598084.997
000735.SZ,20210121,8.77,8.97,8.74,8.83,257871.85,228335.141
000736.SZ,20210121,6.65,6.65,6.48,6.51,31681.76,20725.315
000737.SZ,20210121,4.73,4.77,4.67,4.74,21293.01,10064.231
000738.SZ,20210121,23.85,24.66,23.6,24.19,287278.44,694512.903
000001.SZ,20210121,22.5,22.8,22.15,22.23,944778.6,2114252.731
000002.SZ,20210121,30.3,30.7,30.02,30.1,875252.61,2650781.806
000004.SZ,20210121,20.19,20.67,19.8,20.24,27012.51,54553.249
000005.SZ,20210121,2.31,2.34,2.29,2.32,48379.29,11208.505
000006.SZ,20210121,5.31,5.37,5.29,5.33,55154.31,29415.81
000007.SZ,20210121,3.31,3.4,3.28,3.34,171319.5,57360.135
000008.SZ,20210121,2.68,2.68,2.63,2.64,211621.18,56033.474
000009.SZ,20210121,7.3,7.81,7.2,7.7,1197437.01,912703.533
000010.SZ,20210121,3.76,3.8,3.73,3.74,38925.0,14624.334
000011.SZ,20210121,11.56,11.56,11.33,11.42,84938.82,97047.228
000012.SZ,20210121,6.9,7.33,6.84,7.18,774825.82,547738.501
000014.SZ,20210121,8.3,8.43,8.25,8.29,57068.06,47433.156
000016.SZ,20210121,6.88,6.98,6.8,6.84,388143.96,267270.552
000017.SZ,20210121,2.37,2.43,2.33,2.37,27270.0,6517.549
000019.SZ,20210121,6.9,7.0,6.87,6.94,32621.22,22612.68
000020.SZ,20210121,13.13,13.13,11.66,12.33,201292.41,251318.527
000021.SZ,20210121,20.46,20.49,20.02,20.2,251526.29,508517.649
001872.SZ,20210121,14.84,15.03,14.8,14.94,12256.73,18303.24
000023.SZ,20210121,16.5,16.68,16.47,16.64,3505.92,5806.166
600468.SH,20210121,5.13,5.13,4.42,4.59,623915.56,298002.631
600486.SH,20210121,148.98,152.1,146.01,150.4,27779.14,416279.486
600488.SH,20210121,5.05,5.05,5.01,5.03,61318.84,30829.675
600498.SH,20210121,24.16,24.26,23.65,23.89,130499.46,312151.441
600500.SH,20210121,5.21,5.29,5.18,5.24,146949.53,76907.98
600501.SH,20210121,11.1,11.36,11.01,11.25,157946.14,177079.075
600506.SH,20210121,8.03,8.07,7.6,7.98,27956.01,22270.577
600508.SH,20210121,9.12,9.33,9.11,9.23,86832.93,80189.732
600509.SH,20210121,4.8,5.05,4.75,4.96,339015.49,167368.835
600518.SH,20210121,2.42,2.42,2.37,2.4,179877.62,43091.724
600519.SH,20210121,2048.0,2090.02,2041.0,2070.0,38310.17,7953455.967
600520.SH,20210121,6.27,6.43,6.27,6.36,30898.0,19687.963
600523.SH,20210121,16.8,16.8,16.34,16.53,45212.28,74828.406
600528.SH,20210121,9.11,9.16,9.05,9.09,137882.21,125398.859
600530.SH,20210121,2.71,2.78,2.69,2.76,37162.9,10167.042
600533.SH,20210121,3.08,3.13,3.07,3.11,58745.82,18215.763
600536.SH,20210121,76.64,77.69,75.27,76.32,163255.88,1245438.368
600539.SH,20210121,6.58,6.65,6.49,6.52,5456.01,3574.692
600548.SH,20210121,8.65,8.67,8.6,8.61,11280.0,9730.238
600550.SH,20210121,4.52,4.6,4.5,4.59,96419.66,43955.821
600555.SH,20210121,1.52,1.55,1.5,1.53,57138.31,8723.998
600556.SH,20210121,12.53,13.12,12.53,12.76,107746.3,138236.756
600558.SH,20210121,2.97,3.0,2.94,2.97,63560.76,18877.553
600566.SH,20210121,19.89,20.03,19.87,19.91,19903.7,39669.077
600567.SH,20210121,3.18,3.21,3.14,3.16,604990.31,191932.685
600568.SH,20210121,1.57,1.59,1.55,1.57,101384.05,15929.113
600569.SH,20210121,2.32,2.4,2.3,2.37,423349.56,99360.942
600026.SH,20210121,7.06,7.11,6.93,7.09,295224.19,207731.563
600505.SH,20210121,6.04,6.07,5.98,6.05,17793.01,10725.406
600529.SH,20210121,44.8,46.88,44.8,46.43,310395.38,1423672.706
600496.SH,20210121,5.32,5.49,5.25,5.44,466015.28,249636.069
600580.SH,20210121,14.25,14.49,14.15,14.48,296778.75,426163.046
600355.SH,20210121,2.26,2.49,2.26,2.33,200253.0,47790.057
300816.SZ,20210121,81.58,82.55,78.73,81.68,4565.0,36808.954
002972.SZ,20210121,17.13,17.26,16.92,17.06,4116.45,7013.96
002977.SZ,20210121,127.55,127.55,123.0,125.01,11326.75,141902.38
603290.SH,20210121,253.37,259.78,253.2,253.69,20778.24,531398.814
600510.SH,20210121,6.65,6.71,6.62,6.64,27051.51,18026.072
600426.SH,20210121,41.93,43.1,41.2,42.5,106747.32,451156.001
600327.SH,20210121,3.85,3.88,3.82,3.85,32955.81,12680.082
600595.SH,20210121,2.34,2.34,2.34,2.34,2645.86,619.131
600397.SH,20210121,2.77,2.88,2.77,2.83,268169.68,76147.137
603948.SH,20210121,19.05,19.24,18.87,19.01,6762.0,12884.802
600590.SH,20210121,5.73,5.78,5.65,5.71,72610.82,41408.094
600503.SH,20210121,3.74,3.86,3.67,3.74,553575.08,207266.368
688009.SH,20210121,6.04,6.05,6.0,6.01,246459.18,148424.041
688080.SH,20210121,53.64,53.74,51.66,53.07,2109.51,11106.302
688178.SH,20210121,29.29,29.36,28.87,29.17,2571.45,7492.384
688199.SH,20210121,45.68,46.49,45.29,45.79,10760.42,49388.442
688366.SH,20210121,90.78,92.48,89.6,90.0,4480.82,40566.664
688233.SH,20210121,46.78,46.91,44.73,46.12,23759.45,109125.33
688369.SH,20210121,61.88,63.46,61.57,62.55,5782.66,36189.82
688656.SH,20210121,74.0,83.93,70.0,78.45,25458.85,196097.728
688299.SH,20210121,24.59,25.09,24.48,24.64,27209.97,67380.44
688101.SH,20210121,16.16,16.26,15.95,16.0,9141.99,14687.456
300862.SZ,20210121,40.68,40.99,39.62,40.36,17661.0,71103.948
600446.SH,20210121,16.1,16.34,15.99,16.14,109551.8,177262.775
688399.SH,20210121,190.3,198.88,190.2,193.55,22130.79,431419.499
600340.SH,20210121,11.25,11.55,11.13,11.36,361742.54,408329.616
688196.SH,20210121,54.99,56.2,54.99,55.78,4688.01,26097.24
003006.SZ,20210121,22.8,22.97,21.88,22.02,38275.69,85437.398
300818.SZ,20210121,27.2,27.66,26.85,27.3,9627.0,26269.886
605168.SH,20210121,187.0,187.99,183.58,184.51,4364.0,80888.018
605366.SH,20210121,11.46,11.55,11.28,11.39,16194.22,18483.935
605050.SH,20210121,10.96,10.96,10.81,10.9,16260.14,17708.301
605166.SH,20210121,9.01,9.12,8.96,8.96,11573.0,10461.546
003009.SZ,20210121,59.66,62.66,59.06,61.2,46641.16,285491.596
300850.SZ,20210121,171.0,177.8,166.0,172.88,16498.12,285309.246
688021.SH,20210121,56.01,57.26,54.2,54.3,11488.16,63965.64
688089.SH,20210121,38.39,39.47,37.96,39.4,8943.8,34538.098
600540.SH,20210121,4.31,4.36,4.24,4.31,66348.34,28550.43
688357.SH,20210121,67.0,68.99,66.98,68.38,5384.64,36706.424
688358.SH,20210121,48.23,48.36,46.7,46.76,2792.37,13211.699
688126.SH,20210121,36.5,36.99,35.36,36.02,280787.42,1015112.13
600354.SH,20210121,4.77,4.86,4.68,4.81,70008.98,33406.958
688181.SH,20210121,57.5,57.5,55.9,56.6,7539.85,42702.682
688128.SH,20210121,17.77,18.06,17.48,17.9,8869.76,15847.279
600249.SH,20210121,4.59,4.69,4.57,4.65,54643.41,25377.872
688051.SH,20210121,76.12,77.47,75.1,76.76,5019.13,38324.469
688298.SH,20210121,166.0,169.27,163.2,167.47,26136.94,434518.532
000100.SZ,20210121,9.15,10.02,9.15,9.8,9665362.49,9356285.124
605136.SH,20210121,27.01,27.28,26.31,26.7,68164.79,182496.809
605178.SH,20210121,48.18,48.54,47.81,48.05,3267.86,15725.776
605006.SH,20210121,8.48,8.58,8.37,8.41,69462.38,58686.555
003016.SZ,20210121,9.5,9.76,9.41,9.56,50061.31,48244.784
300853.SZ,20210121,55.1,56.0,54.52,55.05,5298.62,29287.109
002998.SZ,20210121,8.77,8.87,8.6,8.83,44928.74,39422.854
605118.SH,20210121,16.01,16.06,15.61,15.63,23166.67,36588.058
300910.SZ,20210121,69.59,69.59,67.81,68.18,31153.14,213167.523
300863.SZ,20210121,116.8,121.5,114.35,117.29,24884.53,289715.132
002314.SZ,20210121,3.64,3.76,3.59,3.67,155585.84,57379.633
002356.SZ,20210121,0.96,0.97,0.93,0.96,55718.9,5268.606
002316.SZ,20210121,3.6,3.87,3.54,3.64,96807.0,35740.951
601117.SH,20210121,6.05,6.1,5.97,5.98,1073330.41,645496.546
002327.SZ,20210121,7.51,7.58,7.48,7.57,21783.0,16398.989
002318.SZ,20210121,13.55,13.83,13.45,13.5,273910.56,373403.098
002317.SZ,20210121,9.11,9.54,8.99,9.3,234273.5,217292.866
002319.SZ,20210121,7.03,7.07,6.94,6.96,6518.0,4561.49
002474.SZ,20210121,5.74,5.82,5.72,5.76,34635.0,20002.214
002321.SZ,20210121,3.52,3.55,3.48,3.52,137158.89,48285.096
002331.SZ,20210121,11.52,12.37,11.52,11.97,66202.01,79322.934
002325.SZ,20210121,2.33,2.38,2.3,2.34,81395.0,19069.438
300001.SZ,20210121,35.01,37.4,35.0,36.85,302011.05,1111452.708
300004.SZ,20210121,6.15,6.23,6.05,6.07,61095.0,37336.83
300010.SZ,20210121,8.94,9.25,8.71,9.0,220496.67,199296.882
300008.SZ,20210121,6.16,6.24,6.07,6.16,337703.77,207817.665
300006.SZ,20210121,7.59,8.28,7.51,8.06,354287.02,280913.612
300003.SZ,20210121,28.55,29.49,28.52,28.57,367923.01,1065065.932
300005.SZ,20210121,6.22,6.52,6.14,6.36,228484.65,145948.571
300009.SZ,20210121,15.0,15.55,14.95,15.4,307985.86,470750.169
300007.SZ,20210121,15.18,15.49,15.02,15.31,106898.05,163160.866
300011.SZ,20210121,6.67,6.89,6.56,6.61,132950.0,88918.668
300013.SZ,20210121,6.23,6.36,6.11,6.16,72187.03,44825.006
300014.SZ,20210121,105.0,106.88,101.16,105.61,278664.8,2915778.146
601801.SH,20210121,4.73,4.77,4.7,4.74,51740.23,24497.074
002328.SZ,20210121,4.92,4.99,4.81,4.89,198610.9,97363.124
300023.SZ,20210121,11.25,11.63,11.25,11.56,44741.87,51390.838
300012.SZ,20210121,26.99,28.5,26.78,28.09,192339.45,530504.455
300018.SZ,20210121,6.04,6.12,5.97,6.05,92379.0,55916.149
300016.SZ,20210121,8.89,9.15,8.85,9.0,56217.93,50757.167
002320.SZ,20210121,8.55,8.64,8.5,8.56,45746.23,39162.079
601877.SH,20210121,38.39,40.25,37.63,39.8,346529.33,1350021.18
300017.SZ,20210121,6.79,6.92,6.73,6.83,342846.26,234119.229
300071.SZ,20210121,2.18,2.27,2.17,2.22,164498.29,36546.195
300015.SZ,20210121,74.81,76.5,74.5,75.49,283182.87,2141298.859
300020.SZ,20210121,7.92,8.3,7.9,8.09,168872.1,137090.089
300019.SZ,20210121,18.25,18.49,17.8,18.11,147184.53,266496.882
300022.SZ,20210121,4.23,4.29,4.16,4.24,90100.02,38164.539
300021.SZ,20210121,4.95,5.18,4.95,5.02,243611.53,122877.467
300033.SZ,20210121,126.2,132.71,126.2,131.1,101050.28,1315444.068
300027.SZ,20210121,4.08,4.13,4.03,4.07,184964.3,75347.867
300026.SZ,20210121,4.34,4.47,4.34,4.41,375845.24,166075.978
300025.SZ,20210121,3.87,3.95,3.78,3.86,96874.21,37378.241
002324.SZ,20210121,20.57,20.79,20.01,20.17,112011.34,226828.946
002322.SZ,20210121,10.6,10.93,10.58,10.91,32239.0,34783.034
300465.SZ,20210121,9.27,9.75,9.24,9.4,171643.94,162797.974
603569.SH,20210121,7.01,7.32,7.01,7.22,20659.13,14797.396
603816.SH,20210121,76.5,78.35,75.01,76.36,41848.02,319875.977
300472.SZ,20210121,9.65,9.77,9.5,9.63,22177.0,21389.849
300471.SZ,20210121,9.78,9.97,9.71,9.8,52750.54,51953.645
300478.SZ,20210121,8.4,8.57,8.2,8.25,28410.1,23760.9
300489.SZ,20210121,25.41,26.3,24.7,25.39,67423.01,172413.793
300494.SZ,20210121,12.56,13.24,12.56,12.8,72469.0,93906.69
300490.SZ,20210121,9.7,10.17,9.61,9.68,85610.55,84359.567
300486.SZ,20210121,14.16,14.17,13.8,13.91,5655.25,7876.124
300806.SZ,20210121,61.52,64.57,60.9,64.04,26154.22,166057.839
300480.SZ,20210121,14.5,14.82,14.4,14.49,21250.38,31025.793
601500.SH,20210121,5.4,5.53,5.39,5.43,41507.0,22580.808
601968.SH,20210121,8.37,8.7,8.28,8.58,46083.0,39489.694
603667.SH,20210121,7.21,7.23,7.13,7.14,9650.39,6926.649
603421.SH,20210121,8.39,8.6,8.37,8.45,13049.18,11070.918
603919.SH,20210121,37.29,39.78,36.58,39.78,257016.87,988201.339
603515.SH,20210121,30.55,30.89,30.11,30.44,20916.46,63818.333
002762.SZ,20210121,4.94,5.03,4.91,4.95,22300.52,11071.676
603868.SH,20210121,48.59,49.81,48.39,48.79,9623.86,47285.685
002766.SZ,20210121,4.36,4.44,4.27,4.42,22576.0,9872.119
603969.SH,20210121,3.97,4.26,3.94,4.23,244124.03,100901.611
002775.SZ,20210121,4.62,4.65,4.57,4.6,39743.55,18334.978
603556.SH,20210121,13.15,13.26,13.06,13.2,10338.6,13608.868
002763.SZ,20210121,7.06,7.09,7.01,7.04,8166.4,5760.612
603660.SH,20210121,7.29,7.43,7.28,7.29,40279.5,29613.399
002760.SZ,20210121,17.81,18.5,17.69,18.05,11753.46,21427.674
002819.SZ,20210121,33.4,33.67,32.68,33.3,9352.27,30976.874
300526.SZ,20210121,70.58,72.54,70.01,71.08,9420.22,67122.998
300496.SZ,20210121,147.0,148.56,144.0,146.42,68512.27,1005338.261
300555.SZ,20210121,8.21,8.34,8.12,8.21,55543.0,45792.763
300547.SZ,20210121,9.44,10.17,9.44,9.98,100633.8,98928.092
300522.SZ,20210121,24.41,25.3,23.77,25.1,19823.63,48678.736
300484.SZ,20210121,14.13,14.21,13.78,13.85,84286.84,117832.166
300432.SZ,20210121,10.9,11.19,10.7,11.02,267554.2,294555.235
603898.SH,20210121,15.88,16.1,15.62,15.69,12031.67,19006.645
600939.SH,20210121,3.59,3.62,3.55,3.59,27272.14,9766.205
603618.SH,20210121,6.25,6.33,6.08,6.16,354143.99,218803.53
603663.SH,20210121,14.63,15.14,14.51,14.85,13300.01,19813.923
002788.SZ,20210121,7.64,7.71,7.63,7.66,18850.65,14474.459
603021.SH,20210121,5.23,5.24,5.12,5.2,21986.33,11374.495
603887.SH,20210121,16.22,16.41,16.03,16.18,31883.39,51650.083
603558.SH,20210121,8.17,8.19,7.98,8.03,17850.5,14381.082
603986.SH,20210121,227.0,227.0,216.21,218.05,150883.3,3322048.582
603612.SH,20210121,13.48,14.11,13.48,13.86,115229.85,160218.262
003025.SZ,20210121,32.84,33.0,32.11,32.43,16079.88,52271.949
603316.SH,20210121,6.64,6.67,6.58,6.66,29909.0,19820.789
002965.SZ,20210121,29.64,29.86,29.63,29.7,6329.27,18826.027
300595.SZ,20210121,105.0,111.44,104.66,110.28,108374.07,1168024.756
300610.SZ,20210121,15.69,16.2,15.54,16.15,28380.6,45400.73
300498.SZ,20210121,18.21,18.45,18.15,18.34,270578.51,495359.057
300736.SZ,20210121,7.72,7.98,7.72,7.84,33017.6,25920.023
300663.SZ,20210121,21.25,22.26,21.23,21.8,67448.07,147475.95
300662.SZ,20210121,49.41,49.87,47.5,48.71,19701.51,95476.67
300622.SZ,20210121,14.65,15.0,14.41,14.75,16959.37,24979.068
601108.SH,20210121,11.55,11.81,11.45,11.64,487690.91,568018.281
603938.SH,20210121,23.61,24.39,21.86,22.35,30601.64,70614.458
603587.SH,20210121,17.61,17.82,17.45,17.79,23018.4,40667.704
300699.SZ,20210121,91.57,93.95,91.0,92.58,57744.05,535661.678
300635.SZ,20210121,19.25,19.98,18.73,19.48,18161.6,35032.809
002884.SZ,20210121,27.39,27.98,27.39,27.43,20107.5,55312.63
300625.SZ,20210121,15.15,15.32,14.94,15.18,11044.92,16762.579
603725.SH,20210121,7.47,7.59,7.33,7.34,25186.4,18785.35
603711.SH,20210121,19.15,19.18,18.73,19.01,10036.05,19020.712
300767.SZ,20210121,101.01,102.44,97.36,99.99,21851.38,217793.081
300630.SZ,20210121,43.44,43.78,43.06,43.65,43970.21,190799.507
002879.SZ,20210121,13.5,13.56,13.36,13.43,7533.89,10151.089
002982.SZ,20210121,65.9,66.52,65.33,66.4,10549.48,69719.485
300611.SZ,20210121,10.6,10.62,9.46,9.85,124754.0,123769.283
300626.SZ,20210121,8.37,8.52,8.27,8.29,29948.0,25176.046
603387.SH,20210121,33.1,33.96,33.1,33.5,33754.79,113610.143
603079.SH,20210121,22.22,22.43,21.83,22.23,13551.88,30114.599
300637.SZ,20210121,8.0,8.09,7.9,8.04,28448.09,22804.186
300670.SZ,20210121,8.2,8.31,7.99,8.12,125492.08,102028.959
603880.SH,20210121,12.11,12.75,12.06,12.37,40262.87,49741.137
300695.SZ,20210121,59.99,60.66,59.1,59.99,2548.5,15295.702
300636.SZ,20210121,24.05,24.08,23.31,23.76,27517.39,65398.736
603767.SH,20210121,6.57,6.73,6.49,6.58,19057.94,12584.88
603619.SH,20210121,8.56,8.63,8.41,8.57,42135.0,36124.554
300708.SZ,20210121,23.42,24.19,23.4,23.56,100580.0,239098.818
300603.SZ,20210121,11.32,11.45,11.09,11.21,50633.89,57090.206
603042.SH,20210121,13.07,13.37,12.98,13.25,15463.0,20421.894
300701.SZ,20210121,30.58,30.58,29.71,29.96,17791.45,53474.457
603187.SH,20210121,64.3,68.93,63.09,68.93,27130.27,180628.584
300620.SZ,20210121,42.79,42.98,41.46,41.7,13133.0,55251.007
603357.SH,20210121,9.15,9.28,9.15,9.15,18053.88,16573.822
603196.SH,20210121,5.33,5.35,5.21,5.3,9582.0,5066.911
300628.SZ,20210121,81.0,85.48,81.0,83.92,53826.81,451574.814
002935.SZ,20210121,26.72,27.29,26.38,26.89,23032.97,61878.454
300709.SZ,20210121,53.85,54.62,52.2,53.85,21561.86,115647.433
603755.SH,20210121,74.33,80.88,73.85,79.38,10813.99,84045.131
603739.SH,20210121,24.01,24.17,23.69,23.81,20522.28,49021.466
603713.SH,20210121,136.0,136.38,132.5,133.24,8688.57,116342.748
688310.SH,20210121,28.51,28.9,28.45,28.57,2527.86,7253.433
603876.SH,20210121,13.2,13.5,13.13,13.35,26340.0,35146.318
601865.SH,20210121,38.5,39.49,37.88,39.1,308387.03,1199799.078
300753.SZ,20210121,26.38,26.68,26.07,26.12,11141.58,29408.967
300896.SZ,20210121,745.03,776.99,743.0,767.74,8643.83,657115.054
300748.SZ,20210121,39.5,42.09,38.58,41.28,359616.17,1475966.829
603915.SH,20210121,36.05,39.94,36.05,39.83,79708.85,310819.253
688202.SH,20210121,260.31,262.35,229.96,241.24,14429.91,352661.308
605183.SH,20210121,16.44,16.44,16.07,16.13,33874.14,54802.365
603121.SH,20210121,10.69,10.81,10.48,10.51,21097.9,22351.224
603790.SH,20210121,10.54,10.79,10.49,10.61,10001.3,10683.518
603657.SH,20210121,17.13,17.49,17.0,17.03,8600.8,14765.377
601236.SH,20210121,16.35,16.65,16.26,16.36,189835.55,311991.575
688418.SH,20210121,22.85,23.07,22.51,22.55,11011.67,25078.362
603192.SH,20210121,22.89,23.09,22.63,22.63,2340.0,5339.899
603662.SH,20210121,28.4,28.82,28.17,28.6,14700.68,41906.466
300775.SZ,20210121,36.24,37.09,36.0,36.5,79305.09,290651.267
300776.SZ,20210121,143.38,150.6,143.29,147.6,13096.82,193798.812
002941.SZ,20210121,11.04,11.17,10.92,11.06,41027.47,45360.776
603259.SH,20210121,156.9,161.09,156.0,160.0,171493.53,2731044.082
300454.SZ,20210121,289.8,307.0,287.0,305.0,15148.02,454648.114
300811.SZ,20210121,70.71,72.95,70.4,70.73,4528.0,32276.195
003010.SZ,20210121,28.1,28.31,27.85,28.1,18151.58,51002.956
003012.SZ,20210121,14.66,15.16,14.53,14.58,115012.89,169775.717
300828.SZ,20210121,26.39,26.6,25.7,25.86,16319.0,42461.42
300766.SZ,20210121,16.7,16.99,16.46,16.54,61394.77,102603.327
002952.SZ,20210121,14.53,14.9,14.5,14.61,7459.5,10939.307
601319.SH,20210121,6.34,6.39,6.3,6.35,530848.94,336723.469
002946.SZ,20210121,20.03,20.93,20.03,20.72,127454.19,262865.266
603613.SH,20210121,160.77,163.38,157.01,159.8,24695.47,396448.299
688508.SH,20210121,84.5,86.31,83.51,84.74,12352.3,104937.964
300780.SZ,20210121,14.47,14.85,14.45,14.64,14776.24,21651.003
603332.SH,20210121,16.82,17.65,16.82,17.49,41762.0,72614.2
002947.SZ,20210121,37.53,37.73,36.52,37.19,14650.97,54344.402
300778.SZ,20210121,24.73,25.2,24.59,24.62,8063.5,20042.2
300762.SZ,20210121,55.8,56.3,54.2,55.17,43600.86,240902.658
603068.SH,20210121,84.4,85.79,82.52,84.12,22797.22,191908.663
300845.SZ,20210121,29.02,29.67,28.7,28.72,13402.44,38974.205
601298.SH,20210121,6.43,6.59,6.43,6.52,153010.54,100062.067
002967.SZ,20210121,34.0,34.85,33.63,34.48,52811.27,181189.65
300890.SZ,20210121,53.09,55.33,51.87,54.28,38434.83,205304.592
000025.SZ,20210121,16.35,17.29,16.16,16.53,54803.59,91380.534
000026.SZ,20210121,12.51,13.11,12.47,12.73,119072.95,152493.721
000027.SZ,20210121,5.91,5.98,5.86,5.93,246279.04,145785.452
000028.SZ,20210121,42.87,43.15,42.41,42.73,32830.0,140250.444
000029.SZ,20210121,7.56,7.74,7.4,7.53,154323.05,116508.675
000030.SZ,20210121,6.98,6.98,6.7,6.78,252245.53,172039.29
000031.SZ,20210121,4.26,4.28,4.22,4.24,50120.19,21314.997
000032.SZ,20210121,18.63,18.8,18.4,18.47,14947.0,27728.755
000034.SZ,20210121,20.18,20.48,20.01,20.24,99140.59,201424.229
000035.SZ,20210121,4.03,4.07,4.01,4.04,60745.24,24522.411
000036.SZ,20210121,3.97,3.99,3.94,3.95,58054.5,22963.202
000037.SZ,20210121,10.0,10.15,9.85,9.94,48803.25,48705.895
000038.SZ,20210121,9.39,9.55,9.3,9.44,26162.75,24759.063
000039.SZ,20210121,16.19,17.28,16.04,16.71,608498.74,1024617.194
000040.SZ,20210121,3.12,3.14,3.09,3.11,192426.23,59902.043
000042.SZ,20210121,9.12,9.14,8.92,9.0,7140.0,6430.626
001914.SZ,20210121,24.37,24.8,23.09,23.09,144084.15,341365.973
000045.SZ,20210121,7.46,7.46,7.2,7.24,69165.1,50291.799
000046.SZ,20210121,3.23,3.26,3.18,3.19,145984.24,46983.193
000048.SZ,20210121,22.51,23.17,22.45,22.73,15157.01,34567.418
000049.SZ,20210121,72.81,72.99,70.01,71.75,77050.65,549086.15
000050.SZ,20210121,16.13,16.88,16.11,16.64,363626.05,605275.166
000055.SZ,20210121,4.25,4.31,4.25,4.29,37990.51,16259.614
000056.SZ,20210121,2.75,2.87,2.75,2.8,59283.02,16681.792
000058.SZ,20210121,6.28,6.3,6.16,6.22,41588.0,25858.771
000059.SZ,20210121,5.83,5.87,5.77,5.8,123731.26,71820.974
000060.SZ,20210121,4.42,4.61,4.39,4.55,650072.19,294601.539
000061.SZ,20210121,6.27,6.31,6.23,6.28,74700.09,46850.427
000062.SZ,20210121,12.29,12.38,12.07,12.21,33129.73,40544.862
000063.SZ,20210121,35.86,35.86,34.7,35.32,937432.2,3303233.944
000065.SZ,20210121,7.16,7.2,7.13,7.2,47657.73,34169.022
000066.SZ,20210121,18.77,19.25,18.53,18.72,662153.77,1248296.399
000068.SZ,20210121,2.88,2.97,2.85,2.9,120747.42,35147.394
000069.SZ,20210121,7.15,7.15,6.99,7.02,501458.73,354778.672
000070.SZ,20210121,8.62,8.71,8.49,8.64,91565.92,78877.948
000078.SZ,20210121,3.81,3.94,3.81,3.89,243623.37,94316.23
000088.SZ,20210121,6.11,6.16,6.08,6.12,73163.11,44806.065
000089.SZ,20210121,7.9,7.94,7.85,7.85,118371.41,93353.422
000090.SZ,20210121,6.03,6.06,5.92,5.98,163573.9,97904.309
000096.SZ,20210121,10.08,10.18,9.9,10.12,14776.11,14817.076
000099.SZ,20210121,6.77,6.83,6.73,6.77,40772.24,27687.944
000150.SZ,20210121,2.97,3.05,2.96,2.99,102582.44,30652.456
000151.SZ,20210121,7.59,7.62,7.44,7.52,11681.06,8796.57
000153.SZ,20210121,7.53,7.7,7.5,7.63,46954.0,35921.125
600593.SH,20210121,19.27,19.44,18.94,19.02,30142.0,57708.514
600561.SH,20210121,3.99,4.17,3.97,4.12,23670.56,9704.337
600416.SH,20210121,19.9,20.92,19.7,20.92,119298.4,244651.177
600526.SH,20210121,4.18,4.24,4.16,4.22,18867.02,7935.912
600565.SH,20210121,2.63,2.65,2.6,2.61,138382.7,36291.007
600531.SH,20210121,5.15,5.4,5.13,5.33,481879.89,255329.852
600515.SH,20210121,6.12,6.17,6.02,6.04,323028.51,195623.87
300858.SZ,20210121,62.07,63.98,61.82,62.5,6946.0,43610.606
600592.SH,20210121,10.26,10.3,10.17,10.17,19896.05,20348.388
600579.SH,20210121,4.55,4.65,4.53,4.57,30088.0,13834.983
600586.SH,20210121,7.8,8.15,7.6,7.98,1154246.46,908960.307
600581.SH,20210121,3.5,3.63,3.48,3.59,372009.11,131954.376
600535.SH,20210121,14.19,14.3,14.15,14.21,85687.24,121809.47
600597.SH,20210121,19.3,20.97,19.24,20.18,481614.37,968429.268
600516.SH,20210121,7.74,7.86,7.62,7.71,1523211.74,1178691.582
600551.SH,20210121,6.94,6.94,6.87,6.91,17754.0,12266.568
600956.SH,20210121,8.21,8.23,8.1,8.14,109667.75,89489.663
002980.SZ,20210121,43.57,45.3,43.57,44.95,13856.17,61641.327
688560.SH,20210121,26.04,26.59,25.64,26.14,21913.6,57355.317
600577.SH,20210121,3.07,3.08,3.03,3.05,155141.75,47384.64
600371.SH,20210121,13.2,13.45,13.1,13.32,60152.45,79962.398
600560.SH,20210121,8.5,8.6,8.48,8.53,10420.0,8902.861
600557.SH,20210121,9.65,9.71,9.59,9.61,46085.89,44351.83
600351.SH,20210121,4.98,5.11,4.98,5.04,129357.71,65200.709
000875.SZ,20210121,4.19,4.22,4.12,4.18,269310.21,112337.642
600587.SH,20210121,13.78,13.99,13.64,13.72,55971.43,76983.665
300826.SZ,20210121,28.73,29.39,28.7,29.05,2661.0,7728.239
300830.SZ,20210121,11.43,11.55,11.31,11.31,26538.71,30258.311
600499.SH,20210121,9.09,9.25,8.8,9.13,664896.38,597236.485
600050.SH,20210121,4.48,4.49,4.41,4.43,1639230.37,726768.875
600522.SH,20210121,11.06,11.19,10.9,11.08,495925.49,547989.544
300898.SZ,20210121,51.69,54.9,51.61,53.61,59055.25,317081.772
605128.SH,20210121,27.97,27.97,27.55,27.85,3334.62,9262.085
300892.SZ,20210121,67.02,71.8,66.64,69.97,35570.23,249674.183
300821.SZ,20210121,11.07,11.14,10.82,10.93,184912.83,202912.944
300812.SZ,20210121,38.48,39.3,37.86,37.9,5738.27,22013.218
600559.SH,20210121,28.17,30.52,27.63,29.49,886697.98,2558383.778
600578.SH,20210121,2.94,2.96,2.93,2.94,38620.21,11349.668
600582.SH,20210121,3.2,3.22,3.17,3.18,207260.16,66128.219
600583.SH,20210121,4.56,4.59,4.53,4.56,147608.83,67361.38
600585.SH,20210121,54.0,54.19,53.01,53.25,463116.74,2471868.258
600588.SH,20210121,45.66,48.11,45.66,47.29,413434.88,1950202.043
600589.SH,20210121,3.02,3.08,3.0,3.04,53228.5,16209.155
600596.SH,20210121,11.37,11.64,11.14,11.42,376052.61,429255.019
600598.SH,20210121,17.6,17.88,17.46,17.69,118240.83,209117.373
300856.SZ,20210121,54.1,55.86,53.8,54.13,15257.49,83844.101
002990.SZ,20210121,82.18,82.2,80.3,80.5,13914.5,112568.036
300855.SZ,20210121,42.2,43.3,42.18,42.8,22883.06,98058.04
300866.SZ,20210121,178.9,181.87,174.6,180.95,12039.0,214408.174
300852.SZ,20210121,84.74,85.3,83.5,84.48,4965.0,42010.172
003032.SZ,20210121,23.73,23.73,23.73,23.73,2373.38,5632.03
300871.SZ,20210121,41.21,41.76,40.9,41.36,14360.0,59431.79
605099.SH,20210121,30.3,30.5,29.59,29.99,47546.24,142214.724
003027.SZ,20210121,38.6,38.66,37.92,38.12,9808.06,37478.957
688505.SH,20210121,16.17,16.8,16.17,16.68,19163.3,31737.242
600387.SH,20210121,6.23,6.25,6.17,6.18,28281.02,17524.445
688599.SH,20210121,21.89,22.65,21.8,22.4,200911.24,447670.888
600444.SH,20210121,9.54,9.54,9.22,9.4,13218.01,12356.804
003021.SZ,20210121,71.77,71.79,70.01,70.15,12485.38,88529.131
300885.SZ,20210121,36.9,37.47,36.02,36.25,24420.27,89290.234
002997.SZ,20210121,15.54,15.8,15.21,15.49,22753.63,35141.11
600325.SH,20210121,6.24,6.26,6.19,6.19,121184.84,75216.231
600493.SH,20210121,4.67,4.72,4.63,4.68,17419.07,8158.194
603893.SH,20210121,64.85,65.43,63.85,64.97,16354.0,105618.222
688138.SH,20210121,22.39,22.75,22.06,22.41,19154.0,42888.979
300829.SZ,20210121,117.88,121.39,115.02,119.52,21820.0,257592.85
003003.SZ,20210121,13.85,13.95,13.68,13.71,16983.14,23417.068
605388.SH,20210121,19.93,20.49,19.8,20.25,61523.63,124397.99
605066.SH,20210121,12.55,12.6,12.43,12.45,15308.0,19194.726
605222.SH,20210121,20.28,20.44,20.05,20.07,13174.0,26606.451
003001.SZ,20210121,28.66,29.0,28.6,28.64,5702.6,16390.462
300857.SZ,20210121,26.51,26.69,25.94,26.27,16713.54,43984.28
603408.SH,20210121,15.49,15.54,15.25,15.39,7790.29,12006.087
605228.SH,20210121,9.33,9.33,9.33,9.33,2032.15,1895.996
688466.SH,20210121,23.73,23.73,23.04,23.17,10868.52,25291.396
605116.SH,20210121,16.89,16.89,16.64,16.8,15475.01,25887.311
605009.SH,20210121,190.86,195.5,189.3,192.5,17427.21,334360.337
300875.SZ,20210121,91.36,91.37,86.5,89.06,14967.29,132519.594
605318.SH,20210121,14.7,14.86,14.58,14.61,16954.0,24930.567
300889.SZ,20210121,29.98,30.13,29.2,29.28,16631.97,49226.098
605169.SH,20210121,20.41,20.85,20.4,20.66,21164.49,43634.409
605398.SH,20210121,45.13,54.16,45.13,54.16,1951.01,10525.132
300880.SZ,20210121,35.1,36.98,34.38,36.31,43565.2,156458.088
605158.SH,20210121,10.92,10.98,10.81,10.85,14951.29,16289.918
688118.SH,20210121,24.3,24.6,24.08,24.12,4530.91,11018.179
688069.SH,20210121,73.8,73.8,70.63,70.69,14004.21,100496.209
688090.SH,20210121,37.98,37.98,37.12,37.49,2461.5,9249.772
688528.SH,20210121,15.25,15.38,15.15,15.26,4192.96,6393.736
300817.SZ,20210121,25.9,26.3,25.3,25.7,17964.43,46326.42
300901.SZ,20210121,20.35,20.45,19.6,19.61,79441.6,158120.211
002326.SZ,20210121,9.7,9.73,9.48,9.59,142689.47,137215.997
002323.SZ,20210121,2.59,2.64,2.54,2.58,9844.31,2527.504
002330.SZ,20210121,6.24,6.26,6.19,6.24,29614.0,18459.604
002333.SZ,20210121,5.08,5.08,5.03,5.05,10638.24,5372.148
002332.SZ,20210121,11.97,12.08,11.77,12.02,146436.82,174237.79
002334.SZ,20210121,5.25,5.5,5.2,5.44,287128.43,154337.99
002336.SZ,20210121,4.07,4.1,4.05,4.08,6645.0,2709.696
002335.SZ,20210121,22.88,23.77,22.88,23.11,88481.81,206439.95
002337.SZ,20210121,2.96,2.98,2.92,2.97,23503.0,6932.748
002338.SZ,20210121,17.97,18.08,17.7,18.04,26489.65,47524.459
002561.SZ,20210121,7.14,7.17,7.06,7.11,9832.71,7005.033
002340.SZ,20210121,8.08,8.9,7.93,8.6,5973522.95,5076631.344
002341.SZ,20210121,3.1,3.41,3.1,3.25,447243.0,146178.188
002339.SZ,20210121,6.0,6.13,5.93,6.05,30917.73,18609.452
002344.SZ,20210121,3.81,3.86,3.79,3.83,39125.46,14978.176
002538.SZ,20210121,5.54,5.67,5.53,5.63,46390.0,26095.184
002342.SZ,20210121,4.87,5.17,4.76,4.95,1128177.23,558544.286
300031.SZ,20210121,17.1,17.7,17.0,17.49,66443.67,115909.741
300139.SZ,20210121,9.88,9.89,9.61,9.71,87883.0,85445.634
002343.SZ,20210121,5.86,5.88,5.74,5.75,61166.4,35407.324
002345.SZ,20210121,4.01,4.01,3.89,3.9,62977.04,24799.843
002347.SZ,20210121,3.99,4.1,3.96,4.08,58103.55,23583.878
002346.SZ,20210121,9.41,9.46,9.32,9.38,7303.02,6860.523
002348.SZ,20210121,2.3,2.3,2.03,2.07,965679.92,205987.402
002381.SZ,20210121,8.58,8.73,8.58,8.68,26379.56,22866.636
601678.SH,20210121,5.33,5.37,5.28,5.29,141397.77,75230.958
002349.SZ,20210121,4.56,4.69,4.56,4.67,34309.94,15953.722
300034.SZ,20210121,31.75,32.82,31.1,32.27,143322.3,458032.719
300032.SZ,20210121,5.27,5.31,5.18,5.18,111097.0,57971.637
002351.SZ,20210121,13.24,13.37,13.12,13.25,93064.01,123232.462
002352.SZ,20210121,93.9,101.83,93.79,101.2,369261.83,3668012.762
002591.SZ,20210121,5.14,5.22,5.07,5.13,15174.0,7798.24
002355.SZ,20210121,4.85,5.03,4.81,4.92,141932.94,69820.522
002353.SZ,20210121,45.47,46.5,44.98,45.77,114321.73,522839.442
300029.SZ,20210121,5.14,5.19,5.04,5.06,33518.0,17051.093
002354.SZ,20210121,2.6,2.62,2.57,2.61,72424.4,18840.936
300035.SZ,20210121,11.68,12.77,11.44,12.55,534278.21,652072.672
300030.SZ,20210121,11.85,12.25,11.73,11.74,122669.01,146713.717
300247.SZ,20210121,2.89,3.44,2.87,3.16,771502.29,252438.909
300036.SZ,20210121,18.0,18.8,17.81,18.6,123064.84,226737.725
002358.SZ,20210121,3.82,3.92,3.78,3.87,142738.23,55128.92
002549.SZ,20210121,6.61,6.87,6.61,6.74,63217.66,42718.04
002455.SZ,20210121,4.97,5.15,4.91,5.01,117389.93,59026.546
002357.SZ,20210121,4.98,5.04,4.8,5.0,37666.4,18633.12
300037.SZ,20210121,86.51,94.17,86.51,93.19,94062.84,868076.042
603636.SH,20210121,9.34,9.49,9.27,9.4,26967.13,25315.918
603012.SH,20210121,6.17,6.17,6.07,6.12,52795.24,32361.326
603090.SH,20210121,12.84,12.95,12.66,12.69,5262.0,6729.615
603160.SH,20210121,155.0,156.6,152.02,152.95,43665.52,670030.639
603588.SH,20210121,13.5,13.66,13.43,13.49,62356.82,84224.553
300444.SZ,20210121,5.08,5.25,5.08,5.11,133928.45,69236.019
300534.SZ,20210121,5.31,5.42,5.29,5.31,35774.0,19116.072
002806.SZ,20210121,10.54,10.73,10.53,10.59,13294.4,14152.809
002822.SZ,20210121,5.9,6.05,5.88,5.98,87857.0,52484.021
002787.SZ,20210121,6.35,6.48,6.22,6.39,38058.21,24170.849
002809.SZ,20210121,10.0,10.1,9.92,10.02,9548.18,9584.032
002811.SZ,20210121,8.17,8.4,8.17,8.26,4192.01,3470.186
002832.SZ,20210121,15.76,15.95,15.48,15.6,28535.16,44543.533
603189.SH,20210121,18.26,18.53,18.1,18.32,23391.0,42957.071
603118.SH,20210121,10.13,10.3,10.0,10.25,59974.7,61003.049
002821.SZ,20210121,318.02,321.75,308.52,316.59,28958.97,913145.437
002789.SZ,20210121,14.99,15.21,14.89,15.03,8113.72,12207.452
002793.SZ,20210121,10.8,10.92,10.75,10.8,24433.89,26446.487
300559.SZ,20210121,14.18,14.18,13.42,13.52,64934.72,88721.642
300535.SZ,20210121,12.77,13.01,12.7,12.93,16663.67,21456.948
002817.SZ,20210121,12.8,13.2,12.69,12.69,20213.7,26002.169
300392.SZ,20210121,9.24,9.48,9.16,9.26,30975.0,28869.135
300433.SZ,20210121,39.84,40.3,38.77,40.02,771156.39,3048564.198
300664.SZ,20210121,7.28,7.34,7.17,7.26,95039.01,69095.369
300512.SZ,20210121,10.41,10.53,10.27,10.47,16861.0,17564.246
300462.SZ,20210121,19.59,19.72,19.4,19.48,22035.37,43138.562
002795.SZ,20210121,12.07,12.92,11.96,12.4,67611.0,84914.121
601900.SH,20210121,7.89,8.02,7.86,7.91,23454.83,18592.99
603718.SH,20210121,11.2,11.6,11.1,11.28,117872.4,133520.544
300500.SZ,20210121,12.22,12.34,12.03,12.24,22993.86,28074.738
002753.SZ,20210121,8.52,8.75,8.52,8.67,26008.38,22564.313
603799.SH,20210121,83.0,90.25,82.18,90.25,459904.1,3993039.656
002790.SZ,20210121,5.4,5.48,5.29,5.34,30383.24,16338.444
300320.SZ,20210121,5.8,5.82,5.67,5.69,112892.8,64787.533
300313.SZ,20210121,19.57,19.85,19.36,19.62,84929.0,166322.337
300314.SZ,20210121,15.43,16.66,15.4,15.94,80351.08,129378.363
002670.SZ,20210121,10.59,10.95,10.48,10.62,473051.16,504717.957
603123.SH,20210121,6.91,7.0,6.83,6.89,12783.0,8832.066
603333.SH,20210121,5.27,5.31,5.21,5.29,30052.1,15807.241
601965.SH,20210121,18.59,19.12,18.32,18.56,162410.59,302742.576
002799.SZ,20210121,20.0,20.72,19.99,20.2,50770.58,103556.694
002675.SZ,20210121,19.8,20.6,19.75,20.22,70999.07,144266.829
300327.SZ,20210121,35.76,36.59,35.62,36.35,101319.45,365048.319
300311.SZ,20210121,5.37,5.55,5.36,5.45,120284.98,65819.001
002677.SZ,20210121,19.56,19.8,19.05,19.76,96284.25,187793.325
300795.SZ,20210121,17.09,17.38,16.52,16.55,25368.0,42693.7
300772.SZ,20210121,16.77,18.4,16.77,17.99,99009.0,175969.383
002943.SZ,20210121,23.31,23.31,23.31,23.31,9953.0,23200.443
300763.SZ,20210121,170.0,175.0,166.0,173.8,20253.64,346128.796
002938.SZ,20210121,46.39,46.53,45.1,45.64,147512.21,671068.277
601916.SH,20210121,4.05,4.06,4.02,4.05,241694.66,97679.004
300789.SZ,20210121,44.1,45.25,44.08,44.49,2592.0,11572.038
688317.SH,20210121,78.0,79.8,73.7,73.82,126066.02,960364.797
300750.SZ,20210121,387.0,399.0,380.0,391.3,174791.66,6831720.356
603351.SH,20210121,20.46,22.51,20.46,21.56,13932.08,30354.903
002950.SZ,20210121,21.14,21.67,21.14,21.51,70847.09,151759.191
300594.SZ,20210121,23.81,24.08,23.64,23.82,12652.0,30160.832
601187.SH,20210121,11.31,11.54,11.16,11.38,329340.5,374609.352
002949.SZ,20210121,20.36,22.53,20.36,22.53,65342.66,143322.758
003004.SZ,20210121,29.45,30.45,29.22,29.81,19237.12,57677.525
603863.SH,20210121,10.76,10.99,10.55,10.59,146676.2,157238.456
300770.SZ,20210121,61.15,62.95,60.68,62.19,33302.84,205979.758
002951.SZ,20210121,12.15,12.34,12.14,12.16,8106.0,9887.297
001965.SZ,20210121,7.16,7.19,7.08,7.09,41306.22,29423.653
300779.SZ,20210121,17.12,18.35,16.53,17.4,44894.7,79203.196
002956.SZ,20210121,26.0,26.43,25.75,26.22,25586.0,66957.452
600929.SH,20210121,5.3,5.3,5.21,5.29,28191.08,14827.31
300823.SZ,20210121,28.02,29.2,27.86,28.0,17068.69,48636.403
300851.SZ,20210121,35.4,36.09,35.1,35.24,7852.72,27769.402
300798.SZ,20210121,10.21,10.29,9.94,10.09,43013.0,43437.917
300912.SZ,20210121,37.05,38.0,36.07,36.2,91420.64,337492.188
603786.SH,20210121,76.0,77.94,75.35,76.52,15710.9,119920.659
002957.SZ,20210121,19.78,20.39,19.65,20.35,22634.33,45428.357
688300.SH,20210121,44.44,46.09,44.44,45.15,6441.68,29296.195
603982.SH,20210121,16.7,16.7,16.31,16.51,35051.74,57826.877
603212.SH,20210121,35.1,36.23,35.03,35.71,18174.04,64799.742
603530.SH,20210121,19.69,19.87,19.59,19.71,9954.5,19634.802
603956.SH,20210121,14.97,15.2,14.8,15.03,16812.0,25296.81
603867.SH,20210121,22.82,23.18,22.42,22.81,20329.12,46192.164
300765.SZ,20210121,17.76,18.05,17.69,17.88,17434.4,31182.18
603236.SH,20210121,209.0,214.15,205.5,207.0,14608.16,304465.953
601698.SH,20210121,18.08,19.88,18.01,19.69,433234.78,836858.042
603927.SH,20210121,38.87,39.29,38.46,38.94,30091.0,117052.097
600989.SH,20210121,14.8,14.9,14.22,14.6,403759.49,589610.878
300824.SZ,20210121,24.86,24.98,24.25,24.33,18291.0,45134.901
603687.SH,20210121,8.95,9.03,8.78,8.88,19103.0,16981.181
603327.SH,20210121,19.15,19.48,19.06,19.4,12654.43,24471.293
603115.SH,20210121,14.56,14.73,14.45,14.68,8680.22,12699.159
601077.SH,20210121,4.39,4.43,4.39,4.4,316574.62,139520.057
601138.SH,20210121,15.15,15.45,15.08,15.19,586762.37,894030.02
000155.SZ,20210121,13.7,15.3,13.35,14.02,2036200.41,2894997.431
000156.SZ,20210121,8.21,8.34,8.17,8.21,77340.79,63798.562
000157.SZ,20210121,11.75,12.06,11.46,11.62,2029952.48,2379205.121
000158.SZ,20210121,5.69,5.8,5.61,5.75,140186.52,80312.567
000159.SZ,20210121,6.11,6.35,5.94,6.08,575864.27,351557.047
000301.SZ,20210121,15.02,15.65,14.52,15.27,834132.17,1257355.048
000400.SZ,20210121,14.55,14.77,14.34,14.52,161218.16,234979.241
000401.SZ,20210121,14.33,14.49,14.3,14.42,135669.87,195221.763
000402.SZ,20210121,6.3,6.33,6.26,6.28,42928.51,27013.336
000403.SZ,20210121,40.42,41.8,39.75,39.98,22540.36,90639.972
000404.SZ,20210121,4.23,4.32,4.19,4.27,97646.76,41581.172
000407.SZ,20210121,3.8,3.87,3.8,3.83,31952.31,12288.227
000408.SZ,20210121,7.65,8.06,7.61,7.92,100323.34,79471.641
000409.SZ,20210121,3.85,3.85,3.78,3.81,38816.37,14759.496
000410.SZ,20210121,3.43,3.45,3.37,3.39,27504.01,9347.189
000411.SZ,20210121,14.9,15.2,14.9,15.0,35893.01,53943.948
000413.SZ,20210121,2.37,2.42,2.34,2.38,590585.82,141003.0
000415.SZ,20210121,2.18,2.23,2.17,2.18,236482.48,51826.798
000416.SZ,20210121,4.91,4.98,4.86,4.95,62529.88,30755.616
000417.SZ,20210121,4.84,4.87,4.8,4.82,25963.22,12530.111
000419.SZ,20210121,4.33,4.41,4.3,4.36,32501.66,14173.069
000420.SZ,20210121,1.88,1.93,1.87,1.91,171369.4,32876.326
000421.SZ,20210121,5.84,5.94,5.8,5.87,68898.51,40348.197
000422.SZ,20210121,3.05,3.05,3.01,3.02,20697.16,6274.835
000423.SZ,20210121,36.9,37.26,36.61,36.79,56694.96,209121.948
000425.SZ,20210121,5.75,5.87,5.69,5.82,1046724.86,606129.361
000426.SZ,20210121,7.47,7.74,7.39,7.71,215434.72,163834.916
000428.SZ,20210121,2.33,2.57,2.33,2.57,85085.35,21606.378
000429.SZ,20210121,6.0,6.03,5.97,6.0,11557.0,6924.84
000430.SZ,20210121,4.68,4.7,4.62,4.63,19949.0,9289.996
000488.SZ,20210121,7.67,7.81,7.54,7.69,616724.86,473225.37
000498.SZ,20210121,4.75,4.75,4.71,4.74,23615.73,11181.168
000501.SZ,20210121,11.83,12.01,11.73,11.77,146395.85,173147.079
000502.SZ,20210121,7.7,7.81,7.63,7.79,23622.0,18229.564
000503.SZ,20210121,8.03,8.07,7.86,7.91,69139.31,54897.94
000504.SZ,20210121,13.15,13.36,13.1,13.17,4451.03,5870.074
000505.SZ,20210121,8.17,8.32,8.14,8.24,73056.01,60151.026
000506.SZ,20210121,2.17,2.34,2.17,2.23,141665.77,31905.927
000507.SZ,20210121,5.59,5.59,5.52,5.57,64464.42,35856.888
000509.SZ,20210121,2.46,2.47,2.42,2.45,49261.51,12034.367
000510.SZ,20210121,4.24,4.33,4.23,4.26,55175.66,23595.222
000513.SZ,20210121,41.4,42.45,41.0,41.37,71664.88,297161.272
000514.SZ,20210121,3.67,3.7,3.66,3.67,24863.63,9145.031
000516.SZ,20210121,11.3,11.3,10.63,11.09,493040.66,541492.087
000517.SZ,20210121,3.04,3.05,3.0,3.02,164450.47,49787.891
600599.SH,20210121,5.22,5.22,4.81,4.86,87681.06,44177.284
600600.SH,20210121,90.67,91.36,88.33,90.68,134860.59,1214141.256
600601.SH,20210121,3.92,3.96,3.85,3.89,211635.11,82438.909
600602.SH,20210121,5.52,5.59,5.45,5.54,50340.15,27862.645
600603.SH,20210121,4.56,4.58,4.51,4.54,28856.4,13125.666
600604.SH,20210121,6.52,6.58,6.45,6.46,75964.36,49486.237
600605.SH,20210121,11.9,11.9,11.7,11.74,9938.03,11708.093
600606.SH,20210121,5.89,6.03,5.85,6.0,530917.89,314137.605
600608.SH,20210121,4.05,4.11,3.99,4.07,11979.0,4868.479
600609.SH,20210121,4.6,4.65,4.49,4.58,121922.0,55557.847
600610.SH,20210121,4.61,4.72,4.53,4.66,24502.51,11327.869
600611.SH,20210121,3.65,3.67,3.62,3.63,36661.86,13332.487
600612.SH,20210121,49.51,49.85,48.5,48.5,22488.34,110410.065
600613.SH,20210121,4.53,4.6,4.5,4.57,17564.6,8010.201
600615.SH,20210121,5.79,5.82,5.69,5.7,15682.0,9015.214
600616.SH,20210121,8.57,9.25,8.46,8.95,583508.72,513706.271
600617.SH,20210121,3.93,3.93,3.86,3.93,35600.38,13901.645
600618.SH,20210121,7.11,7.18,7.05,7.13,25233.18,18004.164
600619.SH,20210121,7.66,7.75,7.64,7.69,28639.0,22026.041
600620.SH,20210121,6.18,6.2,6.05,6.15,19143.88,11733.08
600621.SH,20210121,20.97,22.5,20.96,21.88,921622.83,2025304.204
600622.SH,20210121,3.32,3.34,3.27,3.3,94648.69,31307.331
600623.SH,20210121,5.75,5.93,5.72,5.89,109582.76,64220.627
600624.SH,20210121,7.82,7.82,7.76,7.81,33540.55,26138.792
600626.SH,20210121,4.01,4.02,3.89,3.92,107209.39,42191.756
600628.SH,20210121,9.3,9.3,8.58,8.65,131047.42,117618.415
600629.SH,20210121,7.49,7.52,7.44,7.46,8524.88,6372.2
600630.SH,20210121,5.55,5.61,5.48,5.57,21336.03,11819.787
600633.SH,20210121,7.83,8.06,7.79,7.89,81022.64,64287.699
600635.SH,20210121,4.05,4.05,4.02,4.04,95792.56,38652.47
600636.SH,20210121,12.39,12.53,12.31,12.45,18563.5,23065.064
600637.SH,20210121,9.05,9.12,9.0,9.07,88678.74,80380.734
600638.SH,20210121,7.38,7.75,7.32,7.73,62164.11,46722.682
600639.SH,20210121,12.1,12.17,12.03,12.07,16982.09,20547.12
600640.SH,20210121,11.9,12.03,11.72,12.01,46095.59,54867.38
600641.SH,20210121,16.8,17.12,16.59,16.83,79817.53,134167.53
600642.SH,20210121,5.19,5.21,5.17,5.18,64640.06,33499.754
600643.SH,20210121,6.87,6.93,6.81,6.84,117260.97,80463.838
600644.SH,20210121,5.21,5.25,5.16,5.24,46609.79,24307.365
600645.SH,20210121,18.43,20.01,18.43,19.75,135634.47,261596.902
600647.SH,20210121,10.75,10.83,10.58,10.63,8674.0,9285.306
600648.SH,20210121,13.97,14.05,13.92,13.93,16292.29,22772.456
600649.SH,20210121,5.28,5.3,5.24,5.26,36190.63,19038.737
600650.SH,20210121,8.37,8.99,8.26,8.57,24462.0,21119.004
003013.SZ,20210121,18.57,18.77,18.45,18.55,15632.45,29046.541
003022.SZ,20210121,19.4,21.09,19.4,21.09,178741.69,369721.177
300870.SZ,20210121,66.46,67.66,65.9,66.03,13006.04,86603.541
605377.SH,20210121,19.0,19.59,18.8,19.21,39960.55,76929.285
300873.SZ,20210121,42.36,43.44,42.08,43.0,15223.97,65055.21
605003.SH,20210121,27.41,27.47,27.03,27.23,8107.07,22098.699
003019.SZ,20210121,27.4,27.71,27.08,27.46,11481.73,31451.027
605500.SH,20210121,18.63,18.85,18.51,18.69,39648.23,74046.249
605218.SH,20210121,14.15,14.55,14.08,14.36,37482.17,53649.277
605369.SH,20210121,59.99,61.15,59.0,59.19,7742.0,46448.016
605199.SH,20210121,21.9,22.24,21.75,21.81,11044.0,24255.619
002023.SZ,20210121,14.7,15.19,14.7,14.87,119265.16,178677.322
002024.SZ,20210121,7.42,7.54,7.42,7.45,282868.74,211430.236
002025.SZ,20210121,58.7,61.44,58.61,61.25,63311.01,383201.443
688309.SH,20210121,30.67,31.49,29.63,30.17,4565.15,13826.51
002026.SZ,20210121,9.4,9.43,9.2,9.34,80634.25,75163.025
600983.SH,20210121,6.28,6.32,6.21,6.28,27529.61,17228.956
601816.SH,20210121,5.48,5.58,5.48,5.55,538227.48,297878.66
600973.SH,20210121,4.33,4.41,4.32,4.38,65007.32,28367.454
002027.SZ,20210121,11.71,11.97,11.35,11.46,1718158.91,2000369.038
002028.SZ,20210121,20.16,22.4,20.16,21.95,583814.29,1286182.058
002029.SZ,20210121,5.09,5.23,5.05,5.17,41134.91,21133.575
002030.SZ,20210121,38.8,39.09,37.57,38.32,917466.31,3523979.339
600987.SH,20210121,5.54,5.6,5.52,5.57,30072.29,16757.562
688156.SH,20210121,18.46,18.66,18.3,18.42,2486.54,4591.019
688336.SH,20210121,22.35,23.2,22.01,22.55,11918.49,26918.297
002031.SZ,20210121,1.9,1.97,1.89,1.92,245710.39,47619.212
600971.SH,20210121,5.67,5.95,5.65,5.84,288032.88,168280.176
002032.SZ,20210121,80.01,81.1,78.83,80.3,18043.33,144054.852
688286.SH,20210121,139.0,139.49,135.5,136.07,4848.43,66305.238
688356.SH,20210121,99.0,100.99,96.56,99.0,6296.17,62463.612
300921.SZ,20210121,42.65,42.75,40.7,41.68,20124.04,83895.077
600978.SH,20210121,0.97,0.98,0.96,0.96,227146.07,21968.074
688558.SH,20210121,29.29,29.49,28.8,29.0,5588.91,16291.067
002033.SZ,20210121,5.99,6.0,5.92,5.95,12057.53,7181.724
002034.SZ,20210121,16.38,16.49,16.1,16.19,37068.74,60271.149
600961.SH,20210121,6.38,6.73,6.32,6.59,78872.17,51946.924
300911.SZ,20210121,47.25,48.0,45.58,45.82,50100.23,234154.538
300918.SZ,20210121,13.66,13.76,13.19,13.26,210385.79,282732.372
002035.SZ,20210121,8.18,8.31,8.12,8.23,95875.82,78801.851
002036.SZ,20210121,10.95,11.17,10.93,11.0,168859.4,186808.58
600979.SH,20210121,3.05,3.09,3.05,3.06,72414.73,22193.838
002037.SZ,20210121,6.33,6.4,6.27,6.32,18228.22,11521.756
688569.SH,20210121,21.03,21.27,20.8,20.83,12658.83,26527.323
002038.SZ,20210121,9.43,9.53,9.38,9.43,45636.06,43133.648
300041.SZ,20210121,15.08,15.68,15.02,15.55,117806.58,182109.438
300038.SZ,20210121,3.63,3.72,3.54,3.55,745763.83,268401.36
002370.SZ,20210121,5.43,5.45,5.22,5.45,236184.37,128204.91
002375.SZ,20210121,9.64,10.02,9.49,9.75,265875.95,259402.746
002369.SZ,20210121,4.68,4.76,4.61,4.61,124874.24,58593.269
601688.SH,20210121,19.21,19.66,19.11,19.3,1110424.57,2147029.475
601058.SH,20210121,8.54,8.91,8.35,8.78,556355.45,481854.452
002364.SZ,20210121,8.66,8.76,8.58,8.74,57997.59,50432.202
300039.SZ,20210121,4.57,4.66,4.53,4.56,75631.13,34792.736
002366.SZ,20210121,3.17,3.21,3.12,3.17,130345.2,41245.716
002361.SZ,20210121,4.59,4.68,4.58,4.63,89256.92,41482.675
002367.SZ,20210121,10.25,10.59,10.2,10.48,101060.27,105323.243
601179.SH,20210121,4.39,4.41,4.34,4.36,348902.84,152313.037
002368.SZ,20210121,27.1,27.35,26.89,27.16,45503.0,123281.021
002374.SZ,20210121,2.21,2.32,2.16,2.26,147833.59,33174.86
300042.SZ,20210121,12.7,12.92,12.6,12.8,32837.5,42030.796
300049.SZ,20210121,7.77,8.13,7.77,7.84,60864.86,48198.222
300047.SZ,20210121,7.15,7.27,7.08,7.18,125415.13,90162.211
300045.SZ,20210121,9.68,10.45,9.5,10.1,225747.61,226117.375
300048.SZ,20210121,4.74,4.76,4.65,4.67,84147.77,39404.639
002372.SZ,20210121,18.02,18.19,17.78,17.91,110156.49,197174.073
002566.SZ,20210121,6.05,6.11,6.03,6.09,13678.03,8314.383
002373.SZ,20210121,19.6,19.64,19.35,19.36,163870.68,318999.641
002380.SZ,20210121,13.58,13.86,13.52,13.71,16799.14,23070.957
002376.SZ,20210121,9.04,9.83,8.99,9.63,178046.0,170241.688
601106.SH,20210121,2.94,2.95,2.9,2.91,332640.24,97196.813
300043.SZ,20210121,3.32,3.41,3.29,3.34,115190.69,38625.591
002378.SZ,20210121,5.04,5.42,5.01,5.34,295879.37,156626.742
300046.SZ,20210121,21.71,21.97,21.28,21.84,118532.59,257389.036
300044.SZ,20210121,6.2,6.27,6.09,6.21,168380.1,103978.439
300050.SZ,20210121,5.86,5.97,5.7,5.95,132013.0,77618.125
002379.SZ,20210121,2.75,2.85,2.75,2.82,99331.0,28032.396
002363.SZ,20210121,5.93,5.98,5.8,5.92,79447.4,46815.591
002383.SZ,20210121,6.6,6.65,6.44,6.56,52538.69,34421.946
002382.SZ,20210121,22.31,24.39,22.31,24.39,759667.42,1808223.893
002421.SZ,20210121,3.63,3.64,3.56,3.6,133941.62,48311.294
002630.SZ,20210121,2.24,2.35,2.23,2.31,310228.08,71377.054
002392.SZ,20210121,4.3,4.31,4.2,4.22,153143.0,65116.976
300051.SZ,20210121,4.51,4.66,4.49,4.55,46010.0,21054.777
300277.SZ,20210121,8.51,8.62,8.3,8.48,29450.5,24934.059
002385.SZ,20210121,9.79,10.12,9.69,9.98,1398109.64,1384891.058
002384.SZ,20210121,24.81,24.93,23.0,23.35,1110870.35,2628213.179
002386.SZ,20210121,5.51,5.62,5.46,5.55,136617.29,75964.705
002377.SZ,20210121,3.5,3.62,3.48,3.56,67208.2,23952.456
300052.SZ,20210121,8.72,9.14,8.71,8.93,81973.79,73450.786
002676.SZ,20210121,3.0,3.04,2.97,3.02,51924.0,15652.942
300308.SZ,20210121,57.01,57.1,55.01,55.66,104859.04,584708.491
300330.SZ,20210121,9.03,9.49,9.02,9.36,37304.71,34625.661
300302.SZ,20210121,10.83,11.02,10.72,10.8,43434.19,47182.816
300315.SZ,20210121,4.98,5.41,4.98,5.28,1691335.51,886393.139
300312.SZ,20210121,4.38,4.5,4.32,4.37,134844.0,59324.982
300317.SZ,20210121,7.2,7.3,7.02,7.25,291317.67,208992.862
601038.SH,20210121,10.04,10.09,9.92,10.0,57355.89,57479.604
300299.SZ,20210121,7.07,7.5,7.01,7.27,211386.5,153649.659
603000.SH,20210121,17.45,17.49,17.09,17.18,102494.41,176539.384
002671.SZ,20210121,4.0,4.06,4.0,4.02,18017.56,7263.001
603128.SH,20210121,11.73,12.42,11.65,12.3,386091.26,469977.303
002665.SZ,20210121,1.87,1.94,1.86,1.91,400652.36,76633.088
002696.SZ,20210121,6.06,6.13,5.96,6.05,59324.44,35846.94
002685.SZ,20210121,4.17,4.32,4.14,4.15,221781.91,93463.209
002699.SZ,20210121,6.85,6.97,6.65,6.7,149044.64,100794.38
002682.SZ,20210121,3.52,3.57,3.46,3.55,72133.37,25443.569
603077.SH,20210121,1.36,1.4,1.35,1.38,1383485.11,190832.074
603168.SH,20210121,6.89,6.95,6.86,6.93,11369.44,7857.355
002692.SZ,20210121,2.66,2.71,2.6,2.69,15116.0,4049.277
603366.SH,20210121,4.49,4.63,4.41,4.53,86200.2,38963.035
300319.SZ,20210121,8.9,9.25,8.82,9.05,113752.95,103417.022
300316.SZ,20210121,43.0,45.79,42.25,42.87,550703.36,2402927.956
002690.SZ,20210121,45.0,46.3,44.95,45.85,30476.68,139384.571
300746.SZ,20210121,10.97,10.97,10.68,10.84,29949.72,32433.91
002678.SZ,20210121,7.24,7.38,7.18,7.22,12631.41,9174.326
002691.SZ,20210121,4.29,4.33,4.24,4.26,16608.8,7100.531
002158.SZ,20210121,17.81,18.91,17.46,18.85,402686.28,733756.814
002851.SZ,20210121,38.0,38.67,37.61,38.67,48798.46,186218.295
300342.SZ,20210121,11.79,12.57,11.61,12.27,139637.5,170128.469
300322.SZ,20210121,12.74,12.74,12.46,12.57,35267.01,44419.039
300400.SZ,20210121,12.28,12.82,12.21,12.64,60828.34,76613.577
300339.SZ,20210121,9.59,9.86,9.58,9.77,275863.97,269050.241
300333.SZ,20210121,8.78,8.93,8.69,8.84,71267.45,62953.387
002689.SZ,20210121,3.03,3.07,3.0,3.06,43172.95,13134.58
002679.SZ,20210121,10.05,10.1,9.89,10.03,14834.71,14851.359
300336.SZ,20210121,2.87,2.93,2.8,2.87,111073.5,31916.642
603008.SH,20210121,18.2,18.6,17.8,17.98,29956.06,53941.251
300334.SZ,20210121,6.42,6.51,6.3,6.34,64366.0,41077.606
300348.SZ,20210121,18.3,18.98,18.23,18.69,113752.66,213076.303
300397.SZ,20210121,17.8,18.16,17.7,18.11,105718.88,189662.266
002701.SZ,20210121,4.59,4.85,4.58,4.74,470746.89,222240.383
300338.SZ,20210121,5.65,5.76,5.55,5.58,43144.48,24436.548
603399.SH,20210121,4.28,4.36,4.22,4.3,55136.9,23755.348
300337.SZ,20210121,5.85,5.86,5.51,5.56,938734.91,532855.578
000518.SZ,20210121,4.45,4.87,4.43,4.71,619522.34,291520.025
000519.SZ,20210121,10.71,11.06,10.64,10.83,543175.81,591309.325
000520.SZ,20210121,3.2,3.23,3.19,3.23,33827.76,10868.265
000521.SZ,20210121,4.37,4.72,4.3,4.56,920043.73,411626.373
000523.SZ,20210121,3.04,3.08,2.99,3.04,61007.41,18630.237
000524.SZ,20210121,6.9,7.05,6.79,7.02,26707.98,18464.483
000525.SZ,20210121,5.64,5.77,5.64,5.69,40297.56,23036.05
000526.SZ,20210121,48.89,50.68,48.2,49.69,13257.53,65843.659
000529.SZ,20210121,6.33,6.37,6.29,6.36,22440.0,14233.972
000530.SZ,20210121,3.65,3.8,3.59,3.71,155264.58,56994.238
000531.SZ,20210121,9.02,9.14,8.98,9.09,26924.94,24406.828
000532.SZ,20210121,10.96,10.96,10.61,10.71,33493.49,35893.896
000533.SZ,20210121,2.74,2.82,2.71,2.8,101501.43,28250.225
000534.SZ,20210121,15.39,15.39,14.88,15.13,47128.16,71380.979
000536.SZ,20210121,3.03,3.07,2.97,3.0,239315.37,72128.065
000537.SZ,20210121,5.96,6.0,5.92,5.96,46657.0,27795.401
000538.SZ,20210121,135.53,137.95,134.0,136.73,93391.37,1271199.604
000539.SZ,20210121,3.64,3.66,3.63,3.64,64825.2,23613.061
000540.SZ,20210121,2.92,2.95,2.89,2.92,259108.07,75767.145
000541.SZ,20210121,6.51,6.65,6.42,6.57,132222.94,86364.903
000543.SZ,20210121,3.94,3.96,3.92,3.93,224808.66,88460.391
000544.SZ,20210121,6.29,6.35,6.28,6.33,31965.05,20196.216
000545.SZ,20210121,2.85,2.98,2.82,2.91,572053.62,167395.845
000546.SZ,20210121,7.02,7.03,6.9,6.92,33192.95,23044.077
000547.SZ,20210121,25.6,26.35,25.25,25.9,325393.04,844710.825
000548.SZ,20210121,3.77,3.82,3.74,3.79,24419.52,9242.288
000550.SZ,20210121,20.01,21.0,19.36,20.58,157803.69,316915.224
000551.SZ,20210121,8.07,8.12,7.97,8.08,18066.49,14545.092
000552.SZ,20210121,2.88,2.98,2.87,2.94,376091.27,110793.774
000553.SZ,20210121,8.14,8.18,8.04,8.07,21236.11,17209.356
000554.SZ,20210121,4.3,4.35,4.3,4.34,42266.28,18296.299
000555.SZ,20210121,15.22,15.4,15.08,15.2,91106.72,138728.353
000557.SZ,20210121,4.0,4.05,3.93,3.99,272736.24,108369.813
000558.SZ,20210121,3.54,3.54,3.35,3.54,350194.98,123131.838
000559.SZ,20210121,5.23,5.23,5.15,5.18,122977.49,63707.359
000560.SZ,20210121,4.16,4.37,4.13,4.24,414757.33,176069.936
000561.SZ,20210121,7.63,7.66,7.48,7.56,113874.51,86254.844
000563.SZ,20210121,3.58,3.65,3.57,3.6,231913.1,83747.743
000564.SZ,20210121,2.37,2.44,2.34,2.39,660625.0,157636.697
000565.SZ,20210121,4.43,4.43,4.37,4.37,19973.5,8786.438
000566.SZ,20210121,8.11,8.2,7.98,8.06,80241.59,64534.465
000567.SZ,20210121,8.65,8.8,8.57,8.73,25510.23,22221.711
000568.SZ,20210121,227.8,240.84,227.5,238.79,189019.86,4450523.806
000570.SZ,20210121,5.78,5.79,5.55,5.65,247872.34,139985.567
600651.SH,20210121,3.45,3.47,3.43,3.45,54382.53,18752.187
600652.SH,20210121,1.7,1.78,1.7,1.74,32672.31,5720.374
600653.SH,20210121,1.72,1.78,1.72,1.75,137951.5,24273.915
600654.SH,20210121,1.65,1.68,1.64,1.64,30581.73,5048.992
600655.SH,20210121,12.01,12.44,11.71,11.92,784292.35,945068.553
600657.SH,20210121,3.92,3.95,3.88,3.89,75745.0,29573.596
600658.SH,20210121,5.16,5.17,5.02,5.05,54355.96,27555.527
600660.SH,20210121,56.13,60.31,55.8,60.25,416692.66,2457191.174
600661.SH,20210121,14.65,14.66,14.42,14.5,3660.83,5308.468
600662.SH,20210121,8.57,8.6,8.4,8.53,51694.75,43950.577
600663.SH,20210121,10.74,10.74,10.63,10.66,24452.83,26094.139
600664.SH,20210121,2.96,2.99,2.96,2.97,90513.14,26947.937
600665.SH,20210121,3.03,3.09,3.02,3.05,34490.31,10512.651
600666.SH,20210121,1.05,1.06,1.03,1.06,44970.0,4747.605
600667.SH,20210121,9.63,9.68,9.46,9.62,252035.54,241321.708
600668.SH,20210121,13.69,13.74,13.59,13.7,30054.1,41063.549
600671.SH,20210121,7.66,7.94,7.58,7.94,13141.25,10403.604
600673.SH,20210121,4.91,4.94,4.86,4.89,140466.48,68714.764
600674.SH,20210121,10.33,10.43,10.2,10.25,84594.82,87320.474
600675.SH,20210121,3.39,3.41,3.37,3.38,58346.7,19786.272
600676.SH,20210121,4.57,4.6,4.41,4.48,46145.18,20665.631
600678.SH,20210121,5.75,5.82,5.75,5.77,29137.97,16863.473
600679.SH,20210121,12.8,12.87,12.61,12.82,21751.13,27726.614
600681.SH,20210121,5.24,5.3,5.21,5.23,25576.9,13405.027
600682.SH,20210121,9.91,9.98,9.56,9.75,92142.56,89631.339
600683.SH,20210121,3.9,4.05,3.87,4.0,30392.0,12130.637
600684.SH,20210121,2.86,3.08,2.8,2.95,146238.03,42903.707
600685.SH,20210121,29.35,30.47,28.86,29.98,331125.39,989530.659
600686.SH,20210121,6.9,7.05,6.75,6.93,151381.64,104194.563
600687.SH,20210121,0.24,0.26,0.23,0.26,257941.16,6320.01
600688.SH,20210121,3.68,3.88,3.65,3.68,689412.47,257804.769
600689.SH,20210121,6.52,6.65,6.5,6.58,10807.29,7118.544
600690.SH,20210121,33.43,34.68,33.26,34.0,554309.62,1888378.986
600691.SH,20210121,2.64,2.75,2.53,2.55,1031081.89,270508.612
600692.SH,20210121,6.12,6.16,6.06,6.11,18536.08,11340.582
600693.SH,20210121,4.2,4.22,4.17,4.18,36421.0,15251.095
600694.SH,20210121,19.55,19.66,19.44,19.48,11770.01,23014.55
600695.SH,20210121,6.03,6.16,5.98,6.07,70813.89,42987.609
600696.SH,20210121,12.88,13.27,12.88,12.88,46973.04,60962.662
600697.SH,20210121,13.43,13.51,13.31,13.34,7823.0,10471.421
600698.SH,20210121,2.37,2.45,2.36,2.43,67372.46,16344.473
600699.SH,20210121,29.8,29.85,28.43,28.57,437446.43,1260659.749
600702.SH,20210121,76.11,78.66,76.11,76.98,56312.96,433992.19
600703.SH,20210121,33.5,34.44,33.16,33.68,913439.79,3088376.007
688586.SH,20210121,29.22,29.22,28.55,28.75,41049.32,118229.778
688229.SH,20210121,130.85,132.0,127.19,130.89,2083.43,27093.237
688050.SH,20210121,188.88,190.89,181.33,187.99,11327.77,209636.792
688065.SH,20210121,86.99,87.65,86.0,86.85,5875.26,51001.718
300925.SZ,20210121,56.52,56.87,53.51,53.65,83157.66,457301.789
300920.SZ,20210121,41.8,43.9,41.51,43.56,33861.17,146330.136
300887.SZ,20210121,89.0,92.86,86.11,90.56,34400.35,309013.711
300903.SZ,20210121,38.45,38.71,37.18,37.37,73395.73,278058.17
688379.SH,20210121,23.29,23.65,23.15,23.5,2909.59,6801.138
688580.SH,20210121,97.22,105.0,97.17,99.99,12469.45,125665.957
002989.SZ,20210121,34.6,34.8,33.76,34.32,14014.02,48068.81
688600.SH,20210121,16.3,16.31,16.09,16.12,3995.49,6475.229
688311.SH,20210121,99.9,105.5,99.15,103.51,15168.78,156106.996
688155.SH,20210121,76.5,76.95,72.8,75.4,10092.18,75099.166
688577.SH,20210121,43.06,43.99,43.05,43.79,1452.75,6345.307
688390.SH,20210121,296.0,311.11,291.12,305.0,9779.41,295216.158
688556.SH,20210121,23.98,24.4,23.52,23.57,17552.02,42076.549
688338.SH,20210121,52.73,52.99,51.5,52.08,4589.27,23915.373
688585.SH,20210121,11.51,11.66,11.27,11.31,21464.62,24458.167
300895.SZ,20210121,45.51,47.41,45.31,45.76,20227.46,93349.17
300916.SZ,20210121,105.1,105.1,100.51,100.66,11231.72,114494.842
002237.SZ,20210121,12.32,12.35,12.1,12.24,98984.37,121394.219
002230.SZ,20210121,47.18,51.78,47.16,51.78,1355339.72,6802404.044
002235.SZ,20210121,4.01,4.05,3.94,3.97,188857.19,75505.196
002231.SZ,20210121,4.49,4.56,4.43,4.49,30212.1,13595.651
002229.SZ,20210121,6.35,6.39,6.3,6.32,35632.34,22565.635
002249.SZ,20210121,4.09,4.19,4.07,4.15,420829.88,174520.366
002253.SZ,20210121,13.38,13.55,13.25,13.38,18430.9,24681.319
002246.SZ,20210121,7.15,7.22,7.11,7.19,25150.0,18061.658
002234.SZ,20210121,15.49,15.6,15.28,15.43,34356.95,53029.079
002233.SZ,20210121,12.31,12.36,12.25,12.31,102980.87,126808.543
002243.SZ,20210121,11.1,11.34,11.07,11.15,51995.6,58055.713
002236.SZ,20210121,24.1,24.73,23.81,24.28,753026.93,1833053.238
002240.SZ,20210121,22.8,25.3,22.32,24.69,731350.87,1779992.329
002252.SZ,20210121,7.37,7.5,7.36,7.45,270058.9,200771.557
002265.SZ,20210121,6.87,6.93,6.83,6.85,19481.0,13396.712
002239.SZ,20210121,4.64,4.67,4.56,4.62,729688.94,336559.913
002238.SZ,20210121,6.37,6.38,6.25,6.27,18814.03,11840.005
002247.SZ,20210121,1.6,1.68,1.59,1.65,77612.5,12734.164
002241.SZ,20210121,42.1,42.93,41.23,42.32,842346.5,3549648.519
002245.SZ,20210121,12.0,12.49,11.68,11.94,905662.68,1093640.154
002242.SZ,20210121,32.45,32.79,31.9,32.7,37674.96,121943.139
601126.SH,20210121,6.62,6.73,6.55,6.62,76807.0,50955.851
002448.SZ,20210121,5.27,5.29,5.18,5.26,52846.5,27720.782
002251.SZ,20210121,8.21,8.37,8.12,8.2,46164.55,38041.723
300264.SZ,20210121,3.34,3.41,3.27,3.33,63912.2,21351.846
300054.SZ,20210121,23.26,24.22,23.25,23.44,332286.89,786060.318
002393.SZ,20210121,19.12,19.33,19.0,19.2,11699.6,22438.72
002394.SZ,20210121,9.36,9.46,9.31,9.41,14396.0,13503.817
002388.SZ,20210121,5.25,5.31,5.18,5.29,33158.73,17402.039
601158.SH,20210121,5.12,5.14,5.11,5.11,19845.37,10158.437
300053.SZ,20210121,8.64,8.97,8.53,8.88,144111.66,126777.342
300057.SZ,20210121,4.8,4.9,4.77,4.84,58889.61,28539.516
300055.SZ,20210121,5.87,6.0,5.8,5.94,69601.64,41187.388
300056.SZ,20210121,5.38,5.49,5.33,5.33,47831.37,25792.76
300058.SZ,20210121,6.13,6.4,6.11,6.26,616943.62,388506.281
002389.SZ,20210121,29.99,30.96,29.69,30.41,286587.11,872750.784
002395.SZ,20210121,14.27,14.5,14.08,14.17,5730.0,8122.789
002387.SZ,20210121,11.37,11.64,11.29,11.45,90847.28,104088.732
002390.SZ,20210121,8.06,8.24,8.0,8.06,208244.21,168853.04
002398.SZ,20210121,7.46,7.59,7.4,7.43,59928.03,44851.27
601101.SH,20210121,3.76,3.91,3.74,3.87,170538.19,65477.784
002410.SZ,20210121,90.41,92.5,88.68,90.09,67196.32,605212.046
002399.SZ,20210121,17.29,17.41,17.11,17.23,33739.15,58366.053
002408.SZ,20210121,9.7,9.75,9.45,9.66,338540.18,325094.471
002400.SZ,20210121,5.01,5.14,5.01,5.07,769901.21,390077.956
002401.SZ,20210121,12.68,13.1,12.58,12.81,65583.1,84311.073
002406.SZ,20210121,6.21,6.24,6.14,6.19,35160.29,21778.855
002404.SZ,20210121,6.45,6.55,6.43,6.44,96138.67,62241.896
002403.SZ,20210121,7.57,7.64,7.52,7.56,12232.68,9269.523
002409.SZ,20210121,70.0,72.0,68.0,70.82,106073.67,742890.6
002402.SZ,20210121,19.35,21.09,19.19,20.65,676894.65,1379996.612
002405.SZ,20210121,16.6,16.78,16.3,16.47,687264.82,1132261.598
300059.SZ,20210121,37.68,40.55,37.58,39.68,3874405.28,15192542.164
002412.SZ,20210121,6.17,6.25,6.17,6.21,23963.67,14895.31
002411.SZ,20210121,4.83,4.99,4.8,4.93,173245.8,85068.926
300061.SZ,20210121,4.25,4.38,4.2,4.31,61494.8,26426.292
300318.SZ,20210121,11.96,12.3,11.1,11.12,521633.53,601819.12
300098.SZ,20210121,3.8,3.85,3.74,3.78,299775.93,113664.956
300087.SZ,20210121,29.77,31.35,29.58,30.42,146278.15,445917.379
300062.SZ,20210121,10.35,10.55,10.15,10.2,359367.72,370445.262
300066.SZ,20210121,4.75,5.06,4.72,4.93,336868.54,165662.995
002413.SZ,20210121,7.27,7.43,7.18,7.26,556302.65,405944.865
002414.SZ,20210121,47.6,48.88,47.18,47.63,127474.03,610158.013
002415.SZ,20210121,60.63,64.57,60.6,63.2,746408.58,4690048.536
002416.SZ,20210121,14.05,14.5,12.91,13.88,1505082.07,2071011.037
002433.SZ,20210121,3.6,3.68,3.6,3.65,49481.4,18030.287
002425.SZ,20210121,7.78,8.19,7.77,8.16,404948.78,325593.918
002417.SZ,20210121,6.71,6.88,6.66,6.86,58593.5,39853.357
300063.SZ,20210121,5.03,5.26,5.0,5.1,367159.48,189136.29
002687.SZ,20210121,5.62,5.65,5.57,5.6,37400.0,20966.762
002694.SZ,20210121,2.29,2.49,2.29,2.35,107226.62,25485.183
300349.SZ,20210121,11.26,11.59,11.19,11.49,54215.39,61819.398
300332.SZ,20210121,4.77,4.95,4.7,4.87,104811.34,50467.29
300328.SZ,20210121,8.01,8.43,7.93,8.24,121578.86,99886.13
300344.SZ,20210121,4.64,4.73,4.57,4.72,65684.79,30651.149
002698.SZ,20210121,13.3,13.4,13.0,13.07,68646.58,90626.654
300335.SZ,20210121,5.04,5.12,4.97,5.05,92676.0,46783.188
002752.SZ,20210121,6.18,6.39,6.16,6.26,54806.76,34260.251
603766.SH,20210121,3.27,3.33,3.26,3.31,100321.08,33143.524
300347.SZ,20210121,177.0,183.8,175.3,176.04,85309.44,1522967.357
300323.SZ,20210121,13.05,13.75,13.05,13.49,341876.72,462760.715
002681.SZ,20210121,4.78,4.86,4.6,4.61,359286.62,168895.636
002686.SZ,20210121,5.93,6.0,5.9,5.92,25157.0,14957.432
300341.SZ,20210121,8.95,9.12,8.95,9.11,34247.08,31034.992
002683.SZ,20210121,38.11,38.66,37.8,38.2,78640.71,300776.074
300346.SZ,20210121,36.5,37.39,36.01,37.0,157247.94,577880.25
300343.SZ,20210121,3.18,3.27,3.07,3.08,818929.26,259222.826
603126.SH,20210121,5.68,5.77,5.54,5.67,66154.5,37257.288
603993.SH,20210121,6.16,6.47,6.05,6.31,5141551.83,3238503.394
002693.SZ,20210121,4.09,4.15,4.02,4.04,18313.0,7414.307
002684.SZ,20210121,2.53,2.59,2.5,2.57,42449.51,10824.169
300383.SZ,20210121,17.65,17.98,17.49,17.86,200609.7,356791.66
603288.SH,20210121,202.55,206.6,200.6,203.02,43649.76,886852.229
002254.SZ,20210121,17.45,17.64,17.09,17.58,119898.06,208327.261
002713.SZ,20210121,8.52,8.57,8.03,8.57,116344.61,98194.329
002727.SZ,20210121,36.88,37.6,36.48,36.7,53243.44,196667.025
002792.SZ,20210121,17.3,17.41,17.04,17.09,23182.8,39813.877
002723.SZ,20210121,13.16,13.8,12.81,13.79,49179.02,65504.904
002716.SZ,20210121,2.37,2.42,2.36,2.39,81597.3,19572.075
002715.SZ,20210121,17.89,18.22,17.18,17.7,6824.97,12072.777
002718.SZ,20210121,13.84,14.04,13.79,13.9,10539.8,14671.065
300389.SZ,20210121,8.66,9.14,8.58,8.9,83743.16,74010.836
300371.SZ,20210121,13.07,13.24,13.07,13.09,7138.2,9395.298
002160.SZ,20210121,3.91,4.16,3.88,4.05,429007.02,172832.314
601608.SH,20210121,3.73,3.75,3.66,3.7,244219.73,90457.152
601238.SH,20210121,11.75,12.12,11.59,11.92,748018.49,885307.353
300352.SZ,20210121,5.28,5.38,5.25,5.34,244482.53,130215.814
002145.SZ,20210121,5.6,6.18,5.59,6.18,1341363.8,818811.94
002709.SZ,20210121,103.5,109.58,102.52,108.91,151995.43,1628822.411
002725.SZ,20210121,7.59,7.69,7.5,7.55,17372.97,13185.538
603555.SH,20210121,2.23,2.25,2.2,2.22,12557.9,2790.22
002746.SZ,20210121,11.07,11.19,10.97,11.12,28417.66,31453.731
002708.SZ,20210121,6.44,6.52,6.37,6.49,86093.27,55491.843
002695.SZ,20210121,23.12,23.39,23.0,23.32,47800.49,111013.938
000571.SZ,20210121,2.57,2.63,2.52,2.55,25569.11,6547.503
000572.SZ,20210121,2.78,2.79,2.71,2.74,121153.27,33290.169
000573.SZ,20210121,2.71,2.77,2.69,2.73,49171.0,13455.833
000576.SZ,20210121,10.7,10.84,10.52,10.78,109350.99,116997.822
000581.SZ,20210121,23.9,23.96,23.63,23.63,98228.84,233566.396
000582.SZ,20210121,9.8,9.9,9.77,9.84,34770.57,34206.233
000584.SZ,20210121,6.5,6.63,6.39,6.51,124384.64,80576.543
000585.SZ,20210121,1.66,1.68,1.62,1.63,47138.06,7776.176
000586.SZ,20210121,6.93,7.0,6.82,6.95,15512.01,10743.387
000587.SZ,20210121,1.04,1.08,1.03,1.04,85219.3,8920.097
000589.SZ,20210121,7.68,7.7,7.42,7.6,384623.03,289809.147
000590.SZ,20210121,8.66,8.66,8.36,8.52,25137.53,21364.983
000591.SZ,20210121,6.85,7.45,6.69,7.17,2749129.06,1939218.57
000592.SZ,20210121,2.56,2.6,2.54,2.57,180893.69,46480.355
000593.SZ,20210121,5.13,5.23,5.07,5.19,122561.35,63048.364
000595.SZ,20210121,2.08,2.15,2.06,2.13,59592.42,12600.514
000596.SZ,20210121,227.0,233.88,226.23,230.81,32198.01,740550.275
000597.SZ,20210121,4.93,5.05,4.93,5.0,25364.03,12716.676
000598.SZ,20210121,4.69,4.7,4.65,4.66,105746.73,49401.397
000599.SZ,20210121,4.41,4.53,4.41,4.44,89036.01,39674.937
000600.SZ,20210121,5.04,5.1,5.03,5.04,114414.54,57861.263
000601.SZ,20210121,6.36,6.41,6.29,6.3,45297.95,28709.535
000603.SZ,20210121,14.21,14.44,14.08,14.26,116668.73,166194.603
000605.SZ,20210121,5.3,5.33,5.27,5.28,10950.0,5800.27
000606.SZ,20210121,2.76,2.83,2.74,2.77,125702.39,35096.095
000607.SZ,20210121,3.72,3.84,3.72,3.75,46156.82,17467.024
000608.SZ,20210121,3.0,3.23,3.0,3.23,70641.0,22546.573
000609.SZ,20210121,4.24,4.31,4.16,4.21,39154.0,16531.198
000610.SZ,20210121,7.59,7.68,7.57,7.58,24486.13,18626.999
000611.SZ,20210121,2.81,2.87,2.79,2.84,19140.34,5429.28
000612.SZ,20210121,7.97,8.8,7.66,8.44,1422564.57,1201478.684
000613.SZ,20210121,4.86,4.92,4.71,4.92,208061.48,101437.119
000615.SZ,20210121,11.5,11.68,10.89,11.45,616970.04,696411.206
000616.SZ,20210121,2.32,2.42,2.25,2.35,217053.56,50091.335
000617.SZ,20210121,6.71,6.83,6.7,6.73,36704.73,24805.309
000619.SZ,20210121,5.53,5.63,5.52,5.61,18794.0,10470.483
000620.SZ,20210121,2.31,2.37,2.28,2.29,172967.41,40017.509
000622.SZ,20210121,3.66,3.84,3.64,3.71,98959.94,37000.767
000623.SZ,20210121,16.47,16.68,16.38,16.4,192124.11,316980.841
000625.SZ,20210121,19.3,19.83,19.0,19.45,1140905.72,2217614.059
000626.SZ,20210121,13.13,13.68,13.12,13.51,38915.24,52488.961
000627.SZ,20210121,4.33,4.4,4.31,4.37,122109.26,53205.334
000628.SZ,20210121,8.73,8.78,8.54,8.57,31617.15,27194.646
000629.SZ,20210121,2.07,2.13,2.06,2.1,775520.46,163178.658
000630.SZ,20210121,2.47,2.55,2.44,2.53,1649640.47,413976.888
600704.SH,20210121,4.49,4.51,4.45,4.46,208363.61,93461.757
600705.SH,20210121,4.37,4.45,4.32,4.36,493134.26,215996.41
600706.SH,20210121,6.53,6.57,6.46,6.49,8668.0,5637.618
600707.SH,20210121,7.03,7.8,6.97,7.39,1322836.63,978063.279
600708.SH,20210121,2.55,2.56,2.53,2.55,54468.33,13879.049
600710.SH,20210121,5.06,5.18,5.04,5.12,116920.43,59882.32
600711.SH,20210121,7.7,8.14,7.56,7.9,2402263.61,1900454.432
600712.SH,20210121,4.11,4.19,4.05,4.13,58375.66,23989.767
600713.SH,20210121,4.24,4.29,4.22,4.27,42508.53,18102.352
600714.SH,20210121,4.91,5.28,4.91,5.08,33709.02,17157.636
600715.SH,20210121,2.14,2.2,2.11,2.17,59606.67,12904.06
600716.SH,20210121,3.92,3.96,3.92,3.93,12220.01,4810.39
600717.SH,20210121,4.81,4.87,4.78,4.83,109348.4,52739.208
600718.SH,20210121,9.74,9.91,9.7,9.82,81736.85,80076.674
600719.SH,20210121,3.36,3.41,3.33,3.39,24182.02,8159.96
600720.SH,20210121,13.55,13.78,13.46,13.68,212854.36,289942.84
600721.SH,20210121,3.61,3.65,3.57,3.65,7701.23,2775.236
600722.SH,20210121,3.92,3.98,3.88,3.96,81660.79,32104.462
600724.SH,20210121,3.51,3.52,3.48,3.5,20409.6,7134.678
600725.SH,20210121,1.65,1.73,1.65,1.73,82103.94,14076.402
600726.SH,20210121,2.22,2.24,2.21,2.22,58476.0,13034.509
600727.SH,20210121,6.76,6.99,6.71,6.96,72497.54,49904.96
600728.SH,20210121,7.38,7.53,7.38,7.43,133459.28,99409.31
600729.SH,20210121,27.86,28.06,27.5,28.02,35661.47,99287.561
600730.SH,20210121,4.21,4.27,4.19,4.23,39139.76,16562.101
600731.SH,20210121,9.36,9.51,9.22,9.38,95863.01,89881.521
600732.SH,20210121,16.82,18.45,16.77,18.43,188783.6,340910.339
600733.SH,20210121,10.3,10.69,9.8,10.18,1254430.5,1282224.995
600734.SH,20210121,1.05,1.07,1.02,1.03,97116.36,10126.69
600735.SH,20210121,4.88,4.93,4.86,4.89,29653.07,14517.59
600736.SH,20210121,4.6,4.65,4.58,4.61,53490.56,24672.852
600737.SH,20210121,9.67,9.88,9.57,9.7,315726.62,306626.745
600738.SH,20210121,6.98,7.28,6.98,7.16,165462.02,118081.915
600739.SH,20210121,24.71,25.3,24.68,24.95,181047.85,453024.261
600740.SH,20210121,6.09,6.67,6.08,6.67,550944.88,355656.629
600741.SH,20210121,31.05,31.45,29.8,31.25,176250.24,545109.594
600742.SH,20210121,9.58,9.71,9.47,9.53,46878.84,44830.877
600743.SH,20210121,2.12,2.14,2.11,2.11,69258.1,14700.359
600744.SH,20210121,2.99,3.01,2.89,2.94,217518.01,63939.465
600745.SH,20210121,128.3,129.5,124.5,127.7,227243.09,2870140.711
600746.SH,20210121,6.7,6.94,6.6,6.83,92587.12,62396.341
600748.SH,20210121,4.86,4.88,4.81,4.82,53820.88,26063.862
600749.SH,20210121,8.41,8.52,8.39,8.44,7735.01,6543.904
600750.SH,20210121,10.62,10.71,10.55,10.64,47873.43,50819.662
002467.SZ,20210121,5.96,6.14,5.95,6.04,253044.7,153296.328
002274.SZ,20210121,4.51,4.63,4.5,4.62,106270.34,48685.506
601901.SH,20210121,8.85,9.08,8.79,8.87,899035.98,800742.006
002797.SZ,20210121,7.89,8.16,7.87,7.97,1176802.86,942690.176
600918.SH,20210121,16.14,16.57,16.0,16.28,425120.38,692639.23
600909.SH,20210121,7.34,7.49,7.31,7.41,373451.53,276648.64
601878.SH,20210121,14.02,14.58,14.0,14.25,639394.53,914122.982
002673.SZ,20210121,10.55,11.41,10.55,11.1,1629545.54,1794240.239
002926.SZ,20210121,10.96,11.2,10.93,11.03,300947.67,333004.52
601375.SH,20210121,5.76,5.92,5.71,5.75,1297639.73,752673.96
601198.SH,20210121,12.26,12.45,12.16,12.29,186969.52,230059.853
601288.SH,20210121,3.18,3.19,3.16,3.16,1756110.02,556578.399
601838.SH,20210121,10.27,10.67,10.26,10.5,448747.03,471801.29
601997.SH,20210121,7.84,7.94,7.81,7.85,282314.63,222378.015
601229.SH,20210121,8.27,8.34,8.19,8.27,371474.98,306731.025
002256.SZ,20210121,1.22,1.24,1.21,1.24,180135.4,22154.758
002255.SZ,20210121,4.2,4.36,4.18,4.25,91891.0,39239.833
002262.SZ,20210121,16.85,17.07,16.6,16.66,82619.41,138695.514
002259.SZ,20210121,3.55,3.55,3.42,3.44,27927.85,9652.41
002258.SZ,20210121,23.0,24.32,22.68,23.96,365196.3,868435.567
002264.SZ,20210121,4.28,4.41,4.25,4.41,68054.0,29489.839
002419.SZ,20210121,7.35,7.42,7.25,7.34,62918.74,46187.441
601162.SH,20210121,5.72,5.87,5.71,5.76,1051977.34,608416.358
002267.SZ,20210121,6.12,6.14,6.09,6.13,30012.33,18377.094
601668.SH,20210121,5.04,5.05,5.01,5.02,1915366.2,963519.894
002271.SZ,20210121,47.46,48.99,46.9,48.21,308265.31,1484282.501
002268.SZ,20210121,17.13,17.21,16.89,16.95,63666.71,108299.398
002270.SZ,20210121,5.07,5.12,5.02,5.11,37501.76,19069.15
002446.SZ,20210121,6.44,6.52,6.33,6.45,145776.19,93673.851
002269.SZ,20210121,1.73,1.73,1.46,1.47,1537734.91,243983.486
002272.SZ,20210121,5.05,5.09,4.99,5.02,85499.44,43119.061
688819.SH,20210121,54.33,56.89,53.31,55.63,261309.58,1439041.268
688559.SH,20210121,28.22,28.45,27.05,27.5,56020.06,154835.716
300888.SZ,20210121,184.99,195.2,184.88,188.43,37402.25,711034.008
688055.SH,20210121,8.1,8.38,8.03,8.17,102869.75,84151.263
688215.SH,20210121,42.8,43.28,42.26,42.42,2692.09,11465.806
688335.SH,20210121,34.88,35.68,34.44,35.5,3585.43,12593.067
688185.SH,20210121,375.0,379.5,371.0,376.12,9740.21,366196.872
688289.SH,20210121,122.98,126.73,121.52,123.28,28765.93,355998.041
688550.SH,20210121,88.26,88.92,86.5,86.88,3908.3,34121.199
688301.SH,20210121,181.48,187.0,175.57,177.66,11039.91,199028.595
688330.SH,20210121,80.66,81.67,80.1,81.02,5159.54,41748.853
688095.SH,20210121,260.34,273.9,257.03,267.69,5046.92,135483.177
688313.SH,20210121,22.26,22.62,21.7,22.38,15308.99,33898.449
688777.SH,20210121,98.69,101.5,97.32,100.17,25622.75,255132.19
300065.SZ,20210121,12.8,13.14,12.8,12.88,95920.13,124360.24
300064.SZ,20210121,3.08,3.28,3.03,3.08,1023583.93,319330.843
300068.SZ,20210121,13.8,14.04,13.58,13.85,222492.97,307623.868
002418.SZ,20210121,1.74,1.75,1.73,1.73,67512.0,11727.583
002420.SZ,20210121,4.1,4.13,4.07,4.1,18546.0,7608.953
601369.SH,20210121,8.58,9.5,8.58,9.38,385654.49,355245.293
002422.SZ,20210121,18.38,19.48,18.36,19.23,306237.04,583170.06
002428.SZ,20210121,10.93,11.7,10.93,11.38,266408.14,303691.967
002423.SZ,20210121,8.95,9.06,8.87,8.89,48681.87,43546.46
002442.SZ,20210121,4.04,4.23,4.03,4.14,171151.0,70936.928
002424.SZ,20210121,7.97,8.28,7.9,8.08,184552.35,149304.892
002427.SZ,20210121,4.26,4.28,4.1,4.25,19341.0,8097.792
002426.SZ,20210121,2.01,2.03,1.98,1.99,496698.0,99226.14
601188.SH,20210121,2.63,2.64,2.61,2.63,14375.28,3771.987
601518.SH,20210121,2.22,2.24,2.21,2.22,21148.3,4706.55
002431.SZ,20210121,3.04,3.08,3.0,3.03,54261.63,16502.344
002456.SZ,20210121,13.93,14.16,12.53,12.91,1452394.34,1940874.058
002447.SZ,20210121,2.23,2.27,2.2,2.23,221213.59,49363.666
002459.SZ,20210121,39.14,41.6,38.9,41.02,198539.84,803262.19
002644.SZ,20210121,7.32,7.49,7.31,7.4,28555.09,21108.793
002430.SZ,20210121,27.6,29.44,27.36,29.19,102569.61,293839.068
300070.SZ,20210121,7.52,7.56,7.4,7.48,225777.05,169081.195
300073.SZ,20210121,61.51,63.55,60.08,63.0,156467.35,974881.964
002432.SZ,20210121,9.06,9.21,9.04,9.1,79230.6,72344.143
002429.SZ,20210121,6.76,6.9,6.7,6.77,843124.8,574268.509
002434.SZ,20210121,8.21,8.38,8.12,8.28,157979.68,129915.724
002436.SZ,20210121,10.04,10.1,9.88,9.96,265407.17,264696.085
300331.SZ,20210121,25.26,25.26,24.5,24.76,43050.65,106936.633
300154.SZ,20210121,5.32,5.52,5.32,5.48,31281.72,17064.17
002738.SZ,20210121,29.38,32.34,29.3,31.56,317241.83,998323.678
002508.SZ,20210121,42.58,43.2,42.18,42.99,93715.86,400475.758
002554.SZ,20210121,2.34,2.39,2.33,2.37,87268.0,20641.282
600926.SH,20210121,15.15,15.29,14.9,14.98,285224.94,429039.665
600919.SH,20210121,5.55,5.58,5.51,5.53,817874.18,453583.698
002961.SZ,20210121,22.77,23.07,22.36,23.06,22695.09,51828.684
603093.SH,20210121,16.36,16.52,16.08,16.37,39965.99,65175.954
002503.SZ,20210121,2.32,2.48,2.31,2.41,1673817.91,402585.71
300325.SZ,20210121,2.19,2.27,2.16,2.18,556014.0,122663.069
300143.SZ,20210121,18.25,19.15,17.93,19.02,72751.14,134927.749
300144.SZ,20210121,15.68,15.68,14.77,15.03,900518.59,1354042.24
000166.SZ,20210121,5.1,5.16,5.04,5.09,1151781.15,587127.832
002736.SZ,20210121,13.22,13.45,13.13,13.21,242329.57,321543.664
601211.SH,20210121,17.63,17.91,17.52,17.69,508532.79,900275.692
002513.SZ,20210121,3.88,3.93,3.84,3.85,9156.0,3550.668
601777.SH,20210121,5.12,5.18,5.1,5.12,101487.23,51987.191
300382.SZ,20210121,8.61,9.24,8.61,9.01,106331.54,95818.917
002161.SZ,20210121,5.19,5.38,5.15,5.27,61767.99,32631.511
603185.SH,20210121,155.0,160.58,151.0,160.58,83373.98,1319914.562
002714.SZ,20210121,82.99,84.4,81.7,83.58,292993.74,2433309.191
002815.SZ,20210121,13.88,14.01,13.78,13.86,40132.0,55856.262
002722.SZ,20210121,10.69,10.86,10.67,10.8,8123.65,8753.372
002703.SZ,20210121,7.4,7.51,6.9,7.14,429065.81,307525.785
300356.SZ,20210121,4.51,4.65,4.47,4.6,94418.18,43225.759
603699.SH,20210121,13.88,13.88,13.2,13.7,39769.26,54156.926
601016.SH,20210121,3.37,3.47,3.26,3.39,1379002.95,466125.954
603166.SH,20210121,5.67,5.71,5.62,5.65,13521.75,7667.784
300507.SZ,20210121,12.9,14.32,12.0,12.18,375626.94,489876.442
300369.SZ,20210121,13.5,14.15,13.47,13.86,144570.37,199812.642
300370.SZ,20210121,2.49,2.58,2.43,2.53,281101.61,71009.601
300354.SZ,20210121,15.6,15.99,15.43,15.98,13596.16,21469.571
300367.SZ,20210121,3.23,3.44,3.18,3.37,172719.2,56920.47
603308.SH,20210121,36.9,38.2,35.33,35.44,121671.53,445721.434
300388.SZ,20210121,8.78,8.84,8.69,8.74,31539.4,27567.045
603777.SH,20210121,11.6,11.99,11.6,11.86,25204.76,29874.748
603989.SH,20210121,26.03,26.52,25.47,25.59,33682.17,86714.852
002719.SZ,20210121,7.1,7.26,7.1,7.23,8188.8,5901.961
603806.SH,20210121,97.82,97.82,97.82,97.82,37148.05,363382.225
002700.SZ,20210121,3.53,3.59,3.53,3.55,9749.04,3472.12
603088.SH,20210121,7.36,7.46,7.3,7.44,9279.81,6841.36
603566.SH,20210121,20.79,21.19,20.4,20.99,29884.67,62166.282
603009.SH,20210121,5.58,5.62,5.5,5.6,24383.0,13588.747
603688.SH,20210121,20.54,20.95,20.21,20.68,38417.44,79234.598
002782.SZ,20210121,13.63,13.91,13.53,13.66,57744.68,79333.142
601969.SH,20210121,5.45,5.6,5.37,5.45,134857.23,73894.669
300351.SZ,20210121,9.24,9.35,9.19,9.31,22141.6,20504.972
300355.SZ,20210121,3.46,3.54,3.44,3.48,161595.05,56479.989
002721.SZ,20210121,3.1,3.14,3.04,3.04,130003.0,40049.067
600917.SH,20210121,6.58,6.63,6.51,6.59,18747.83,12313.991
300403.SZ,20210121,6.49,6.97,6.48,6.56,258352.2,173032.557
300396.SZ,20210121,25.18,25.65,25.03,25.15,19339.9,48837.871
300368.SZ,20210121,12.26,13.2,12.26,12.84,358127.0,463636.573
002162.SZ,20210121,3.88,4.18,3.85,3.87,563825.46,223230.057
002169.SZ,20210121,6.99,7.0,6.89,6.92,73266.0,50879.315
002697.SZ,20210121,6.35,6.38,6.28,6.29,98481.52,62271.352
002163.SZ,20210121,19.4,19.48,19.02,19.05,89343.98,171034.152
002164.SZ,20210121,7.0,7.24,6.75,7.14,454008.2,316483.858
300360.SZ,20210121,8.88,8.88,8.68,8.75,83613.76,73268.998
300357.SZ,20210121,71.2,72.4,70.91,71.79,22928.86,164396.882
002707.SZ,20210121,4.8,4.92,4.75,4.85,185757.07,89637.038
002843.SZ,20210121,8.72,8.98,8.65,8.84,71332.0,62898.635
000631.SZ,20210121,3.02,3.06,2.99,3.02,36362.15,11015.1
000632.SZ,20210121,3.45,3.49,3.42,3.46,22264.75,7705.504
000633.SZ,20210121,6.36,6.63,6.26,6.3,342509.3,219513.938
000635.SZ,20210121,7.32,7.4,7.26,7.32,23824.29,17470.36
000636.SZ,20210121,34.76,35.73,34.66,35.02,245566.82,862566.681
000637.SZ,20210121,3.87,3.93,3.84,3.93,17283.0,6741.333
000638.SZ,20210121,5.1,5.22,5.1,5.11,59745.37,30794.702
000639.SZ,20210121,6.03,6.24,6.01,6.15,181487.28,111132.384
000650.SZ,20210121,5.94,6.02,5.93,5.97,125422.06,74965.532
000651.SZ,20210121,60.88,62.18,60.6,61.36,490762.91,3013389.875
000652.SZ,20210121,4.95,5.14,4.93,5.07,355936.61,179174.739
000655.SZ,20210121,6.8,7.16,6.73,7.07,197026.82,138260.489
000656.SZ,20210121,7.62,7.7,7.39,7.42,418233.46,313355.887
000657.SZ,20210121,6.38,7.0,6.35,6.99,476314.43,321810.346
000659.SZ,20210121,3.47,3.79,3.47,3.72,366292.11,134934.221
000661.SZ,20210121,460.0,472.18,459.0,461.27,46470.92,2157031.964
000663.SZ,20210121,4.04,4.04,4.04,4.04,9338.81,3772.879
000665.SZ,20210121,4.49,4.54,4.44,4.45,62372.57,27984.804
000666.SZ,20210121,7.53,7.73,7.49,7.62,38820.48,29522.603
000667.SZ,20210121,2.24,2.44,2.24,2.24,4575884.26,1032049.446
000668.SZ,20210121,13.1,14.05,13.01,13.71,20133.01,27303.154
600157.SH,20210121,1.53,1.53,1.44,1.47,4419009.51,660243.688
600158.SH,20210121,12.49,12.64,12.3,12.35,195664.22,242611.522
600159.SH,20210121,2.48,2.49,2.43,2.45,73635.87,18056.438
600160.SH,20210121,7.68,8.44,7.64,8.24,492193.61,403304.123
600161.SH,20210121,39.87,40.58,39.05,39.62,109947.74,436467.886
600162.SH,20210121,1.87,1.96,1.87,1.91,93517.11,17972.518
600163.SH,20210121,4.04,4.23,3.93,4.11,165588.05,68192.728
600165.SH,20210121,6.29,6.37,6.24,6.26,65396.26,41158.069
600166.SH,20210121,2.96,3.01,2.91,2.96,870653.77,257377.215
600167.SH,20210121,10.7,10.97,10.52,10.92,289430.81,310214.55
600168.SH,20210121,6.63,6.72,6.6,6.64,16376.91,10909.148
600169.SH,20210121,2.18,2.21,2.15,2.17,1145495.14,248316.87
600170.SH,20210121,3.0,3.01,2.99,2.99,174742.86,52361.906
600171.SH,20210121,15.06,15.72,15.06,15.52,221424.17,342267.089
600172.SH,20210121,3.07,3.1,3.03,3.04,132858.7,40584.192
600173.SH,20210121,4.95,4.95,4.88,4.9,13567.1,6674.513
600176.SH,20210121,23.8,24.55,23.76,23.8,411394.88,994230.042
600177.SH,20210121,7.37,7.43,7.35,7.36,128049.05,94565.447
600178.SH,20210121,7.35,7.35,7.17,7.28,83936.1,60802.546
600179.SH,20210121,4.01,4.16,3.99,4.1,84201.94,34354.723
600180.SH,20210121,5.15,5.26,5.12,5.17,27085.03,14048.623
600182.SH,20210121,14.37,14.62,14.37,14.57,10621.8,15429.014
600183.SH,20210121,27.74,28.0,27.26,27.35,301497.61,827508.202
600751.SH,20210121,2.59,2.66,2.56,2.65,422909.25,110863.56
600753.SH,20210121,16.81,19.21,16.81,18.7,54167.71,100334.427
600754.SH,20210121,47.3,47.3,44.41,45.8,114237.87,518898.601
600755.SH,20210121,6.46,6.53,6.44,6.51,121990.29,79143.98
600756.SH,20210121,15.61,15.81,15.48,15.58,38237.55,59833.174
600757.SH,20210121,5.19,5.23,5.17,5.21,38408.27,19988.249
600758.SH,20210121,3.01,3.1,3.0,3.08,176562.04,54297.552
600759.SH,20210121,1.7,1.77,1.69,1.72,557565.63,96167.283
600760.SH,20210121,83.72,85.33,81.9,84.24,280118.66,2343208.537
600761.SH,20210121,14.25,15.0,14.25,14.84,88651.42,130483.142
600763.SH,20210121,295.9,311.33,295.05,310.0,30342.1,932943.721
600764.SH,20210121,32.47,33.29,32.1,32.95,40764.58,133771.858
600765.SH,20210121,21.22,21.67,20.88,21.38,248524.14,530357.961
600766.SH,20210121,4.48,4.59,4.46,4.53,59414.0,26996.949
600767.SH,20210121,2.97,3.11,2.92,3.11,43737.38,13369.067
600768.SH,20210121,8.06,8.17,8.05,8.08,7668.01,6215.881
600769.SH,20210121,4.72,4.87,4.66,4.72,61050.38,29133.783
600770.SH,20210121,5.6,5.67,5.57,5.63,169754.5,95450.003
600771.SH,20210121,16.01,17.14,16.0,16.71,235340.31,392531.872
600773.SH,20210121,9.3,9.68,9.04,9.1,498124.07,461805.355
600774.SH,20210121,13.81,13.96,13.64,13.79,10495.59,14474.029
600775.SH,20210121,7.24,7.38,7.21,7.33,32403.82,23717.961
600776.SH,20210121,12.58,12.58,12.21,12.49,164115.22,203685.138
600777.SH,20210121,1.43,1.49,1.42,1.45,650342.8,94812.373
600778.SH,20210121,3.61,3.66,3.57,3.63,20284.0,7362.727
600779.SH,20210121,83.9,88.88,83.15,86.26,104613.85,896788.012
600780.SH,20210121,3.31,3.34,3.3,3.32,59455.09,19730.054
600781.SH,20210121,3.06,3.08,3.05,3.05,20739.0,6347.921
600782.SH,20210121,4.44,4.48,4.4,4.42,262556.29,116462.777
600783.SH,20210121,15.12,15.12,14.82,14.92,42319.82,63218.76
600784.SH,20210121,5.17,5.27,5.12,5.2,42257.42,21992.2
600785.SH,20210121,12.77,13.15,12.15,12.44,12599.28,15645.728
600787.SH,20210121,4.66,4.71,4.61,4.69,181946.77,84879.254
600789.SH,20210121,8.16,8.56,8.16,8.39,297940.89,249695.315
600790.SH,20210121,3.2,3.22,3.18,3.2,70286.34,22512.015
600791.SH,20210121,4.67,4.83,4.49,4.56,77135.98,35619.495
600792.SH,20210121,3.41,3.75,3.41,3.75,130496.38,48424.685
600793.SH,20210121,19.5,20.0,18.53,18.85,347726.79,664032.662
600794.SH,20210121,3.18,3.22,3.16,3.21,72570.0,23261.161
600795.SH,20210121,2.1,2.12,2.1,2.1,397046.13,83634.339
600796.SH,20210121,5.4,5.4,5.13,5.16,72011.1,37689.686
600797.SH,20210121,6.85,7.03,6.85,6.99,125427.9,87432.019
600798.SH,20210121,4.62,4.76,4.56,4.74,645950.29,302990.979
600800.SH,20210121,4.56,4.59,4.5,4.54,40109.78,18266.064
600801.SH,20210121,20.41,20.52,20.22,20.44,100748.4,204930.841
688127.SH,20210121,28.76,29.65,28.46,28.8,31683.63,91818.467
688256.SH,20210121,151.0,172.0,151.0,170.0,51861.83,855545.615
003035.SZ,20210121,2.44,2.44,2.44,2.44,9947.91,2427.29
688595.SH,20210121,64.01,64.78,62.33,64.05,11558.77,73525.902
688386.SH,20210121,55.55,58.44,54.36,55.5,8650.55,47677.77
688093.SH,20210121,26.17,26.42,25.4,25.47,26668.76,68596.248
688551.SH,20210121,31.27,31.76,30.67,31.2,4954.7,15412.777
688378.SH,20210121,52.66,53.85,52.66,53.14,3537.77,18855.716
688596.SH,20210121,17.42,17.53,17.07,17.33,15825.94,27377.446
688129.SH,20210121,18.97,19.2,18.63,18.65,23270.37,43811.652
688017.SH,20210121,167.88,178.7,160.0,168.0,11365.36,191197.12
688133.SH,20210121,123.19,126.68,120.0,124.26,5277.53,65510.02
688529.SH,20210121,31.78,31.78,30.01,30.45,23168.14,70984.784
688308.SH,20210121,24.9,25.18,24.73,24.94,8047.87,20078.515
688578.SH,20210121,25.32,28.56,25.05,28.02,75139.35,202353.949
688135.SH,20210121,39.92,39.92,38.8,39.0,15176.96,59627.543
688013.SH,20210121,27.52,27.58,26.82,26.93,4613.25,12518.512
688536.SH,20210121,558.0,566.03,531.0,540.0,7924.34,431049.74
688160.SH,20210121,39.0,40.94,37.2,39.6,26623.87,103645.986
688617.SH,20210121,238.29,248.45,226.12,239.98,7883.2,186135.061
688608.SH,20210121,414.0,414.0,394.99,400.09,10412.29,418859.668
688557.SH,20210121,38.17,38.48,37.29,37.78,4028.59,15184.38
688219.SH,20210121,17.26,17.33,16.87,16.88,26229.21,44637.666
688699.SH,20210121,61.98,62.0,60.12,60.79,15013.1,91342.844
688179.SH,20210121,78.21,84.5,78.0,83.41,14629.45,120141.004
688658.SH,20210121,21.55,22.96,21.55,22.43,68759.04,153919.863
688668.SH,20210121,26.92,27.15,26.58,26.61,10572.85,28329.894
688698.SH,20210121,16.85,17.2,16.62,16.88,32385.35,54731.934
300919.SZ,20210121,96.0,97.48,89.88,90.33,65672.0,609823.697
688510.SH,20210121,31.11,31.2,30.31,30.42,26252.66,80850.354
688788.SH,20210121,129.33,131.59,124.1,124.2,13739.86,173448.342
688561.SH,20210121,112.5,119.03,112.5,118.01,30859.44,362040.044
688136.SH,20210121,34.42,35.28,34.06,34.15,24650.24,85055.99
688679.SH,20210121,14.22,14.37,14.13,14.28,15498.28,22112.026
601995.SH,20210121,70.58,72.36,69.6,71.15,336825.26,2397669.168
688686.SH,20210121,354.83,368.58,343.06,352.1,9254.57,328219.669
688678.SH,20210121,20.21,20.55,19.98,20.3,18205.31,36877.024
688618.SH,20210121,54.0,55.5,53.7,54.5,11566.87,62992.747
688063.SH,20210121,289.0,296.19,281.22,282.01,29855.38,859674.325
601399.SH,20210121,3.7,3.73,3.66,3.7,63440.99,23443.479
688981.SH,20210121,59.41,60.35,58.45,59.31,480624.94,2853421.187
601956.SH,20210121,7.9,8.1,7.82,7.95,129762.81,103295.272
600027.SH,20210121,3.32,3.33,3.28,3.3,345134.4,114018.285
002039.SZ,20210121,14.71,14.71,14.58,14.67,21638.0,31703.852
002040.SZ,20210121,6.74,6.82,6.71,6.72,56097.7,37901.638
002507.SZ,20210121,47.19,47.65,46.35,47.28,101661.04,478924.025
002514.SZ,20210121,3.55,3.66,3.55,3.65,39403.8,14269.086
002515.SZ,20210121,5.6,5.66,5.54,5.66,125088.48,70141.6
002512.SZ,20210121,3.56,3.68,3.48,3.61,194061.39,69715.224
002520.SZ,20210121,5.52,5.71,5.41,5.66,68015.44,38269.02
300145.SZ,20210121,2.93,3.01,2.92,2.96,197139.82,58493.858
300148.SZ,20210121,3.08,3.26,3.08,3.15,202548.72,64427.238
300168.SZ,20210121,19.8,20.45,19.76,20.09,101132.53,202881.057
300158.SZ,20210121,4.45,4.54,4.43,4.48,192411.0,86513.587
002517.SZ,20210121,3.9,4.16,3.9,4.16,460550.37,188514.294
002516.SZ,20210121,3.17,3.21,3.14,3.19,76656.0,24363.284
603167.SH,20210121,8.83,8.87,8.67,8.69,103586.05,90768.847
002519.SZ,20210121,3.91,3.94,3.87,3.92,69838.9,27327.882
300157.SZ,20210121,4.07,4.11,3.92,3.98,180284.36,71862.521
002522.SZ,20210121,5.93,5.99,5.88,5.97,56472.13,33560.84
300149.SZ,20210121,14.73,15.02,14.48,14.56,69968.62,102515.208
300146.SZ,20210121,25.85,26.09,25.53,25.6,143716.93,370194.433
002547.SZ,20210121,4.2,4.25,4.12,4.21,92921.61,38921.9
002743.SZ,20210121,7.0,7.0,6.73,6.78,67770.0,46199.634
300151.SZ,20210121,29.22,32.02,29.15,31.89,192927.04,584976.797
300155.SZ,20210121,6.61,7.02,6.61,6.91,147087.69,101302.536
002524.SZ,20210121,12.15,12.3,11.84,11.97,132623.44,158746.681
002606.SZ,20210121,7.21,7.22,7.11,7.18,52017.0,37305.892
002528.SZ,20210121,3.34,3.36,3.29,3.34,27493.28,9154.378
300150.SZ,20210121,4.47,4.58,4.41,4.46,36188.0,16302.351
300147.SZ,20210121,8.69,8.93,8.67,8.85,122531.98,108176.527
300153.SZ,20210121,5.73,5.85,5.71,5.77,77576.0,44916.88
002526.SZ,20210121,2.28,2.33,2.26,2.29,229450.41,52862.601
002532.SZ,20210121,7.0,7.35,6.95,7.23,97533.27,69930.309
002534.SZ,20210121,8.89,9.03,8.74,8.94,20198.27,18034.252
002531.SZ,20210121,7.93,8.23,7.9,8.18,500608.18,407345.163
300161.SZ,20210121,19.87,19.99,19.25,19.35,33424.72,65189.173
300169.SZ,20210121,8.0,8.28,6.98,7.02,628728.25,480245.02
300162.SZ,20210121,6.04,6.14,5.98,5.99,94831.72,57436.592
002540.SZ,20210121,4.8,4.88,4.76,4.85,54188.29,26145.959
601933.SH,20210121,7.28,7.3,7.21,7.22,555072.72,401376.641
002702.SZ,20210121,8.28,8.8,8.23,8.7,221034.39,189886.758
002147.SZ,20210121,1.05,1.05,0.96,0.98,314905.22,30961.582
002157.SZ,20210121,16.96,17.26,16.83,17.03,452496.97,771046.31
601360.SH,20210121,16.7,17.66,16.58,17.6,667371.33,1149617.763
300287.SZ,20210121,3.93,4.03,3.86,3.93,293711.56,115950.765
300290.SZ,20210121,5.04,5.07,4.98,5.03,126049.95,63349.351
002649.SZ,20210121,9.57,9.68,9.47,9.5,121216.84,115808.595
002664.SZ,20210121,13.38,13.45,13.2,13.26,29538.5,39313.557
300373.SZ,20210121,48.0,49.6,47.83,48.72,196303.54,956617.649
300363.SZ,20210121,42.0,43.3,41.13,42.0,95778.91,401704.798
601579.SH,20210121,10.7,11.34,10.61,10.97,203542.38,222431.084
002748.SZ,20210121,5.61,5.82,5.6,5.62,16289.0,9307.279
300546.SZ,20210121,14.3,14.78,13.84,13.91,83920.5,118537.866
300377.SZ,20210121,8.68,8.86,8.62,8.73,159887.39,139858.089
300391.SZ,20210121,11.88,11.97,11.43,11.65,36972.0,42887.699
002838.SZ,20210121,27.31,28.47,27.31,28.27,132059.93,367636.323
603023.SH,20210121,3.88,3.94,3.83,3.9,26544.05,10319.114
603609.SH,20210121,12.1,12.18,12.01,12.14,40620.86,49196.347
300385.SZ,20210121,7.32,7.56,7.31,7.38,43246.8,32195.822
300820.SZ,20210121,43.86,44.75,43.48,43.82,11950.5,52433.003
300376.SZ,20210121,7.22,7.53,7.22,7.39,435050.98,321782.466
300419.SZ,20210121,6.81,6.94,6.63,6.78,292110.06,198682.293
002171.SZ,20210121,8.29,8.4,8.2,8.34,137650.52,114486.177
002167.SZ,20210121,5.48,6.0,5.45,5.79,237127.93,136322.453
002175.SZ,20210121,1.06,1.12,1.06,1.09,103380.5,11330.586
002728.SZ,20210121,11.2,11.36,11.1,11.21,5235.0,5850.633
002724.SZ,20210121,7.06,7.11,7.04,7.05,30351.4,21467.219
002726.SZ,20210121,12.5,12.7,12.43,12.55,154919.37,194334.775
300380.SZ,20210121,17.62,18.26,17.62,17.94,18721.0,33764.778
603005.SH,20210121,88.0,88.74,84.61,87.17,183646.93,1590015.345
300365.SZ,20210121,10.1,10.18,9.87,10.0,36970.63,37035.704
300399.SZ,20210121,14.2,14.48,14.17,14.44,15534.6,22334.517
300359.SZ,20210121,5.85,5.94,5.76,5.84,78255.5,45810.62
300379.SZ,20210121,45.2,48.11,45.2,46.9,169311.27,793788.715
603100.SH,20210121,13.4,13.4,13.02,13.08,62264.67,81955.837
601326.SH,20210121,2.74,2.78,2.73,2.76,75239.35,20713.693
002905.SZ,20210121,9.22,9.33,9.07,9.14,27613.86,25260.536
002712.SZ,20210121,4.5,4.61,4.46,4.52,49031.2,22288.115
002165.SZ,20210121,5.43,5.54,5.41,5.45,77351.37,42324.391
002192.SZ,20210121,47.0,48.74,45.99,48.74,109897.92,527244.919
300386.SZ,20210121,18.14,18.57,18.11,18.2,63174.0,115757.789
300405.SZ,20210121,8.24,8.85,8.22,8.78,106143.7,91056.833
300387.SZ,20210121,7.88,7.9,7.72,7.73,54279.04,42397.578
300378.SZ,20210121,30.25,31.39,29.58,30.39,106806.03,326282.854
002773.SZ,20210121,39.95,40.47,39.2,40.33,45853.32,183354.365
300390.SZ,20210121,23.1,25.28,22.82,24.47,315839.15,765957.534
603099.SH,20210121,7.92,8.18,7.7,7.92,56969.4,45125.848
603111.SH,20210121,5.68,5.71,5.6,5.66,43461.5,24668.778
002166.SZ,20210121,7.45,7.72,7.45,7.56,81512.45,61702.599
002360.SZ,20210121,7.94,7.97,7.8,7.95,50774.66,40102.241
002281.SZ,20210121,29.66,29.74,29.15,29.39,75987.14,223639.107
002174.SZ,20210121,12.9,13.28,12.82,13.12,229862.17,300802.094
002173.SZ,20210121,6.45,6.52,6.3,6.52,48422.98,31433.682
600185.SH,20210121,6.86,7.0,6.65,6.67,898742.65,605769.477
600186.SH,20210121,2.66,2.75,2.63,2.69,154807.01,41730.495
600187.SH,20210121,2.42,2.44,2.39,2.41,136136.32,32893.576
600188.SH,20210121,10.09,10.41,10.04,10.25,415978.33,425607.917
600189.SH,20210121,14.26,15.9,14.24,15.65,708693.04,1097008.755
600190.SH,20210121,2.94,2.96,2.93,2.95,42133.28,12431.967
600191.SH,20210121,5.71,5.94,5.59,5.75,175581.79,101019.723
600192.SH,20210121,4.67,4.73,4.64,4.7,24785.1,11633.984
600193.SH,20210121,4.65,4.71,4.65,4.71,8421.1,3947.511
600195.SH,20210121,12.37,12.56,12.28,12.49,126526.73,157537.728
600196.SH,20210121,50.7,51.27,50.31,50.46,321812.75,1631493.101
600197.SH,20210121,23.98,25.4,23.9,24.92,203962.88,502688.087
600198.SH,20210121,9.23,9.57,9.15,9.32,128284.25,119950.945
600199.SH,20210121,15.18,16.88,15.03,16.62,736928.94,1180960.259
600200.SH,20210121,4.92,5.14,4.91,5.04,145727.11,72873.065
600201.SH,20210121,20.45,20.6,19.74,19.82,266691.96,535070.808
600202.SH,20210121,3.78,3.82,3.76,3.8,12961.1,4917.688
600203.SH,20210121,9.41,9.52,9.37,9.42,31179.0,29415.181
600206.SH,20210121,13.54,14.33,13.49,14.0,436938.2,612286.609
600207.SH,20210121,5.86,5.99,5.79,5.94,111194.02,65498.697
600208.SH,20210121,3.15,3.17,3.13,3.15,289716.92,91292.999
600209.SH,20210121,4.07,4.18,4.04,4.07,18848.01,7710.596
600210.SH,20210121,4.43,4.5,4.41,4.48,136801.8,61048.788
600211.SH,20210121,61.3,64.16,61.25,62.59,59078.06,371615.35
600212.SH,20210121,3.33,3.41,3.28,3.29,34544.36,11521.837
600213.SH,20210121,7.05,7.21,6.94,7.07,84926.98,59990.259
600215.SH,20210121,5.09,5.13,5.09,5.1,9585.04,4898.478
600216.SH,20210121,14.33,14.39,14.1,14.2,215200.26,305642.139
600217.SH,20210121,5.26,5.31,5.2,5.25,82193.19,43212.923
600218.SH,20210121,8.74,8.86,8.71,8.78,61605.45,54127.837
600219.SH,20210121,3.53,3.75,3.51,3.66,3609795.34,1317182.053
600220.SH,20210121,2.28,2.32,2.25,2.3,113411.77,26015.047
600221.SH,20210121,1.42,1.44,1.41,1.43,676802.73,96875.761
600222.SH,20210121,4.87,4.96,4.82,4.92,38192.01,18692.744
600223.SH,20210121,10.41,10.47,10.04,10.19,431601.64,441199.315
600225.SH,20210121,1.24,1.31,1.24,1.31,100995.58,13020.966
600226.SH,20210121,1.85,1.88,1.82,1.85,173664.37,32161.411
600227.SH,20210121,2.65,2.7,2.65,2.68,57580.62,15386.981
600228.SH,20210121,9.02,9.34,9.02,9.17,43930.04,40450.54
600229.SH,20210121,6.22,6.24,6.17,6.21,12487.5,7753.298
600230.SH,20210121,8.12,8.23,8.05,8.12,23806.24,19429.129
600231.SH,20210121,2.31,2.33,2.28,2.32,189184.24,43644.388
600232.SH,20210121,5.32,5.34,5.23,5.31,16899.68,8939.552
600233.SH,20210121,11.8,12.27,11.78,12.1,195362.3,235072.837
600234.SH,20210121,8.91,9.07,8.91,9.0,1447.0,1302.731
600802.SH,20210121,7.89,7.93,7.82,7.9,56316.86,44353.698
600803.SH,20210121,14.22,15.36,14.22,15.36,214619.03,326864.432
600804.SH,20210121,7.34,7.37,7.11,7.23,427460.79,308343.657
600805.SH,20210121,4.11,4.45,4.05,4.22,164206.81,68750.374
600807.SH,20210121,3.81,3.81,3.67,3.73,83538.8,31142.11
600808.SH,20210121,2.64,2.66,2.63,2.64,270735.25,71564.312
600809.SH,20210121,357.0,383.18,357.0,378.0,68009.72,2532449.62
600810.SH,20210121,9.6,9.92,9.55,9.65,142459.43,138561.873
600811.SH,20210121,3.44,3.47,3.41,3.44,401156.45,138223.727
600812.SH,20210121,10.18,10.36,10.14,10.25,127370.17,130874.245
600814.SH,20210121,5.52,5.54,5.44,5.48,12250.38,6715.414
600815.SH,20210121,2.13,2.14,2.11,2.13,34347.0,7303.298
600816.SH,20210121,1.56,1.57,1.53,1.54,216555.6,33411.855
600817.SH,20210121,13.6,13.89,13.56,13.77,3904.0,5365.66
600818.SH,20210121,7.41,7.58,7.41,7.48,17224.35,12921.354
600819.SH,20210121,5.21,5.3,5.11,5.23,83316.02,43402.898
600820.SH,20210121,5.5,5.51,5.47,5.48,98190.37,53909.494
600821.SH,20210121,4.44,4.46,4.41,4.44,28948.5,12834.83
600822.SH,20210121,10.31,10.44,10.21,10.3,22195.25,22899.722
600823.SH,20210121,4.86,4.87,4.69,4.7,223750.21,106354.272
600824.SH,20210121,3.39,3.39,3.35,3.36,19160.3,6453.268
600825.SH,20210121,4.29,4.35,4.25,4.29,28046.0,12034.156
600826.SH,20210121,8.18,8.18,8.07,8.12,9472.59,7690.283
600827.SH,20210121,19.64,20.17,19.26,19.41,314875.08,619611.213
600828.SH,20210121,3.64,3.68,3.62,3.64,13775.46,5030.894
600829.SH,20210121,6.39,6.41,6.28,6.37,17823.3,11329.992
600830.SH,20210121,4.99,5.08,4.95,5.01,30459.66,15272.468
600831.SH,20210121,6.52,6.55,6.46,6.51,81268.13,52820.786
600833.SH,20210121,9.57,9.64,9.55,9.57,7514.0,7211.118
600834.SH,20210121,9.02,9.03,8.84,8.9,36359.06,32488.032
600835.SH,20210121,22.35,22.36,21.95,22.15,100590.07,222638.297
600836.SH,20210121,5.23,5.24,5.17,5.19,42710.76,22238.549
600837.SH,20210121,12.67,12.85,12.57,12.66,900963.81,1143729.202
600838.SH,20210121,6.45,6.52,6.41,6.44,16594.95,10729.522
600839.SH,20210121,2.76,2.81,2.75,2.78,472226.8,131430.494
600841.SH,20210121,8.68,8.69,8.35,8.53,62380.44,53011.14
600843.SH,20210121,5.87,5.87,5.75,5.76,8629.89,4994.708
600845.SH,20210121,65.67,66.79,64.7,66.08,58715.01,386202.919
600846.SH,20210121,7.89,7.94,7.86,7.89,39386.0,31099.689
600847.SH,20210121,9.39,10.0,9.3,10.0,27525.14,27216.892
600848.SH,20210121,20.21,20.35,20.0,20.17,29770.73,59928.108
601607.SH,20210121,19.25,19.4,19.22,19.27,110027.65,212277.19
600850.SH,20210121,27.25,27.8,26.97,27.25,45224.25,123676.668
600851.SH,20210121,7.49,7.54,7.41,7.48,22506.04,16812.04
600970.SH,20210121,7.16,7.48,7.09,7.34,453203.55,331774.185
002041.SZ,20210121,19.65,20.09,19.44,19.93,227832.43,450517.917
002042.SZ,20210121,4.2,4.27,4.17,4.25,80381.63,33960.279
002043.SZ,20210121,9.66,10.06,9.6,10.06,221194.2,218525.706
002044.SZ,20210121,13.38,13.67,12.82,13.38,629917.47,833050.309
002045.SZ,20210121,10.92,11.48,10.41,10.85,401373.88,435987.601
002046.SZ,20210121,8.58,8.63,8.4,8.56,87699.0,74709.916
002047.SZ,20210121,3.24,3.28,3.19,3.25,143035.38,46359.177
002048.SZ,20210121,16.0,16.12,15.84,16.07,73723.6,117715.558
002049.SZ,20210121,130.0,134.55,128.06,131.51,169738.9,2225285.939
002050.SZ,20210121,25.17,25.5,24.74,25.36,307192.31,773905.295
002051.SZ,20210121,6.5,6.55,6.4,6.53,45904.3,29742.653
002052.SZ,20210121,1.01,1.02,1.0,1.01,90871.0,9170.087
002053.SZ,20210121,6.78,6.83,6.71,6.76,13978.22,9461.41
601001.SH,20210121,5.47,5.74,5.44,5.64,392486.61,220445.956
601988.SH,20210121,3.2,3.21,3.19,3.19,729923.53,233232.869
002054.SZ,20210121,9.03,9.8,8.95,9.8,354566.85,339335.812
002141.SZ,20210121,2.25,2.52,2.25,2.42,351294.1,87196.233
002055.SZ,20210121,13.62,13.93,13.41,13.63,109584.59,149872.909
002057.SZ,20210121,7.21,7.62,7.16,7.5,346086.69,258564.085
002058.SZ,20210121,12.52,12.59,12.01,12.06,12200.25,14901.081
002059.SZ,20210121,4.42,4.43,4.35,4.37,14191.0,6220.725
002065.SZ,20210121,8.34,8.36,8.24,8.26,324718.68,269133.514
002153.SZ,20210121,30.01,32.91,30.01,32.5,192541.46,623680.816
002063.SZ,20210121,8.64,8.74,8.57,8.69,140141.09,121533.93
002056.SZ,20210121,17.5,18.3,17.38,17.78,829335.08,1483889.196
002066.SZ,20210121,8.35,8.4,8.3,8.34,7446.0,6214.958
002146.SZ,20210121,6.56,6.57,6.47,6.5,202521.16,132056.595
600048.SH,20210121,15.6,15.66,15.23,15.32,1345815.87,2071155.402
601666.SH,20210121,5.6,5.73,5.57,5.62,169725.58,96111.646
002076.SZ,20210121,1.91,1.94,1.89,1.89,65759.65,12521.943
601006.SH,20210121,6.57,6.59,6.52,6.56,348857.1,228478.3
002071.SZ,20210121,0.59,0.59,0.59,0.59,26235.0,1547.865
002068.SZ,20210121,7.0,7.44,7.0,7.04,291754.56,210665.921
002060.SZ,20210121,3.07,3.09,3.04,3.07,92539.0,28382.864
002061.SZ,20210121,5.11,5.12,5.05,5.09,44470.0,22624.217
002062.SZ,20210121,4.07,4.1,4.05,4.07,28692.57,11686.907
601111.SH,20210121,7.09,7.12,7.01,7.07,572766.66,404613.483
002064.SZ,20210121,12.9,13.83,12.9,13.52,387513.72,521531.058
002069.SZ,20210121,3.73,3.84,3.68,3.79,87543.85,33015.266
002082.SZ,20210121,11.2,11.75,11.2,11.4,24012.0,27780.56
002067.SZ,20210121,4.0,4.02,3.86,3.9,528260.62,206482.795
601699.SH,20210121,6.02,6.14,6.0,6.01,471337.27,285860.902
002084.SZ,20210121,6.7,6.83,6.63,6.73,103828.09,69990.392
002081.SZ,20210121,8.49,8.73,8.4,8.53,397547.31,340281.184
300298.SZ,20210121,34.18,35.12,33.36,34.83,68955.4,235586.064
002655.SZ,20210121,7.01,7.18,6.91,6.95,90754.0,63472.36
002656.SZ,20210121,1.3,1.3,1.24,1.28,68811.9,8765.335
601368.SH,20210121,5.05,5.06,4.99,5.03,17898.0,8996.957
002667.SZ,20210121,6.15,6.22,6.11,6.17,9044.5,5577.016
300289.SZ,20210121,6.15,6.45,5.91,5.93,146559.14,89925.947
300483.SZ,20210121,32.66,33.8,32.3,33.18,4610.01,15245.39
300532.SZ,20210121,9.45,9.62,9.36,9.43,38111.3,36093.047
002662.SZ,20210121,3.66,3.68,3.59,3.63,127324.11,46359.721
002688.SZ,20210121,5.13,5.17,5.06,5.14,37340.02,19155.9
002652.SZ,20210121,3.18,3.49,3.16,3.49,65845.43,22303.356
603729.SH,20210121,13.2,13.58,12.97,13.12,23322.4,30946.316
300291.SZ,20210121,4.6,4.71,4.57,4.66,78083.48,36301.647
300477.SZ,20210121,4.89,5.15,4.81,5.09,362858.98,180669.199
300297.SZ,20210121,4.91,5.28,4.91,5.07,1035798.17,525958.371
002650.SZ,20210121,6.14,6.2,6.05,6.18,108898.1,66712.407
300292.SZ,20210121,3.66,3.92,3.61,3.73,636289.35,239869.956
002666.SZ,20210121,4.92,4.98,4.86,4.91,43760.37,21518.958
601929.SH,20210121,1.89,1.92,1.88,1.89,411466.28,77991.127
300307.SZ,20210121,7.3,7.6,7.15,7.3,130432.63,96410.994
300358.SZ,20210121,10.57,11.27,10.57,11.15,127632.63,140535.318
300310.SZ,20210121,5.33,5.33,5.18,5.24,196498.52,103486.391
002654.SZ,20210121,3.37,3.47,3.32,3.43,66289.0,22576.204
002653.SZ,20210121,16.76,18.49,16.6,18.45,102364.28,185179.928
603359.SH,20210121,16.18,16.18,15.96,16.07,16119.52,25910.227
601339.SH,20210121,4.01,4.08,4.01,4.07,62764.44,25365.863
300296.SZ,20210121,6.06,6.54,5.98,6.25,618498.08,387669.887
300309.SZ,20210121,2.38,2.51,2.34,2.41,274327.2,66897.455
300301.SZ,20210121,3.9,4.02,3.86,3.89,422898.56,166562.704
300304.SZ,20210121,5.1,5.21,5.05,5.12,255217.72,130512.094
300306.SZ,20210121,10.8,10.89,10.28,10.43,74454.2,78055.959
002672.SZ,20210121,8.06,8.15,8.04,8.07,40920.89,33071.658
002663.SZ,20210121,1.78,1.97,1.78,1.86,520244.98,100117.59
601388.SH,20210121,2.71,2.86,2.71,2.81,614177.43,171967.464
601515.SH,20210121,5.68,5.89,5.65,5.77,111612.25,64138.426
300326.SZ,20210121,13.4,13.84,13.4,13.44,268686.66,365496.383
601231.SH,20210121,19.29,19.46,18.5,18.95,228612.34,437770.499
002657.SZ,20210121,11.77,12.12,11.75,11.94,71344.1,85206.615
002151.SZ,20210121,51.31,53.43,51.1,52.8,159070.45,836101.438
002156.SZ,20210121,29.57,30.18,29.02,29.65,612981.41,1810247.679
002658.SZ,20210121,5.76,5.77,5.58,5.69,15407.55,8750.453
002669.SZ,20210121,15.62,15.98,15.52,15.86,44718.02,70738.322
300300.SZ,20210121,4.55,4.67,4.5,4.6,127594.1,58710.921
300755.SZ,20210121,26.05,26.18,25.81,25.98,16134.99,41904.998
002660.SZ,20210121,7.16,7.19,7.05,7.15,30680.05,21860.198
601169.SH,20210121,4.85,4.87,4.82,4.84,606663.17,293830.779
002329.SZ,20210121,4.3,4.43,4.28,4.4,93952.8,41122.654
002176.SZ,20210121,6.05,6.09,5.96,6.09,392967.85,238503.723
002295.SZ,20210121,6.5,6.59,6.41,6.44,19456.5,12614.766
002179.SZ,20210121,75.9,76.55,74.78,76.01,120098.45,909555.161
002177.SZ,20210121,6.19,6.25,5.95,6.09,736527.79,446583.272
002288.SZ,20210121,10.12,10.19,9.55,9.87,410279.45,403003.922
002180.SZ,20210121,29.05,30.62,28.88,28.96,232200.8,686556.458
601939.SH,20210121,6.83,6.88,6.68,6.74,1636534.78,1106502.705
002178.SZ,20210121,3.09,3.12,3.03,3.08,43554.8,13410.402
601808.SH,20210121,15.74,16.29,15.58,16.16,175314.16,282114.854
000333.SZ,20210121,97.24,101.0,96.99,100.1,409301.71,4074982.807
601068.SH,20210121,3.36,3.7,3.33,3.7,284918.1,104220.302
601811.SH,20210121,9.07,9.14,9.03,9.07,10912.17,9904.913
600023.SH,20210121,3.59,3.6,3.57,3.58,129240.78,46335.675
603069.SH,20210121,19.01,19.49,19.01,19.18,79531.99,153238.509
603158.SH,20210121,18.6,18.6,18.2,18.41,10089.0,18536.556
002801.SZ,20210121,37.7,37.8,35.8,37.05,44185.71,162633.763
603309.SH,20210121,11.78,12.19,11.77,12.1,26542.9,32053.819
603117.SH,20210121,3.38,3.42,3.35,3.39,25248.0,8568.635
603979.SH,20210121,12.81,12.81,12.41,12.46,130558.69,164293.166
603997.SH,20210121,7.59,7.67,7.47,7.49,38935.52,29435.311
002798.SZ,20210121,20.45,20.96,19.96,20.53,69196.39,141170.774
002802.SZ,20210121,21.34,21.54,20.82,21.19,3533.7,7459.634
601595.SH,20210121,10.83,10.92,10.7,10.76,23981.77,25903.507
603389.SH,20210121,3.43,3.53,3.4,3.46,8314.2,2865.176
603611.SH,20210121,13.64,13.96,13.49,13.77,16718.29,22924.21
603843.SH,20210121,3.54,3.6,3.53,3.56,32597.6,11627.935
603010.SH,20210121,28.22,28.6,27.03,27.18,87242.63,239617.238
603988.SH,20210121,10.97,11.19,10.91,11.05,16293.53,18050.314
002796.SZ,20210121,14.63,14.7,13.93,14.0,118070.1,167446.279
300579.SZ,20210121,38.81,39.92,38.8,39.07,26770.62,105468.72
300521.SZ,20210121,18.4,18.65,17.9,17.92,7936.0,14349.444
300491.SZ,20210121,14.08,14.3,13.84,14.07,55076.79,77410.567
300596.SZ,20210121,35.51,37.35,35.25,36.83,19899.83,72829.614
300435.SZ,20210121,12.28,12.47,12.23,12.38,34138.0,42293.026
300527.SZ,20210121,9.25,9.4,9.19,9.26,136974.01,127280.115
300476.SZ,20210121,26.58,26.99,25.98,26.13,142859.58,375987.168
300475.SZ,20210121,11.31,13.06,11.3,12.82,141813.47,176091.167
300438.SZ,20210121,22.63,22.96,21.87,22.44,177972.78,398926.624
300393.SZ,20210121,9.23,9.76,9.18,9.66,312161.31,297384.957
002757.SZ,20210121,14.17,14.39,14.1,14.24,17195.28,24485.665
300430.SZ,20210121,7.92,8.08,7.81,7.96,45859.07,36429.451
002800.SZ,20210121,17.53,17.74,17.25,17.56,4622.0,8105.769
603889.SH,20210121,4.95,4.98,4.9,4.91,8898.7,4384.491
600235.SH,20210121,5.44,5.62,5.36,5.47,172411.84,94444.866
600236.SH,20210121,4.46,4.46,4.43,4.44,12664.01,5623.694
600237.SH,20210121,6.08,6.25,5.69,6.25,1656932.76,1002469.53
600238.SH,20210121,8.97,8.97,8.26,8.69,83912.95,72899.747
600239.SH,20210121,2.65,2.76,2.58,2.58,720997.68,191560.754
600241.SH,20210121,3.24,3.25,3.18,3.24,7687.17,2481.709
600242.SH,20210121,1.98,2.08,1.97,2.08,68484.89,14011.603
600243.SH,20210121,3.25,3.25,3.08,3.1,57267.44,18073.892
600246.SH,20210121,6.79,6.9,6.72,6.82,67241.42,45645.852
600247.SH,20210121,1.01,1.02,0.97,0.97,42460.78,4210.863
600248.SH,20210121,4.03,4.04,3.93,4.02,82501.94,32899.25
600250.SH,20210121,5.02,5.09,4.98,5.05,17122.0,8618.419
600252.SH,20210121,2.89,2.91,2.87,2.89,137584.73,39750.104
600255.SH,20210121,1.91,1.93,1.87,1.89,163502.79,30910.83
600256.SH,20210121,2.65,2.68,2.64,2.64,413950.7,109837.472
600257.SH,20210121,6.23,6.3,5.85,6.04,583450.39,352170.286
600258.SH,20210121,20.23,20.62,19.16,19.19,280436.99,551881.752
600259.SH,20210121,34.71,38.2,34.06,38.2,353250.2,1309695.028
600260.SH,20210121,10.1,10.19,9.95,10.12,115860.74,116955.453
600261.SH,20210121,3.66,3.67,3.61,3.65,98818.9,35995.601
600262.SH,20210121,17.38,17.39,17.11,17.26,6789.0,11688.735
600265.SH,20210121,18.98,18.98,18.56,18.56,2350.01,4393.054
600266.SH,20210121,4.98,5.0,4.92,4.93,66161.58,32721.13
600267.SH,20210121,16.59,16.86,16.55,16.62,62182.84,103789.519
600268.SH,20210121,6.81,6.89,6.75,6.87,68941.0,47190.775
600269.SH,20210121,3.34,3.37,3.33,3.34,48134.37,16129.04
600272.SH,20210121,6.88,7.16,6.85,7.15,28756.0,20134.378
600275.SH,20210121,2.41,2.47,2.36,2.45,18508.0,4463.585
600276.SH,20210121,106.0,108.8,105.38,108.15,382934.55,4101405.937
600277.SH,20210121,2.75,2.79,2.72,2.77,142520.24,39374.824
600278.SH,20210121,8.99,9.12,8.91,9.12,22781.08,20614.387
600279.SH,20210121,3.67,3.7,3.65,3.69,26863.3,9870.337
600280.SH,20210121,2.67,2.67,2.46,2.51,133855.0,34554.949
600281.SH,20210121,3.55,3.94,3.55,3.94,167581.6,65452.204
600282.SH,20210121,3.08,3.11,3.05,3.08,283677.77,87488.653
600283.SH,20210121,9.99,10.08,9.94,9.96,10503.16,10503.598
600285.SH,20210121,8.12,8.23,8.09,8.16,45880.0,37470.749
600287.SH,20210121,5.45,5.48,5.4,5.44,21860.37,11898.287
600288.SH,20210121,10.05,10.06,9.81,9.93,15705.31,15591.437
600289.SH,20210121,4.08,4.21,3.99,4.07,24184.64,9936.747
600290.SH,20210121,2.44,2.55,2.33,2.55,216376.98,52844.386
600291.SH,20210121,5.02,5.05,4.95,5.03,156539.31,78237.371
600292.SH,20210121,6.19,6.43,6.17,6.22,252082.23,157678.449
600293.SH,20210121,2.58,2.73,2.52,2.68,245808.39,64740.949
600295.SH,20210121,10.88,12.18,10.76,12.18,302529.54,360448.891
600853.SH,20210121,2.54,2.57,2.54,2.56,32612.05,8338.287
600854.SH,20210121,3.51,3.55,3.49,3.52,24825.97,8742.292
600855.SH,20210121,15.59,15.7,15.3,15.53,95011.74,147509.654
600856.SH,20210121,1.19,1.19,1.16,1.18,27595.0,3242.618
600857.SH,20210121,8.16,8.35,8.16,8.26,4350.57,3588.392
600858.SH,20210121,6.13,6.19,6.08,6.08,9402.0,5763.639
600860.SH,20210121,4.21,4.4,4.21,4.37,12771.01,5532.549
600861.SH,20210121,14.31,15.1,14.05,14.78,82852.32,120161.004
600862.SH,20210121,36.61,38.45,36.36,37.1,232057.84,870064.915
600863.SH,20210121,2.45,2.48,2.44,2.44,252546.24,61981.248
600864.SH,20210121,6.69,6.82,6.64,6.67,479996.9,322533.194
600865.SH,20210121,7.85,7.85,7.61,7.73,40780.92,31527.642
600866.SH,20210121,4.43,4.52,4.41,4.48,53669.19,24017.061
600867.SH,20210121,11.9,12.06,11.85,11.94,132432.85,158265.334
600868.SH,20210121,2.99,3.01,2.98,2.99,131230.77,39330.385
600869.SH,20210121,3.45,3.48,3.4,3.43,90826.49,31239.168
600870.SH,20210121,2.93,2.96,2.85,2.86,35584.58,10313.415
600871.SH,20210121,1.98,1.99,1.96,1.97,308881.02,60981.326
600872.SH,20210121,65.82,68.66,65.82,67.77,104671.64,706086.096
600873.SH,20210121,5.25,5.59,5.19,5.49,1161337.69,633544.677
600874.SH,20210121,6.28,6.31,6.25,6.28,35510.32,22318.166
600875.SH,20210121,11.12,11.47,10.97,11.34,495363.7,558376.693
600876.SH,20210121,17.66,17.98,17.35,17.4,77779.02,137572.786
600877.SH,20210121,12.35,12.8,12.01,12.33,210843.42,262406.726
600879.SH,20210121,7.71,8.02,7.64,7.88,1112841.43,870439.341
600880.SH,20210121,3.68,3.69,3.61,3.66,62970.53,23031.216
600881.SH,20210121,2.91,2.95,2.9,2.93,248154.39,72437.512
600882.SH,20210121,61.35,64.22,60.31,60.92,73836.12,456600.819
600883.SH,20210121,7.08,7.08,6.94,6.96,9905.0,6921.333
600884.SH,20210121,17.4,18.62,17.08,18.35,950608.87,1718219.58
600885.SH,20210121,52.68,53.96,52.6,52.88,73356.34,390859.68
600886.SH,20210121,8.72,8.74,8.67,8.69,155660.9,135392.88
600887.SH,20210121,46.3,46.6,45.02,46.25,986226.42,4523282.666
600888.SH,20210121,5.64,5.9,5.61,5.79,297833.22,172324.922
600889.SH,20210121,4.33,4.74,4.32,4.74,69275.17,32218.078
600890.SH,20210121,3.9,4.01,3.8,3.83,232678.82,90209.882
600892.SH,20210121,3.07,3.12,3.06,3.07,22045.0,6818.132
600893.SH,20210121,69.89,75.24,69.25,73.08,708000.81,5137080.955
600894.SH,20210121,7.75,7.88,7.7,7.82,55573.23,43434.661
600895.SH,20210121,17.59,17.69,17.45,17.52,112298.94,197017.688
600896.SH,20210121,4.15,4.35,4.13,4.16,85982.9,36329.183
600897.SH,20210121,16.64,16.64,16.47,16.62,7013.68,11622.788
600898.SH,20210121,5.85,5.85,5.71,5.71,19027.21,10944.24
605123.SH,20210121,71.5,72.55,70.43,72.16,12382.12,88230.173
002172.SZ,20210121,3.9,3.91,3.65,3.91,1968345.66,762778.904
002168.SZ,20210121,3.9,4.08,3.85,4.01,238743.71,95325.03
600018.SH,20210121,4.66,4.7,4.61,4.68,394476.2,184055.887
002085.SZ,20210121,5.88,6.0,5.88,5.89,249185.3,147476.763
002080.SZ,20210121,27.06,27.81,26.9,27.45,229115.12,628085.652
002072.SZ,20210121,4.45,4.62,4.44,4.48,14641.99,6609.22
601588.SH,20210121,2.36,2.42,2.34,2.35,239515.89,56755.598
002073.SZ,20210121,4.4,4.42,4.33,4.39,108533.25,47500.104
002154.SZ,20210121,3.43,3.56,3.43,3.48,322928.31,112440.62
002086.SZ,20210121,1.67,1.71,1.65,1.69,27976.0,4704.694
600017.SH,20210121,2.83,2.88,2.83,2.88,174097.14,49629.301
002074.SZ,20210121,37.94,39.1,36.68,38.65,567716.23,2167800.249
601398.SH,20210121,5.16,5.17,5.1,5.13,2456775.13,1259494.67
002075.SZ,20210121,10.98,11.13,10.85,10.93,316784.08,347468.279
002088.SZ,20210121,11.41,11.98,11.38,11.92,84527.85,99775.968
002087.SZ,20210121,3.72,3.76,3.67,3.73,168725.34,62660.325
002092.SZ,20210121,7.77,8.23,7.76,7.95,1253388.72,999313.392
002089.SZ,20210121,1.73,1.75,1.72,1.74,48882.0,8462.835
002077.SZ,20210121,5.69,5.95,5.65,5.95,71030.77,41627.59
002079.SZ,20210121,10.25,10.53,10.23,10.36,182162.1,189581.735
002078.SZ,20210121,15.62,15.84,15.49,15.69,286377.22,448614.744
002091.SZ,20210121,6.53,6.69,6.47,6.6,166463.01,109931.205
002094.SZ,20210121,3.07,3.12,3.04,3.07,71456.92,22009.508
601872.SH,20210121,5.73,5.74,5.66,5.66,427013.85,242879.088
002095.SZ,20210121,13.72,14.09,13.51,13.85,23546.9,32575.739
002090.SZ,20210121,7.02,7.06,6.9,7.0,27601.76,19299.852
002083.SZ,20210121,3.95,3.99,3.9,3.97,175347.0,69188.17
002350.SZ,20210121,5.25,5.34,5.25,5.3,35858.59,18977.525
002098.SZ,20210121,5.22,5.24,5.15,5.19,24573.36,12780.293
002096.SZ,20210121,9.24,9.32,8.13,9.32,456821.46,412920.369
002097.SZ,20210121,8.2,8.43,8.17,8.31,147897.96,123133.533
002093.SZ,20210121,7.17,7.2,7.06,7.13,46067.18,32875.185
002099.SZ,20210121,8.89,9.05,8.86,8.97,128219.34,114866.801
002100.SZ,20210121,10.83,11.06,10.76,10.94,235924.91,257790.121
002101.SZ,20210121,6.57,6.6,6.45,6.58,44182.65,28848.483
002200.SZ,20210121,4.94,4.98,4.93,4.96,3218.53,1594.928
002102.SZ,20210121,1.55,1.56,1.52,1.53,123503.5,18907.672
601991.SH,20210121,2.44,2.46,2.42,2.45,245158.23,59769.731
002105.SZ,20210121,7.58,7.67,7.51,7.59,31269.05,23746.011
002103.SZ,20210121,4.03,4.12,4.01,4.06,52777.94,21496.587
002104.SZ,20210121,6.68,6.73,6.57,6.66,86393.1,57506.849
002110.SZ,20210121,6.65,6.68,6.61,6.63,129572.51,86118.855
601333.SH,20210121,2.21,2.22,2.2,2.2,202270.77,44632.422
002108.SZ,20210121,4.41,4.69,4.34,4.55,534062.73,240158.918
002106.SZ,20210121,12.32,12.73,12.22,12.65,288491.04,361695.848
002659.SZ,20210121,4.31,4.36,4.24,4.26,77296.75,33227.189
002674.SZ,20210121,14.01,14.28,13.89,13.96,24130.0,33832.081
002661.SZ,20210121,18.41,19.56,18.33,19.14,108992.36,207504.974
002155.SZ,20210121,7.92,8.02,7.87,7.94,160478.02,127590.384
002567.SZ,20210121,8.19,8.28,8.14,8.27,190944.94,157001.017
002535.SZ,20210121,1.48,1.53,1.48,1.5,81920.2,12297.915
002609.SZ,20210121,9.5,9.93,9.45,9.74,84107.32,82227.138
300165.SZ,20210121,4.69,4.92,4.57,4.6,97108.92,45544.053
300159.SZ,20210121,4.17,4.27,4.03,4.19,337736.0,140585.159
300223.SZ,20210121,79.66,80.88,78.36,80.12,42035.09,335075.584
300191.SZ,20210121,17.88,18.48,17.78,18.43,31013.63,56499.021
300160.SZ,20210121,7.45,7.69,7.38,7.57,197892.86,148618.801
300163.SZ,20210121,3.29,3.42,3.27,3.35,122417.0,41090.058
300164.SZ,20210121,3.68,3.74,3.63,3.69,108249.0,39895.104
002536.SZ,20210121,5.68,5.7,5.58,5.65,109653.25,61849.381
002557.SZ,20210121,61.58,64.96,60.66,64.86,125379.55,790653.856
002533.SZ,20210121,5.36,5.43,5.34,5.4,43600.13,23520.053
601890.SH,20210121,6.19,6.23,6.12,6.15,222889.89,137583.397
002539.SZ,20210121,8.45,8.67,8.35,8.45,260402.65,220994.614
300170.SZ,20210121,7.61,7.8,7.58,7.65,95765.15,73620.324
002537.SZ,20210121,5.93,6.18,5.85,6.02,226547.67,136404.56
300174.SZ,20210121,16.49,16.63,16.35,16.38,15004.91,24731.836
300166.SZ,20210121,10.43,10.6,10.29,10.39,148912.92,155452.867
300167.SZ,20210121,4.31,4.38,4.26,4.28,60817.61,26274.264
300175.SZ,20210121,4.88,5.27,4.88,5.13,202076.0,103771.526
300172.SZ,20210121,5.39,5.51,5.35,5.45,64399.38,35100.466
300171.SZ,20210121,15.98,16.61,15.91,16.22,70779.15,115454.32
300180.SZ,20210121,6.17,6.22,6.07,6.13,107879.09,66153.659
300194.SZ,20210121,4.71,4.82,4.68,4.78,216445.87,102746.027
002545.SZ,20210121,8.21,8.34,8.12,8.16,101092.02,82975.46
002550.SZ,20210121,4.01,4.08,4.0,4.04,32778.66,13252.325
002541.SZ,20210121,47.0,47.68,45.2,46.18,89491.44,411752.787
601116.SH,20210121,10.16,10.16,10.03,10.08,12919.0,13024.973
002570.SZ,20210121,5.17,5.27,5.13,5.24,195251.39,101607.14
002551.SZ,20210121,6.02,6.2,6.02,6.19,172605.26,105737.525
300178.SZ,20210121,3.47,3.76,3.47,3.59,187681.0,68156.237
300176.SZ,20210121,7.35,7.49,7.15,7.23,107026.1,77772.476
300177.SZ,20210121,10.42,10.84,10.3,10.69,271740.73,287853.749
002542.SZ,20210121,3.02,3.05,2.99,3.03,58372.0,17643.29
300181.SZ,20210121,6.4,6.62,6.39,6.52,114002.53,74301.78
601700.SH,20210121,4.47,4.54,4.46,4.49,49894.48,22473.979
601137.SH,20210121,11.65,11.92,11.52,11.72,141410.15,166036.965
002543.SZ,20210121,7.82,8.11,7.78,8.07,71544.5,56860.397
601519.SH,20210121,9.93,10.44,9.8,10.21,676544.23,687384.995
002552.SZ,20210121,12.34,12.5,12.34,12.41,6732.02,8358.964
300421.SZ,20210121,7.41,7.52,7.32,7.4,67008.01,49804.351
002739.SZ,20210121,20.15,20.22,18.97,19.09,634106.19,1228469.316
300411.SZ,20210121,8.39,8.54,8.3,8.37,52704.6,44317.49
603818.SH,20210121,8.04,8.1,7.89,7.94,13032.83,10388.657
300436.SZ,20210121,33.44,33.75,32.72,33.09,11814.0,39160.623
300505.SZ,20210121,15.93,16.23,15.88,15.98,16413.4,26376.853
002779.SZ,20210121,11.7,11.7,11.26,11.47,5805.0,6664.355
603701.SH,20210121,9.11,9.85,9.1,9.85,113823.04,109684.732
603788.SH,20210121,13.7,13.77,13.57,13.63,10710.73,14649.686
603355.SH,20210121,30.75,30.95,30.22,30.38,9809.87,29950.047
002770.SZ,20210121,1.61,1.67,1.59,1.63,140995.3,23088.307
603789.SH,20210121,13.18,13.28,13.1,13.15,17161.47,22539.872
300536.SZ,20210121,14.12,14.82,13.91,14.58,26372.85,38246.672
002781.SZ,20210121,8.22,8.38,8.14,8.38,86522.0,71621.55
603030.SH,20210121,4.48,4.54,4.4,4.47,67311.0,30057.38
601226.SH,20210121,3.9,3.94,3.86,3.86,71323.5,27744.949
603828.SH,20210121,4.49,4.56,4.35,4.45,78338.89,34598.637
601689.SH,20210121,49.95,50.87,48.89,49.97,158910.19,793352.578
603227.SH,20210121,4.1,4.19,4.1,4.15,62160.3,25768.111
603899.SH,20210121,94.83,97.15,94.79,95.99,34399.51,330865.094
603860.SH,20210121,20.39,20.74,20.39,20.56,1832.0,3768.893
300467.SZ,20210121,12.56,12.8,12.28,12.53,31351.0,39348.785
300501.SZ,20210121,17.05,17.55,17.0,17.14,20774.0,35831.572
300437.SZ,20210121,9.3,9.49,9.17,9.28,18876.4,17593.481
300415.SZ,20210121,16.1,16.62,15.89,16.11,203993.44,331476.239
300409.SZ,20210121,15.12,15.75,14.91,15.2,310806.72,474661.004
300530.SZ,20210121,30.01,30.24,29.5,29.59,4285.84,12763.623
300417.SZ,20210121,12.19,12.41,12.02,12.11,11629.12,14172.931
300452.SZ,20210121,17.0,17.39,16.61,16.7,48288.99,82042.167
002740.SZ,20210121,5.4,5.68,5.12,5.15,343052.67,181456.188
603369.SH,20210121,56.5,58.22,55.66,57.21,174090.4,990795.993
603011.SH,20210121,5.04,5.08,4.97,5.03,49746.0,25002.821
603698.SH,20210121,16.0,16.35,15.78,16.03,280840.61,450245.168
601021.SH,20210121,50.1,51.25,49.1,49.35,129280.26,645246.294
603320.SH,20210121,10.32,10.43,10.22,10.29,6765.4,6993.981
603606.SH,20210121,25.0,26.78,25.0,26.62,232010.87,607866.314
002742.SZ,20210121,5.24,5.26,5.14,5.23,31769.5,16521.969
300517.SZ,20210121,17.21,17.59,17.12,17.24,9767.0,16867.007
600936.SH,20210121,3.09,3.15,3.09,3.14,23912.28,7468.67
601606.SH,20210121,11.73,11.89,11.63,11.82,79552.55,93682.142
603589.SH,20210121,66.02,68.18,65.4,67.3,112489.49,750249.708
603159.SH,20210121,10.46,10.58,10.38,10.54,5965.2,6264.398
002759.SZ,20210121,24.52,24.56,23.18,23.51,259952.81,618311.235
002758.SZ,20210121,10.81,10.9,10.7,10.8,8685.25,9387.913
603690.SH,20210121,45.83,46.5,45.25,45.9,89241.71,408904.216
600297.SH,20210121,2.68,2.75,2.66,2.7,491826.46,133116.049
600298.SH,20210121,55.23,58.2,55.03,57.93,224146.85,1278963.58
600299.SH,20210121,12.74,13.16,12.23,13.12,308523.93,389957.053
600300.SH,20210121,4.0,4.15,3.95,4.1,552587.23,224440.191
600301.SH,20210121,6.99,7.3,6.99,7.14,10005.01,7149.152
600302.SH,20210121,3.97,4.03,3.95,4.02,21401.79,8553.644
600303.SH,20210121,3.73,4.09,3.62,4.09,545190.96,218180.547
600305.SH,20210121,24.92,25.62,24.35,25.27,190836.99,477672.957
600306.SH,20210121,5.28,5.32,5.13,5.19,3861.25,2003.486
600307.SH,20210121,1.58,1.62,1.57,1.59,451005.0,71926.805
600308.SH,20210121,5.41,5.52,5.38,5.47,198695.7,108601.724
600309.SH,20210121,111.2,116.7,110.49,113.44,243934.12,2788167.982
600310.SH,20210121,3.85,3.88,3.81,3.86,61859.74,23761.621
600311.SH,20210121,1.56,1.64,1.54,1.55,106487.0,16788.649
600312.SH,20210121,6.91,6.98,6.84,6.92,56194.83,38820.613
600313.SH,20210121,5.1,5.32,5.07,5.2,554123.5,289136.822
600315.SH,20210121,36.18,38.38,36.0,37.59,61884.86,231568.333
600316.SH,20210121,51.01,52.54,50.51,51.7,246639.82,1272289.564
600318.SH,20210121,8.56,8.92,8.44,8.7,139443.7,120854.808
600319.SH,20210121,6.21,6.21,6.21,6.21,469.0,291.249
600320.SH,20210121,3.59,3.66,3.54,3.61,400279.11,143523.226
600321.SH,20210121,2.09,2.14,2.07,2.12,151577.76,32088.209
600322.SH,20210121,2.2,2.25,2.19,2.21,91336.54,20306.786
600323.SH,20210121,24.2,24.22,23.67,24.15,35046.84,83755.771
600326.SH,20210121,6.98,7.09,6.95,7.01,87046.44,61091.46
600328.SH,20210121,6.51,6.61,6.47,6.56,50772.0,33262.291
600329.SH,20210121,17.49,17.65,17.45,17.49,31442.74,55096.084
600330.SH,20210121,10.53,11.23,10.48,11.06,890534.4,968034.052
600331.SH,20210121,2.14,2.25,2.12,2.19,381864.6,83969.276
600332.SH,20210121,29.96,30.24,29.76,29.94,68251.2,204326.551
600333.SH,20210121,6.07,6.4,5.98,6.24,457495.4,281706.84
600335.SH,20210121,4.7,5.18,4.62,5.18,604424.8,307804.02
600336.SH,20210121,7.67,7.97,7.61,7.82,260381.39,202662.283
600337.SH,20210121,5.46,5.51,5.38,5.42,122045.03,66453.354
600338.SH,20210121,9.39,9.79,9.27,9.49,265393.88,253560.418
600339.SH,20210121,2.83,2.86,2.8,2.83,242391.84,68564.672
600345.SH,20210121,17.08,17.25,17.0,17.15,10202.65,17495.823
600346.SH,20210121,38.55,41.74,38.5,41.36,364284.13,1471335.715
600350.SH,20210121,5.87,5.88,5.75,5.76,139115.11,80449.006
600356.SH,20210121,9.29,9.3,9.04,9.15,51560.0,47076.493
600358.SH,20210121,2.86,2.93,2.85,2.89,14988.94,4335.847
600359.SH,20210121,7.97,8.05,7.93,8.03,60130.81,48135.074
600360.SH,20210121,8.85,8.98,8.62,8.78,496426.37,434721.182
600361.SH,20210121,3.74,3.79,3.73,3.77,25011.97,9415.337
605399.SH,20210121,17.01,17.01,16.58,16.59,17427.41,29098.516
688266.SH,20210121,58.98,64.82,58.85,63.54,24188.84,150371.873
688365.SH,20210121,24.34,24.83,23.94,24.17,10004.62,24340.179
688555.SH,20210121,32.66,33.34,32.32,32.98,2470.9,8106.894
003002.SZ,20210121,13.69,13.84,13.56,13.63,26570.46,36344.03
300908.SZ,20210121,74.5,75.88,73.5,74.12,27621.37,205990.587
300927.SZ,20210121,39.12,39.5,37.26,37.59,67455.45,257077.737
300922.SZ,20210121,48.52,53.8,48.18,50.3,89326.07,458171.328
605177.SH,20210121,34.22,34.33,33.67,33.79,10631.87,36096.191
003000.SZ,20210121,13.54,13.92,13.39,13.76,34780.1,47638.891
300864.SZ,20210121,88.99,89.0,87.0,87.88,4644.36,40919.395
605255.SH,20210121,17.1,17.99,16.99,17.99,19991.57,35298.793
600438.SH,20210121,39.3,42.1,38.7,41.8,1613315.17,6543016.916
688228.SH,20210121,43.77,44.31,43.31,43.71,1714.98,7509.973
002996.SZ,20210121,13.35,14.5,13.25,13.82,86123.73,119330.559
300902.SZ,20210121,30.39,30.69,29.7,29.78,40518.66,121900.377
605186.SH,20210121,24.15,24.6,24.01,24.23,36172.71,87778.605
300882.SZ,20210121,24.65,24.97,24.14,24.37,20109.73,49336.367
300893.SZ,20210121,34.92,35.72,34.29,35.0,34378.77,120495.942
003005.SZ,20210121,44.86,45.08,44.46,44.76,9116.41,40825.317
605338.SH,20210121,40.73,43.23,40.73,43.23,20931.13,89673.545
300900.SZ,20210121,41.45,42.17,40.51,40.54,59997.21,248050.89
605336.SH,20210121,26.8,26.93,26.02,26.07,19217.42,50810.478
688004.SH,20210121,43.59,44.0,43.11,43.93,2461.99,10757.651
003023.SZ,20210121,32.2,33.09,31.9,32.56,18265.91,59191.406
300909.SZ,20210121,49.1,49.5,48.11,48.3,31991.48,155500.58
605007.SH,20210121,21.26,21.48,20.88,21.01,31714.99,66916.832
603112.SH,20210121,10.69,11.5,10.61,10.88,42058.92,46086.664
300891.SZ,20210121,17.98,19.33,17.62,18.92,188160.26,351440.708
605179.SH,20210121,18.89,19.88,18.75,19.49,104345.78,202712.126
003026.SZ,20210121,101.58,109.47,96.8,105.19,89332.93,902172.977
003028.SZ,20210121,37.65,38.45,36.9,37.82,32341.68,121718.536
003007.SZ,20210121,27.07,27.4,26.76,26.78,8503.78,23036.658
688408.SH,20210121,168.0,180.22,168.0,176.74,8250.15,144879.504
300881.SZ,20210121,31.49,32.0,30.73,30.89,30599.55,95106.037
601568.SH,20210121,8.66,8.78,8.61,8.72,86500.42,75254.623
300879.SZ,20210121,27.55,28.23,27.18,28.22,35000.58,97236.969
300876.SZ,20210121,39.0,40.8,38.8,39.32,18299.38,72595.306
003011.SZ,20210121,56.9,56.9,53.8,54.55,19166.0,104878.059
300931.SZ,20210121,16.2,17.43,14.44,16.2,387084.62,612490.388
600452.SH,20210121,17.78,17.8,17.21,17.51,37251.14,64923.164
600470.SH,20210121,4.09,4.21,4.08,4.19,53711.64,22444.335
688566.SH,20210121,24.04,24.28,23.95,24.11,3340.22,8048.793
688085.SH,20210121,38.46,40.55,38.09,39.89,21508.87,85399.103
688189.SH,20210121,44.01,45.99,43.77,45.55,13027.65,58723.338
002109.SZ,20210121,3.5,3.57,3.41,3.5,374772.92,130633.791
601002.SH,20210121,5.41,5.5,5.39,5.44,234589.55,127294.939
601628.SH,20210121,39.99,40.07,39.01,39.59,256638.9,1011670.102
002111.SZ,20210121,15.7,16.16,15.63,15.97,52384.17,83658.051
002107.SZ,20210121,9.3,9.54,9.01,9.07,191078.83,176263.75
002114.SZ,20210121,6.62,6.9,6.56,6.75,73921.6,50059.423
002115.SZ,20210121,6.01,6.08,5.94,6.0,74888.61,44907.531
002120.SZ,20210121,16.49,17.11,16.3,17.1,227817.81,383785.888
002117.SZ,20210121,8.07,8.12,7.98,8.04,48151.69,38747.391
002116.SZ,20210121,6.53,6.54,6.47,6.54,6078.03,3952.977
002130.SZ,20210121,5.88,6.14,5.8,6.09,532440.88,319732.161
002250.SZ,20210121,25.5,26.66,25.12,26.07,118218.74,307634.762
002113.SZ,20210121,1.24,1.25,1.22,1.24,142273.3,17600.586
601166.SH,20210121,23.45,23.8,23.22,23.41,1111980.24,2615377.662
002207.SZ,20210121,5.88,6.08,5.76,5.9,15640.0,9225.204
002118.SZ,20210121,2.83,2.89,2.82,2.85,188922.79,54017.121
002211.SZ,20210121,5.77,5.85,5.64,5.72,54055.02,31035.2
002216.SZ,20210121,25.69,28.11,25.53,28.11,321587.29,890136.886
002112.SZ,20210121,7.59,7.69,7.51,7.53,31757.0,24077.425
002463.SZ,20210121,18.7,18.9,18.38,18.64,251062.17,467951.953
002119.SZ,20210121,9.65,10.18,9.5,10.02,93047.47,92472.522
002135.SZ,20210121,6.32,6.32,6.19,6.22,92672.96,57769.63
601003.SH,20210121,5.97,5.99,5.87,5.9,136209.37,80759.408
601318.SH,20210121,85.36,85.41,83.8,84.44,1393055.4,11761468.222
601005.SH,20210121,1.45,1.49,1.44,1.46,510520.7,74722.426
002123.SZ,20210121,14.57,14.58,14.14,14.2,101220.99,145096.833
601007.SH,20210121,7.51,7.61,7.49,7.55,8717.03,6575.678
002125.SZ,20210121,7.77,8.14,7.61,7.79,762629.07,604683.763
002121.SZ,20210121,3.39,3.39,3.3,3.36,49439.64,16525.281
002122.SZ,20210121,1.93,2.03,1.93,2.03,77324.0,15426.361
601008.SH,20210121,3.8,3.84,3.76,3.83,128962.61,49262.025
002126.SZ,20210121,12.4,12.48,12.28,12.39,148381.47,183641.664
002124.SZ,20210121,14.5,14.7,14.4,14.58,220502.27,320503.68
002129.SZ,20210121,29.38,30.75,29.0,30.16,1070988.58,3211064.133
002127.SZ,20210121,9.63,9.68,9.23,9.52,1011915.33,960017.423
002131.SZ,20210121,3.05,3.12,3.03,3.08,1260156.67,388692.612
002132.SZ,20210121,2.89,2.96,2.86,2.91,310308.72,90634.458
002134.SZ,20210121,8.3,8.36,8.18,8.33,15042.0,12466.091
002133.SZ,20210121,2.98,2.98,2.91,2.92,38395.15,11313.584
000338.SZ,20210121,19.38,19.45,18.85,19.16,950653.62,1817943.145
002136.SZ,20210121,9.0,9.56,8.98,9.43,118388.09,111153.767
002128.SZ,20210121,9.98,10.32,9.95,10.12,339478.16,344410.887
601998.SH,20210121,5.13,5.18,5.11,5.14,254022.08,130681.425
601328.SH,20210121,4.54,4.57,4.53,4.54,1023648.94,465516.675
601600.SH,20210121,3.52,3.75,3.49,3.68,2367488.38,863740.665
300183.SZ,20210121,15.45,15.63,15.24,15.5,55499.48,85796.188
300197.SZ,20210121,3.05,3.05,2.96,2.98,117735.0,35219.828
300193.SZ,20210121,7.25,7.57,7.25,7.48,39762.9,29717.49
601799.SH,20210121,200.6,211.69,196.51,209.29,23360.8,479099.657
002546.SZ,20210121,3.82,3.85,3.79,3.82,46709.8,17870.942
300353.SZ,20210121,8.18,8.28,8.02,8.17,67656.51,55280.662
300182.SZ,20210121,3.3,3.39,3.27,3.31,460266.53,152968.51
300184.SZ,20210121,4.81,4.89,4.74,4.81,127535.87,61564.788
601616.SH,20210121,3.01,3.07,2.99,3.02,66160.36,20068.486
002769.SZ,20210121,5.92,5.98,5.85,5.9,24431.6,14436.348
002555.SZ,20210121,30.7,33.2,30.36,32.8,811814.36,2602781.618
002548.SZ,20210121,8.72,8.93,8.63,8.87,185943.97,163672.88
002558.SZ,20210121,18.15,18.79,18.0,18.44,136658.72,252886.665
300340.SZ,20210121,10.73,13.01,10.65,13.01,331603.42,407788.526
300203.SZ,20210121,12.62,13.33,12.58,13.05,99455.89,129757.607
002706.SZ,20210121,31.0,31.8,29.76,30.08,79381.92,244247.46
300229.SZ,20210121,9.21,9.47,9.18,9.3,186916.13,174015.115
002559.SZ,20210121,5.07,5.16,5.03,5.11,36285.0,18484.011
601789.SH,20210121,3.86,3.93,3.85,3.89,63798.15,24864.539
601216.SH,20210121,4.55,4.73,4.48,4.65,1839589.89,847173.737
300195.SZ,20210121,5.56,5.62,5.48,5.57,107517.72,59691.944
300188.SZ,20210121,20.58,21.32,20.45,21.23,109511.1,229609.563
002553.SZ,20210121,12.01,12.94,11.82,12.26,481477.56,588958.301
300205.SZ,20210121,9.42,9.85,9.42,9.67,50816.92,49075.215
300198.SZ,20210121,4.14,4.19,4.08,4.13,81363.0,33678.718
300220.SZ,20210121,15.01,15.34,14.76,14.79,35024.4,52435.278
002556.SZ,20210121,8.3,8.38,8.18,8.23,88648.92,73013.851
300185.SZ,20210121,3.38,3.59,3.34,3.48,1414041.12,490813.106
300345.SZ,20210121,3.65,3.78,3.58,3.73,162944.2,60150.154
300187.SZ,20210121,6.02,6.07,5.93,6.0,37184.03,22350.786
300196.SZ,20210121,17.17,17.63,16.8,16.98,78680.98,135040.462
300190.SZ,20210121,6.94,7.27,6.91,7.18,124919.04,88800.898
601011.SH,20210121,3.9,4.07,3.87,4.02,536207.78,214629.529
601258.SH,20210121,1.0,1.0,0.99,0.99,275888.06,27392.973
002560.SZ,20210121,7.3,7.36,7.18,7.27,56336.97,40974.544
002565.SZ,20210121,4.41,4.56,4.35,4.44,237415.92,105680.77
002577.SZ,20210121,11.56,11.75,11.5,11.61,19566.19,22756.957
300189.SZ,20210121,4.44,4.59,4.34,4.53,568334.9,254299.744
300192.SZ,20210121,12.77,13.06,12.6,12.79,56535.5,72703.981
300211.SZ,20210121,7.81,7.87,7.64,7.83,61550.11,47687.151
300375.SZ,20210121,4.6,4.71,4.54,4.65,116051.53,53734.527
601992.SH,20210121,2.95,2.96,2.93,2.94,156182.02,45963.034
002563.SZ,20210121,8.98,9.03,8.74,8.87,134877.9,119511.039
601199.SH,20210121,3.76,3.77,3.73,3.75,25019.33,9388.733
300214.SZ,20210121,8.06,8.06,7.93,7.99,14452.04,11544.886
603977.SH,20210121,7.0,7.08,6.93,6.99,28176.28,19644.794
603317.SH,20210121,66.59,72.44,66.55,71.86,54996.27,385822.115
300470.SZ,20210121,42.89,44.82,42.73,44.6,34497.09,152050.999
300519.SZ,20210121,14.88,15.55,14.88,15.04,48484.0,73725.99
601212.SH,20210121,2.66,2.76,2.66,2.71,717742.72,194882.515
601366.SH,20210121,6.83,6.86,6.78,6.84,48389.46,33001.826
603900.SH,20210121,6.24,6.35,6.17,6.28,34566.6,21712.525
300460.SZ,20210121,14.83,15.25,14.8,14.86,50294.8,75645.517
300425.SZ,20210121,4.37,4.4,4.32,4.37,30598.57,13391.006
300414.SZ,20210121,10.96,11.01,10.75,10.91,41699.1,45427.256
603616.SH,20210121,5.45,5.58,5.41,5.46,35425.0,19431.463
603825.SH,20210121,15.72,15.95,15.53,15.77,41807.36,65904.413
603936.SH,20210121,11.63,11.92,11.63,11.82,49814.93,58747.889
603600.SH,20210121,13.66,13.88,13.51,13.7,28511.11,39140.414
603800.SH,20210121,8.74,8.92,8.7,8.8,6839.0,6025.537
603315.SH,20210121,11.26,11.31,11.22,11.3,15318.0,17237.204
603367.SH,20210121,13.13,13.24,13.12,13.14,13027.75,17178.217
603060.SH,20210121,23.01,23.48,22.7,22.77,31467.46,72472.065
300453.SZ,20210121,15.92,16.28,15.85,16.0,57528.68,92330.412
300506.SZ,20210121,4.67,5.63,4.59,5.63,504289.84,264942.739
300533.SZ,20210121,23.15,23.93,23.12,23.78,13910.66,32945.82
300518.SZ,20210121,36.16,42.0,35.51,39.92,28167.92,108773.293
300410.SZ,20210121,6.81,6.91,6.74,6.9,79822.42,54504.097
603018.SH,20210121,10.28,10.31,10.2,10.23,39229.68,40233.388
601966.SH,20210121,42.6,43.58,42.06,43.03,120960.74,518338.89
002751.SZ,20210121,17.71,18.18,17.61,17.88,17741.0,31696.942
603338.SH,20210121,106.77,108.78,105.5,106.35,26951.88,288489.639
002923.SZ,20210121,16.45,16.59,16.28,16.45,6052.8,9948.014
300395.SZ,20210121,51.4,55.58,51.4,54.59,65330.87,353756.724
603222.SH,20210121,10.66,10.78,10.61,10.66,110098.0,117682.761
603108.SH,20210121,13.1,13.42,12.8,13.27,128189.94,168516.942
002813.SZ,20210121,34.31,35.44,31.8,32.25,213286.73,709532.105
300516.SZ,20210121,30.07,30.49,29.99,30.08,12568.5,37989.163
300447.SZ,20210121,14.41,14.75,14.3,14.52,41389.0,60351.767
300510.SZ,20210121,5.14,5.58,5.05,5.41,196613.79,104544.645
300420.SZ,20210121,5.47,5.49,5.34,5.38,98453.0,53090.964
002823.SZ,20210121,10.02,10.06,9.85,9.94,15527.55,15471.938
601611.SH,20210121,7.86,8.24,7.8,8.05,613789.77,492791.689
300364.SZ,20210121,9.14,9.32,8.91,8.96,328426.77,299269.246
603022.SH,20210121,10.75,11.0,10.7,10.89,10430.0,11306.233
002820.SZ,20210121,10.27,10.43,10.23,10.32,10908.73,11252.731
603929.SH,20210121,10.95,11.32,10.95,11.19,12735.0,14210.346
603085.SH,20210121,8.75,8.94,8.69,8.88,16349.29,14445.167
300520.SZ,20210121,19.34,19.68,18.98,19.4,60325.05,116513.689
603268.SH,20210121,16.47,16.69,16.22,16.22,7098.6,11694.043
600362.SH,20210121,21.38,23.05,21.19,22.92,776070.89,1734208.022
600363.SH,20210121,27.68,27.8,26.92,27.02,144676.84,393970.573
600365.SH,20210121,2.43,2.51,2.41,2.46,59677.0,14648.875
600366.SH,20210121,6.2,6.81,6.18,6.6,729226.71,479038.494
600367.SH,20210121,6.86,7.17,6.85,6.97,56351.44,39468.443
600368.SH,20210121,3.42,3.45,3.4,3.43,58127.98,19923.755
600369.SH,20210121,5.15,5.28,5.14,5.21,354529.15,184765.982
600372.SH,20210121,20.75,21.12,20.52,20.68,249730.12,518588.778
600373.SH,20210121,9.83,10.03,9.79,9.79,174800.49,172336.47
000739.SZ,20210121,23.96,24.91,23.85,24.79,209070.71,510342.536
000750.SZ,20210121,5.48,5.61,5.45,5.51,1196353.89,660852.132
000751.SZ,20210121,3.18,3.33,3.13,3.27,370120.19,120546.705
000752.SZ,20210121,3.36,3.53,3.36,3.53,12918.01,4511.126
000753.SZ,20210121,2.75,2.76,2.72,2.75,38442.8,10561.426
000755.SZ,20210121,3.25,3.25,3.2,3.23,20737.0,6705.294
000756.SZ,20210121,8.83,8.9,8.83,8.89,12269.8,10889.207
000757.SZ,20210121,4.05,4.07,4.01,4.06,30038.0,12148.792
000758.SZ,20210121,4.8,5.34,4.79,5.34,939282.09,490824.871
000759.SZ,20210121,6.03,6.07,5.98,5.99,25084.0,15121.005
000761.SZ,20210121,3.11,3.11,3.08,3.09,30475.88,9419.599
000762.SZ,20210121,16.8,17.97,16.51,17.0,492557.76,848394.93
000766.SZ,20210121,3.22,3.28,3.18,3.23,98898.19,31920.074
000767.SZ,20210121,3.59,3.67,3.52,3.57,1310388.92,470080.49
000768.SZ,20210121,34.81,35.5,34.43,34.98,457307.19,1598124.977
000776.SZ,20210121,17.44,17.77,17.15,17.33,1231327.4,2145074.989
000777.SZ,20210121,13.68,14.07,13.57,13.96,124508.64,172965.867
000778.SZ,20210121,3.81,3.85,3.78,3.8,314290.61,120055.885
000779.SZ,20210121,9.25,9.61,9.19,9.48,17257.0,16243.701
000780.SZ,20210121,4.29,4.39,4.26,4.39,363943.24,158753.044
000782.SZ,20210121,3.01,3.06,2.99,3.03,22252.0,6752.241
000783.SZ,20210121,8.12,8.31,8.11,8.18,373278.1,306524.519
000785.SZ,20210121,7.55,7.59,7.47,7.5,11365.72,8551.839
000786.SZ,20210121,50.99,52.3,49.93,51.25,162859.24,831153.399
000788.SZ,20210121,5.89,5.93,5.86,5.88,26324.0,15509.06
000789.SZ,20210121,12.95,13.22,12.9,13.17,128284.28,167870.839
000790.SZ,20210121,4.32,4.76,4.32,4.57,219872.47,102650.141
000791.SZ,20210121,4.05,4.15,3.98,4.07,357140.62,145015.562
000793.SZ,20210121,2.33,2.41,2.3,2.36,439491.07,103885.631
000795.SZ,20210121,5.77,6.2,5.7,5.88,1040737.85,622323.802
000796.SZ,20210121,8.91,9.1,8.74,8.95,107151.0,95652.405
000797.SZ,20210121,3.05,3.1,3.04,3.06,68524.84,21023.99
000798.SZ,20210121,9.96,10.32,9.65,9.8,250232.0,247322.838
000799.SZ,20210121,179.0,189.9,175.3,184.4,206224.84,3747694.188
000800.SZ,20210121,11.27,11.44,11.14,11.31,172670.74,194443.893
000801.SZ,20210121,6.33,6.38,6.27,6.3,94124.77,59430.595
688396.SH,20210121,70.8,71.59,69.18,70.71,111267.31,784342.824
688165.SH,20210121,12.3,12.48,12.0,12.01,32561.13,39755.843
688081.SH,20210121,29.42,29.67,29.12,29.4,2412.87,7090.987
688579.SH,20210121,13.12,13.29,12.96,13.05,6611.96,8671.521
688518.SH,20210121,14.03,14.49,13.93,14.36,15236.31,21762.43
688360.SH,20210121,29.01,29.99,29.0,29.23,2813.32,8302.765
688516.SH,20210121,76.35,79.99,74.09,77.77,10778.76,83813.746
688500.SH,20210121,39.5,39.5,38.48,38.8,3994.16,15522.855
300877.SZ,20210121,48.75,49.81,48.03,49.28,17416.0,85291.746
300917.SZ,20210121,39.5,39.74,38.17,38.3,42426.24,164019.468
605376.SH,20210121,43.39,46.97,42.92,44.33,145242.2,651251.512
300906.SZ,20210121,61.1,66.0,59.24,64.33,108678.97,684667.43
605018.SH,20210121,15.25,15.25,15.25,15.25,14537.04,22168.986
003015.SZ,20210121,13.53,13.59,13.31,13.42,46997.92,63176.244
300930.SZ,20210121,40.0,40.0,36.28,36.48,162585.35,626278.785
300907.SZ,20210121,34.88,34.98,33.56,33.96,44619.24,152225.858
605005.SH,20210121,11.12,11.12,11.12,11.12,896.06,996.419
003029.SZ,20210121,23.0,25.0,22.76,23.96,95846.46,229006.61
300923.SZ,20210121,36.17,36.35,35.11,35.64,31227.15,111829.168
003017.SZ,20210121,45.31,46.19,45.11,45.71,6483.0,29561.952
605277.SH,20210121,23.88,23.88,23.36,23.42,44968.13,105998.74
603931.SH,20210121,38.89,39.24,38.31,38.62,10221.87,39671.113
300905.SZ,20210121,57.72,58.6,57.05,57.08,16209.88,93472.53
605058.SH,20210121,22.08,22.34,21.81,21.97,19445.55,42888.546
605155.SH,20210121,23.97,25.72,23.5,25.72,78519.93,196909.377
605258.SH,20210121,33.8,34.29,33.15,33.38,19924.87,66808.117
003018.SZ,20210121,12.46,12.48,12.1,12.11,38803.17,47480.089
300872.SZ,20210121,37.41,38.44,36.83,36.83,29515.0,110497.445
601686.SH,20210121,12.66,12.71,12.38,12.51,80637.32,100849.845
601658.SH,20210121,5.45,5.65,5.36,5.59,3761158.0,2087281.61
300926.SZ,20210121,29.56,29.6,27.85,27.88,108235.72,309250.168
603155.SH,20210121,34.92,34.99,34.5,34.65,11437.75,39683.84
605068.SH,20210121,34.0,35.0,33.5,35.0,33008.73,112955.952
600035.SH,20210121,2.84,2.84,2.82,2.82,36119.0,10226.535
600479.SH,20210121,8.5,8.58,8.47,8.51,50857.35,43339.035
600284.SH,20210121,5.98,6.0,5.95,5.97,22718.28,13571.513
688096.SH,20210121,16.59,16.73,16.51,16.63,3167.82,5259.631
003030.SZ,20210121,36.31,40.37,36.12,40.37,96419.1,374366.828
688339.SH,20210121,266.0,272.71,261.0,269.0,7157.8,190854.359
688177.SH,20210121,32.18,32.93,32.06,32.68,8413.25,27400.753
688222.SH,20210121,28.96,30.85,28.96,29.75,17684.9,53192.661
688318.SH,20210121,204.5,212.22,202.1,209.0,11215.88,232735.249
688037.SH,20210121,108.0,109.42,103.55,104.73,13387.53,141956.588
300999.SZ,20210121,137.55,142.5,133.5,137.31,536208.4,7368666.103
600463.SH,20210121,5.7,5.76,5.55,5.73,9521.0,5408.476
002139.SZ,20210121,8.48,9.23,8.42,9.14,629194.57,563705.437
002248.SZ,20210121,5.15,5.26,5.15,5.16,16110.01,8386.246
002137.SZ,20210121,6.01,6.09,5.96,6.06,35424.81,21399.436
002138.SZ,20210121,26.48,27.08,26.35,26.8,178315.7,475965.399
002170.SZ,20210121,3.76,3.86,3.74,3.83,94111.67,36010.008
002140.SZ,20210121,6.41,6.48,6.33,6.42,18869.39,12094.888
002261.SZ,20210121,7.23,7.32,7.14,7.28,147495.69,106857.754
601919.SH,20210121,14.12,14.79,13.75,14.57,1686173.19,2420939.445
002263.SZ,20210121,4.2,4.26,3.5,3.68,5265802.46,2046159.161
601168.SH,20210121,13.84,14.45,13.67,14.2,603196.92,852519.792
002144.SZ,20210121,9.16,9.16,9.03,9.09,23784.0,21628.149
002142.SZ,20210121,38.65,39.47,38.5,38.8,245575.54,958126.778
601009.SH,20210121,8.35,8.5,8.33,8.35,558298.85,470056.89
002371.SZ,20210121,229.0,231.7,222.07,225.1,95172.62,2157469.254
002159.SZ,20210121,10.45,10.64,10.39,10.44,6935.62,7282.997
002148.SZ,20210121,3.96,4.03,3.92,3.98,33119.71,13200.032
002152.SZ,20210121,10.12,10.22,10.0,10.15,182000.07,184563.303
002150.SZ,20210121,5.89,5.93,5.82,5.88,11008.1,6479.176
002705.SZ,20210121,54.58,57.34,53.68,57.15,71538.18,399862.385
002232.SZ,20210121,13.3,13.5,13.11,13.42,246399.56,327362.891
002183.SZ,20210121,4.32,4.35,4.27,4.31,102766.44,44286.073
002185.SZ,20210121,15.4,15.5,15.02,15.16,1492377.63,2269326.341
601088.SH,20210121,18.75,19.08,18.74,18.9,487884.44,922631.685
002304.SZ,20210121,192.0,196.84,188.88,194.14,161579.52,3121685.185
002189.SZ,20210121,20.95,21.1,20.16,20.7,80059.97,165550.739
601857.SH,20210121,4.25,4.28,4.24,4.25,717675.21,305833.117
002188.SZ,20210121,2.4,2.52,2.33,2.51,36358.0,9007.603
002187.SZ,20210121,8.05,8.07,7.9,7.97,28120.0,22446.482
603861.SH,20210121,7.87,7.91,7.7,7.71,8326.0,6459.601
002186.SZ,20210121,9.82,9.83,9.69,9.8,10585.11,10346.508
002544.SZ,20210121,15.36,15.4,15.0,15.27,120888.01,184060.425
002182.SZ,20210121,12.08,12.78,12.0,12.5,180698.5,224818.078
002184.SZ,20210121,13.53,14.0,13.3,13.95,39758.93,54446.751
002196.SZ,20210121,6.37,6.42,6.25,6.35,145148.4,91805.246
002208.SZ,20210121,9.03,9.03,8.83,8.87,94306.32,84138.104
002193.SZ,20210121,6.28,6.33,6.24,6.26,10564.11,6632.41
002190.SZ,20210121,26.2,27.26,26.02,26.62,42748.44,114067.153
002191.SZ,20210121,10.0,10.95,9.96,10.6,717960.53,750556.316
002195.SZ,20210121,2.14,2.24,2.13,2.19,1588569.88,349082.269
002181.SZ,20210121,4.03,4.07,4.0,4.03,25378.51,10250.943
002194.SZ,20210121,14.58,14.59,14.15,14.37,104125.28,149506.961
002199.SZ,20210121,6.19,6.29,6.14,6.25,16954.01,10546.565
002198.SZ,20210121,4.74,4.89,4.74,4.77,46796.44,22493.528
601390.SH,20210121,5.65,5.65,5.51,5.6,988407.42,552957.232
601918.SH,20210121,2.91,3.02,2.86,2.96,706056.19,207855.664
300204.SZ,20210121,9.04,9.15,8.77,8.94,29897.55,26583.127
300200.SZ,20210121,10.57,10.6,10.18,10.31,79430.12,82145.562
300199.SZ,20210121,5.91,6.13,5.91,5.98,71243.37,42753.519
002562.SZ,20210121,5.38,5.41,5.27,5.29,121157.6,64319.957
002564.SZ,20210121,3.22,3.55,3.22,3.4,427483.84,144811.545
002571.SZ,20210121,11.28,11.5,11.0,11.3,68108.01,76140.398
002568.SZ,20210121,116.0,119.99,114.45,116.25,49934.95,582749.982
300201.SZ,20210121,2.95,3.03,2.93,2.95,104949.56,31160.591
300366.SZ,20210121,8.5,8.78,8.37,8.55,126824.89,108813.433
603328.SH,20210121,7.64,7.72,7.64,7.68,29888.0,22969.87
002579.SZ,20210121,11.95,12.15,11.92,12.05,20282.66,24448.844
601218.SH,20210121,3.95,4.08,3.9,4.04,180009.52,72088.747
002581.SZ,20210121,13.63,14.02,13.61,13.72,127783.0,176069.718
002572.SZ,20210121,27.2,27.52,27.03,27.22,57604.32,156931.051
002576.SZ,20210121,10.4,10.57,10.33,10.51,23017.14,24155.692
002574.SZ,20210121,4.47,4.48,4.43,4.44,17325.0,7722.393
002573.SZ,20210121,5.04,5.08,5.02,5.05,24528.0,12398.644
300202.SZ,20210121,7.98,8.13,7.88,8.02,110381.57,88763.143
300206.SZ,20210121,16.78,17.38,16.68,17.25,148405.02,253536.528
603006.SH,20210121,9.65,9.66,9.5,9.54,19661.0,18800.59
002575.SZ,20210121,3.73,3.88,3.72,3.83,35266.1,13414.698
300282.SZ,20210121,4.25,4.37,4.25,4.27,65560.14,28256.606
300208.SZ,20210121,11.37,11.48,10.96,11.12,233995.32,261929.003
300209.SZ,20210121,9.31,9.45,9.15,9.21,76477.0,71019.291
300210.SZ,20210121,4.29,4.35,4.2,4.29,66116.8,28244.549
601566.SH,20210121,11.45,11.45,11.1,11.17,13549.02,15196.269
002580.SZ,20210121,5.75,5.83,5.69,5.72,124126.4,71300.584
601113.SH,20210121,3.36,3.46,3.35,3.36,53939.52,18334.07
300207.SZ,20210121,25.85,26.04,25.48,25.87,276190.2,711396.834
002578.SZ,20210121,3.14,3.23,3.13,3.19,78252.04,24985.576
300212.SZ,20210121,30.89,31.53,30.54,30.64,91118.9,281752.477
601233.SH,20210121,25.77,27.3,25.55,26.52,624719.17,1667979.686
601208.SH,20210121,12.17,12.21,11.78,12.01,93601.0,112062.22
300213.SZ,20210121,6.94,7.0,6.83,6.91,122899.49,85164.621
300218.SZ,20210121,10.1,10.1,9.85,9.95,37969.0,37821.544
300402.SZ,20210121,15.38,15.95,15.19,15.49,52217.0,81759.289
002582.SZ,20210121,13.08,13.24,13.01,13.12,109574.84,144158.133
002584.SZ,20210121,6.17,6.17,6.17,6.17,77161.65,47608.738
300215.SZ,20210121,6.8,6.88,6.71,6.84,39854.94,27159.731
300225.SZ,20210121,19.0,19.38,18.23,19.0,272203.72,510609.48
300257.SZ,20210121,14.65,14.65,14.3,14.4,55543.69,80367.015
300219.SZ,20210121,10.12,10.24,10.01,10.12,29201.49,29549.475
601222.SH,20210121,8.11,8.42,7.97,8.26,622816.14,510472.437
300222.SZ,20210121,9.72,9.88,9.48,9.67,146375.8,141635.589
300217.SZ,20210121,3.36,3.42,3.32,3.34,326965.4,109872.169
603508.SH,20210121,23.18,23.18,22.71,22.79,13742.22,31399.339
603131.SH,20210121,24.44,25.13,23.66,24.83,75618.46,184904.265
300659.SZ,20210121,59.0,60.5,56.15,56.9,116709.92,680371.064
002852.SZ,20210121,13.99,14.23,13.91,14.01,33112.05,46437.099
603960.SH,20210121,41.1,41.33,38.9,39.13,57808.53,228678.302
603896.SH,20210121,37.19,38.15,37.19,37.98,12359.61,46527.38
603138.SH,20210121,13.33,13.5,13.16,13.34,17090.26,22797.384
603903.SH,20210121,10.77,10.83,10.61,10.73,15064.72,16151.917
603768.SH,20210121,16.55,16.86,16.4,16.77,9014.0,15066.297
603991.SH,20210121,42.91,43.33,42.06,42.86,5566.7,23748.077
300647.SZ,20210121,10.4,10.73,10.3,10.35,90683.0,94766.765
300800.SZ,20210121,27.71,27.96,27.55,27.6,6951.0,19290.524
603396.SH,20210121,38.27,41.16,38.06,40.02,42627.6,170595.311
603179.SH,20210121,38.03,39.28,37.7,38.48,18137.21,69945.089
603787.SH,20210121,30.0,30.67,29.52,29.87,29317.12,87934.424
601952.SH,20210121,12.92,13.09,12.83,12.95,148130.31,191905.347
300593.SZ,20210121,33.29,34.12,32.29,32.99,106835.31,356478.092
300577.SZ,20210121,24.23,25.52,24.05,25.28,12694.05,31688.459
603920.SH,20210121,24.58,24.85,23.89,23.94,32021.28,77350.516
002774.SZ,20210121,5.76,5.83,5.74,5.78,6265.0,3625.457
300867.SZ,20210121,30.79,31.1,30.46,30.68,21140.49,65046.427
603385.SH,20210121,11.01,11.07,10.85,10.86,21811.3,23862.148
603178.SH,20210121,8.45,8.52,8.31,8.32,12153.95,10213.308
603133.SH,20210121,11.63,11.63,11.31,11.32,44444.0,50776.097
603078.SH,20210121,33.88,34.2,33.0,33.64,17438.73,58504.728
002875.SZ,20210121,8.45,8.56,8.41,8.44,8631.76,7311.314
002862.SZ,20210121,9.32,9.47,9.22,9.33,25019.0,23436.408
603096.SH,20210121,46.66,46.66,45.2,45.66,4107.17,18741.219
603803.SH,20210121,9.34,9.41,9.21,9.23,24007.94,22317.885
002906.SZ,20210121,32.87,35.66,32.5,35.66,181086.34,622334.129
688398.SH,20210121,45.23,45.48,44.65,45.11,3303.0,14867.845
603758.SH,20210121,9.01,9.09,8.92,9.03,19367.17,17425.387
603050.SH,20210121,11.39,11.69,11.25,11.53,31071.1,35713.989
603180.SH,20210121,53.93,55.27,53.4,53.9,13458.76,73025.663
300756.SZ,20210121,20.19,20.56,20.0,20.13,6000.64,12135.635
603113.SH,20210121,18.22,19.8,18.15,19.45,241929.25,463956.096
603536.SH,20210121,17.31,18.13,17.2,17.62,18740.6,33267.122
603906.SH,20210121,33.14,34.8,32.47,33.83,92464.16,312025.278
603041.SH,20210121,13.77,13.95,13.66,13.78,8329.6,11507.726
300787.SZ,20210121,39.53,39.63,38.7,39.22,16093.49,63031.706
002878.SZ,20210121,20.19,20.58,19.74,19.83,20421.82,40638.09
300629.SZ,20210121,25.45,25.49,24.61,24.73,55930.19,139264.888
300583.SZ,20210121,20.84,21.34,20.74,21.11,5166.0,10911.152
003020.SZ,20210121,32.5,33.0,32.23,32.25,13653.44,44384.493
603826.SH,20210121,34.9,36.04,34.01,35.9,17795.0,63021.995
000802.SZ,20210121,4.79,4.94,4.71,4.8,125560.93,60353.138
000803.SZ,20210121,14.55,14.59,14.45,14.54,2520.18,3658.258
000806.SZ,20210121,1.56,1.58,1.55,1.57,40393.0,6316.785
000807.SZ,20210121,6.88,7.55,6.79,7.43,1710266.56,1242690.987
000809.SZ,20210121,1.87,1.94,1.87,1.91,53524.26,10220.942
000810.SZ,20210121,7.89,8.22,7.86,8.13,92621.39,74737.158
000811.SZ,20210121,7.3,7.45,7.25,7.39,107791.81,79226.527
000812.SZ,20210121,3.18,3.4,3.13,3.3,443871.59,144305.118
000813.SZ,20210121,4.42,4.49,4.34,4.34,238204.21,104515.283
000815.SZ,20210121,5.83,5.83,5.7,5.73,97631.06,56261.832
000816.SZ,20210121,3.36,3.52,3.32,3.42,959554.57,327743.766
000818.SZ,20210121,23.02,23.18,22.54,22.9,154623.87,353213.878
000819.SZ,20210121,6.33,6.47,6.32,6.39,11172.7,7148.008
000820.SZ,20210121,1.17,1.18,1.14,1.15,40993.0,4754.638
000821.SZ,20210121,8.22,8.48,8.1,8.15,214367.97,177084.802
000822.SZ,20210121,3.74,3.85,3.73,3.8,74321.01,28242.468
000823.SZ,20210121,11.38,11.45,11.24,11.33,68847.01,78100.463
000825.SZ,20210121,3.76,3.82,3.74,3.77,367090.52,138992.598
000828.SZ,20210121,9.03,9.13,8.97,9.01,94833.59,85631.296
000829.SZ,20210121,7.09,7.11,6.93,6.97,156387.32,109200.011
000830.SZ,20210121,14.52,14.89,14.32,14.57,488410.48,714914.599
000831.SZ,20210121,16.5,17.64,16.38,17.64,771191.4,1332059.102
000833.SZ,20210121,4.47,4.64,4.42,4.57,58742.0,26783.938
000835.SZ,20210121,1.48,1.49,1.43,1.44,38265.0,5551.885
000836.SZ,20210121,2.74,2.79,2.72,2.75,109696.66,30235.991
000837.SZ,20210121,7.0,7.08,6.98,7.06,40834.97,28752.102
000838.SZ,20210121,2.63,2.68,2.62,2.65,33554.9,8891.165
000839.SZ,20210121,2.18,2.41,2.17,2.41,738780.08,173837.484
000848.SZ,20210121,6.77,6.81,6.72,6.76,136587.39,92373.193
000850.SZ,20210121,3.71,3.76,3.67,3.74,55186.0,20599.809
000851.SZ,20210121,7.0,7.11,6.9,7.0,217936.73,152611.573
000852.SZ,20210121,4.44,4.45,4.39,4.43,39999.35,17675.547
000856.SZ,20210121,6.84,6.91,6.8,6.82,26449.0,18116.118
000858.SZ,20210121,285.8,298.99,285.5,296.95,294023.9,8608576.887
000859.SZ,20210121,5.11,5.17,5.08,5.11,72913.39,37354.806
000860.SZ,20210121,68.87,71.79,68.51,71.69,79448.54,559273.928
000861.SZ,20210121,2.38,2.4,2.33,2.34,290088.54,68397.472
000862.SZ,20210121,3.87,3.96,3.81,3.93,126165.86,49232.275
000863.SZ,20210121,4.88,5.14,4.83,5.07,129012.17,65216.206
000868.SZ,20210121,3.72,3.79,3.64,3.71,75210.85,27968.664
000869.SZ,20210121,40.24,40.57,39.46,40.03,36608.58,146546.893
000876.SZ,20210121,21.98,22.49,21.87,22.29,369404.43,819234.658
000877.SZ,20210121,15.51,15.83,15.41,15.58,193772.78,302704.698
000878.SZ,20210121,13.94,14.5,13.81,14.35,370846.61,528803.13
600594.SH,20210121,5.07,5.14,5.05,5.07,163859.22,83384.0
688188.SH,20210121,301.19,302.0,290.49,291.74,2806.02,82349.051
600543.SH,20210121,7.97,8.24,7.8,8.07,285542.33,227817.478
600455.SH,20210121,18.4,18.51,18.05,18.2,5267.86,9618.29
600405.SH,20210121,6.42,6.61,6.39,6.44,402324.96,261512.057
600467.SH,20210121,2.66,2.74,2.63,2.7,317307.09,85276.731
600960.SH,20210121,3.81,3.94,3.72,3.86,205266.06,78241.217
600969.SH,20210121,6.39,6.45,6.34,6.4,35370.56,22650.139
600572.SH,20210121,4.38,4.42,4.37,4.38,362723.91,158988.384
600988.SH,20210121,17.19,17.24,16.89,17.0,310593.6,528953.276
600976.SH,20210121,32.18,32.68,31.5,31.59,22320.83,71423.493
688277.SH,20210121,44.0,47.49,44.0,46.48,24985.66,115614.312
688200.SH,20210121,433.0,446.01,426.12,437.25,6490.64,282975.487
600497.SH,20210121,4.79,5.28,4.74,5.28,2301413.43,1191274.06
600986.SH,20210121,4.33,4.39,4.29,4.3,144640.35,62675.057
600410.SH,20210121,8.21,8.35,8.12,8.28,171168.46,141344.464
688221.SH,20210121,17.06,17.73,17.06,17.13,20268.96,35020.197
600985.SH,20210121,10.78,11.38,10.78,11.2,137245.56,153103.605
600990.SH,20210121,48.3,48.38,47.13,47.68,16010.24,76302.64
600114.SH,20210121,7.93,8.47,7.88,8.17,177886.56,145801.112
600980.SH,20210121,15.06,15.98,14.83,15.98,196821.63,306045.324
600992.SH,20210121,6.1,6.13,6.07,6.1,11832.0,7223.11
600993.SH,20210121,22.46,23.36,22.46,22.87,90662.98,208509.277
600967.SH,20210121,12.17,12.39,12.05,12.18,387754.7,473629.936
600491.SH,20210121,5.37,5.44,5.35,5.41,55970.16,30246.319
600963.SH,20210121,4.41,4.42,4.31,4.36,273206.72,119279.634
600495.SH,20210121,4.73,4.82,4.55,4.65,921574.62,431067.376
600483.SH,20210121,7.56,7.58,7.45,7.52,28812.64,21629.403
600461.SH,20210121,6.47,6.51,6.42,6.47,35448.66,22922.195
600997.SH,20210121,6.0,6.49,5.99,6.49,542391.88,347108.604
600421.SH,20210121,8.24,8.8,8.24,8.63,4915.01,4243.631
600966.SH,20210121,14.85,15.8,14.65,15.48,362856.93,556028.612
688567.SH,20210121,42.0,42.53,40.78,41.41,63803.63,264588.005
688520.SH,20210121,43.67,45.45,43.67,44.51,13303.0,59618.119
600975.SH,20210121,8.25,8.34,8.15,8.28,144045.59,118706.068
688521.SH,20210121,82.37,86.85,82.01,84.1,19162.53,161885.143
003031.SZ,20210121,75.96,75.96,75.96,75.96,3818.46,29005.022
600995.SH,20210121,7.29,7.3,7.21,7.26,26550.54,19261.348
600420.SH,20210121,8.99,9.15,8.99,9.08,59925.95,54403.651
002001.SZ,20210121,40.86,41.58,40.33,41.25,198226.3,813371.258
688180.SH,20210121,83.0,84.86,82.76,84.03,23942.99,200956.632
002002.SZ,20210121,3.06,3.26,3.04,3.15,1387248.26,439907.349
688312.SH,20210121,24.8,25.0,24.32,24.6,4278.06,10519.693
002003.SZ,20210121,6.33,6.34,6.22,6.3,26441.47,16645.476
002004.SZ,20210121,5.33,5.36,5.28,5.3,159036.15,84501.991
002197.SZ,20210121,8.95,9.02,8.81,8.9,104892.92,93356.606
002407.SZ,20210121,23.2,24.86,22.91,23.61,825442.01,1984556.224
002201.SZ,20210121,11.15,11.37,11.06,11.25,36668.85,41206.594
002203.SZ,20210121,7.98,8.34,7.95,8.26,178858.36,146611.5
601999.SH,20210121,5.67,5.73,5.63,5.7,21311.37,12146.399
002202.SZ,20210121,15.23,15.69,15.04,15.35,1047997.52,1615480.89
002204.SZ,20210121,3.66,3.68,3.62,3.64,114324.27,41739.083
002205.SZ,20210121,8.0,8.19,7.51,7.52,102204.6,80151.454
601601.SH,20210121,39.58,40.37,39.02,39.65,620745.03,2458209.237
601139.SH,20210121,6.75,6.75,6.68,6.73,78483.37,52773.385
002206.SZ,20210121,4.35,4.47,4.31,4.44,164740.28,72792.06
002209.SZ,20210121,6.17,6.29,6.13,6.19,24459.26,15190.404
002391.SZ,20210121,6.87,6.94,6.85,6.86,29339.49,20212.322
002210.SZ,20210121,2.25,2.25,2.18,2.18,95584.63,21118.24
300024.SZ,20210121,13.02,13.09,12.82,12.96,120052.47,155601.613
002397.SZ,20210121,4.2,4.23,4.15,4.19,59267.2,24777.896
002213.SZ,20210121,14.1,14.21,13.85,13.96,10963.0,15333.973
002212.SZ,20210121,21.05,21.56,20.91,21.46,82765.9,175490.835
601899.SH,20210121,10.7,11.15,10.62,10.97,3274004.97,3571286.803
002215.SZ,20210121,5.41,5.47,5.35,5.42,54570.0,29573.03
601099.SH,20210121,3.75,3.85,3.73,3.78,1283488.45,485972.537
002218.SZ,20210121,4.76,4.9,4.7,4.83,315459.09,151607.577
002214.SZ,20210121,28.24,28.55,27.72,28.33,93287.58,262798.117
002226.SZ,20210121,6.46,6.52,6.42,6.46,67885.35,43986.987
002217.SZ,20210121,3.83,3.88,3.81,3.84,214104.88,82400.948
002222.SZ,20210121,14.98,15.23,14.82,14.98,128782.73,193487.939
601898.SH,20210121,4.44,4.57,4.41,4.5,362233.94,163513.822
002221.SZ,20210121,10.76,11.03,10.58,10.81,167985.15,181564.664
601958.SH,20210121,5.83,6.09,5.79,5.93,329548.79,196354.654
002224.SZ,20210121,5.58,5.59,5.5,5.54,38508.08,21350.553
002219.SZ,20210121,1.49,1.52,1.48,1.5,46585.0,6965.62
601186.SH,20210121,8.12,8.13,8.03,8.07,592572.61,478365.2
002223.SZ,20210121,29.02,29.97,29.02,29.69,177472.14,525085.656
002225.SZ,20210121,4.24,4.25,4.19,4.25,44700.52,18878.284
002228.SZ,20210121,3.89,4.05,3.81,4.0,216462.15,85688.078
002227.SZ,20210121,14.44,14.89,14.2,14.65,30387.58,44339.166
002244.SZ,20210121,4.68,4.69,4.62,4.62,113088.29,52553.934
300076.SZ,20210121,4.77,4.89,4.74,4.79,67218.08,32380.251
300072.SZ,20210121,5.93,5.94,5.78,5.89,223455.18,131249.387
300105.SZ,20210121,4.11,4.18,4.07,4.13,34921.0,14429.688
300069.SZ,20210121,14.25,14.47,14.02,14.26,3857.0,5505.047
300067.SZ,20210121,4.26,4.31,4.15,4.21,204513.25,86520.305
002435.SZ,20210121,4.35,4.41,4.3,4.3,91758.86,39788.822
002440.SZ,20210121,10.05,10.45,10.0,10.23,216162.11,221953.338
300221.SZ,20210121,10.81,11.18,10.35,10.53,906267.52,971812.537
601599.SH,20210121,2.7,2.76,2.61,2.66,101785.0,27108.772
002583.SZ,20210121,6.26,6.39,6.23,6.3,95355.43,60132.207
002590.SZ,20210121,6.78,6.85,6.6,6.77,129158.96,86727.668
300224.SZ,20210121,13.9,15.46,13.69,14.91,561766.36,827956.519
300227.SZ,20210121,12.32,12.86,12.09,12.21,519053.77,643555.959
002592.SZ,20210121,2.98,2.99,2.94,2.99,27458.1,8147.779
300231.SZ,20210121,8.59,8.75,8.52,8.75,88864.64,76856.004
300228.SZ,20210121,6.17,6.22,6.07,6.16,116868.4,71844.442
002586.SZ,20210121,1.97,1.97,1.91,1.94,16160.8,3117.077
002585.SZ,20210121,10.03,10.41,9.93,10.1,282406.42,287587.79
300381.SZ,20210121,11.35,11.47,11.13,11.2,47996.06,54280.502
601311.SH,20210121,9.77,10.09,9.61,10.0,450975.06,447193.76
300249.SZ,20210121,7.08,7.14,7.0,7.01,47453.0,33452.703
300226.SZ,20210121,57.01,58.59,56.85,57.96,18634.04,107893.999
300240.SZ,20210121,5.23,5.36,5.16,5.29,55139.0,29072.355
002587.SZ,20210121,5.27,5.51,5.22,5.39,87699.5,47478.813
300230.SZ,20210121,4.85,4.9,4.79,4.82,78631.6,38005.333
300232.SZ,20210121,8.78,9.07,8.62,8.86,155274.17,137744.117
300271.SZ,20210121,21.94,22.24,21.41,21.96,122520.1,267763.568
300234.SZ,20210121,5.66,5.7,5.55,5.59,68311.3,38377.891
601798.SH,20210121,5.38,5.52,5.35,5.51,30602.36,16687.162
002589.SZ,20210121,4.86,4.95,4.86,4.89,64963.0,31789.35
300233.SZ,20210121,22.35,22.88,22.06,22.44,57630.31,129814.601
603156.SH,20210121,24.1,24.2,23.73,23.98,32315.79,77299.616
300236.SZ,20210121,52.49,53.12,51.6,52.01,73236.07,382074.6
002778.SZ,20210121,24.9,25.05,24.5,24.6,5917.0,14633.333
002588.SZ,20210121,5.92,6.19,5.9,6.09,274320.73,167003.243
300237.SZ,20210121,2.67,2.75,2.61,2.66,401714.22,107657.934
601567.SH,20210121,6.38,6.39,6.32,6.36,60926.68,38705.083
002605.SZ,20210121,24.51,26.12,24.51,25.76,82099.84,210296.046
002783.SZ,20210121,9.49,9.7,9.46,9.61,38948.34,37344.194
002594.SZ,20210121,220.0,239.6,216.81,235.52,585709.87,13384594.647
300239.SZ,20210121,5.36,5.52,5.29,5.35,128354.5,69222.709
002593.SZ,20210121,3.67,3.69,3.62,3.68,41571.24,15229.264
002734.SZ,20210121,12.58,12.93,12.56,12.81,47814.84,61284.357
002596.SZ,20210121,5.5,5.87,5.48,5.55,387182.49,218083.266
002626.SZ,20210121,30.98,32.26,30.98,31.06,138828.0,435406.718
002601.SZ,20210121,40.0,42.15,39.5,41.43,214829.5,884918.115
002600.SZ,20210121,11.83,12.14,11.5,11.88,1177539.6,1387501.91
002597.SZ,20210121,40.3,44.1,40.3,43.13,93066.35,392211.251
002598.SZ,20210121,6.11,6.18,6.06,6.17,26404.09,16193.255
300241.SZ,20210121,6.29,6.37,6.19,6.26,106455.5,66797.761
300258.SZ,20210121,14.72,14.8,14.32,14.5,67022.51,97135.033
300242.SZ,20210121,4.59,4.79,4.59,4.66,89747.0,42036.643
002868.SZ,20210121,12.29,12.29,12.1,12.17,3086.5,3760.212
603680.SH,20210121,11.21,11.45,11.2,11.34,7874.29,8947.148
002882.SZ,20210121,8.85,8.87,8.66,8.77,16926.43,14876.586
603229.SH,20210121,36.29,37.07,35.61,36.23,17922.61,64900.698
603232.SH,20210121,22.59,22.6,21.88,22.15,34289.98,76200.9
603269.SH,20210121,10.37,10.57,10.25,10.36,6044.99,6298.354
603127.SH,20210121,141.97,147.83,139.5,144.21,74100.3,1065706.229
603855.SH,20210121,14.9,15.58,14.71,15.36,28898.21,44282.919
603058.SH,20210121,8.89,8.97,8.35,8.97,314614.97,276738.278
300589.SZ,20210121,26.71,26.95,26.19,26.36,70750.5,187687.698
002870.SZ,20210121,25.1,25.4,24.52,25.1,12306.0,30730.326
002859.SZ,20210121,27.58,27.8,26.97,27.32,77445.36,211333.75
603377.SH,20210121,13.9,14.45,13.84,13.84,233067.52,326427.303
300528.SZ,20210121,5.76,5.89,5.7,5.74,29723.6,17223.363
300442.SZ,20210121,34.1,34.88,33.95,34.0,7248.0,24853.777
300485.SZ,20210121,13.4,13.85,13.4,13.51,55061.0,74746.119
300404.SZ,20210121,10.91,11.57,10.89,11.3,53616.07,60723.995
603958.SH,20210121,5.27,5.32,5.2,5.25,10966.0,5773.295
603738.SH,20210121,20.28,20.44,20.1,20.11,20192.59,40756.803
601086.SH,20210121,4.01,4.09,3.96,3.99,33525.0,13425.841
603198.SH,20210121,32.3,33.97,32.11,33.37,151153.12,499581.811
603020.SH,20210121,9.02,9.33,9.01,9.19,22284.31,20442.387
002777.SZ,20210121,20.03,20.03,19.62,19.75,21809.07,43151.074
603339.SH,20210121,9.95,10.12,9.89,10.01,15565.84,15558.32
002731.SZ,20210121,6.3,6.34,6.24,6.32,30157.3,19005.957
603266.SH,20210121,10.54,10.73,10.44,10.57,15341.6,16255.303
603939.SH,20210121,96.7,101.78,96.52,98.18,66615.05,660180.66
002803.SZ,20210121,29.54,30.36,29.52,29.93,44668.05,133938.59
300456.SZ,20210121,24.2,24.2,23.4,23.71,98527.06,234392.576
300461.SZ,20210121,21.99,21.99,21.03,21.34,54981.37,117386.473
300416.SZ,20210121,24.98,25.35,24.05,24.15,37830.43,92666.916
300468.SZ,20210121,18.07,18.8,18.07,18.2,68401.83,125661.926
300572.SZ,20210121,43.7,43.88,41.91,42.4,42161.75,179004.126
300423.SZ,20210121,12.21,12.58,12.07,12.48,36792.88,45442.967
300537.SZ,20210121,14.88,15.05,14.56,14.88,64174.0,95375.12
603603.SH,20210121,4.49,4.54,4.41,4.49,37571.0,16844.206
603306.SH,20210121,25.64,26.0,25.51,25.99,68829.25,177766.836
603878.SH,20210121,7.29,7.34,7.25,7.27,13036.38,9496.355
603169.SH,20210121,4.27,4.31,4.25,4.28,41548.92,17804.08
002856.SZ,20210121,12.27,12.37,12.07,12.18,5025.4,6113.708
603859.SH,20210121,30.6,31.64,30.3,31.38,23163.0,71975.876
002772.SZ,20210121,9.22,9.33,9.15,9.28,60293.79,55833.559
002828.SZ,20210121,8.33,8.4,8.21,8.33,22484.8,18677.632
603311.SH,20210121,11.64,11.77,11.51,11.7,22161.0,25825.247
603033.SH,20210121,21.1,21.26,20.69,20.82,10334.63,21615.167
603330.SH,20210121,30.15,30.85,30.0,30.11,18387.43,56007.243
002853.SZ,20210121,25.18,26.48,24.88,26.33,24315.16,63239.806
603615.SH,20210121,8.95,9.13,8.86,9.07,20138.0,18179.606
603378.SH,20210121,46.3,46.98,44.06,45.43,38044.83,172838.01
603656.SH,20210121,12.54,12.9,12.4,12.72,13468.53,17012.869
603580.SH,20210121,13.23,14.56,12.85,13.41,96565.58,130389.44
002849.SZ,20210121,11.25,11.31,11.11,11.17,8778.5,9836.377
300617.SZ,20210121,47.71,49.79,44.51,48.88,64047.38,303552.441
603955.SH,20210121,13.27,13.45,13.21,13.37,7436.07,9918.892
603578.SH,20210121,21.05,21.39,21.0,21.04,3691.61,7821.476
603630.SH,20210121,14.69,14.82,14.45,14.49,38882.04,56838.491
603393.SH,20210121,20.72,20.96,20.55,20.79,28609.35,59362.577
600996.SH,20210121,5.19,5.26,5.13,5.16,47976.17,24845.098
300865.SZ,20210121,37.62,37.85,37.0,37.11,10595.26,39469.975
300886.SZ,20210121,52.06,52.2,50.1,50.1,19822.73,100685.722
603506.SH,20210121,22.4,22.59,21.95,22.09,15972.55,35480.687
600968.SH,20210121,2.38,2.4,2.37,2.39,181691.96,43366.962
603466.SH,20210121,22.14,22.22,21.86,21.96,28702.97,63266.096
300730.SZ,20210121,14.05,14.45,13.91,14.25,29041.6,41261.71
002912.SZ,20210121,55.92,56.0,54.5,55.2,16239.89,89663.158
603829.SH,20210121,10.31,10.5,10.31,10.36,7948.1,8288.997
603655.SH,20210121,18.59,19.3,18.48,18.49,38668.5,72827.483
603937.SH,20210121,9.33,9.4,9.28,9.3,9163.11,8561.927
688588.SH,20210121,22.75,23.19,22.52,22.9,7191.81,16485.464
002908.SZ,20210121,17.68,17.68,16.77,17.02,94124.8,161291.016
002930.SZ,20210121,18.75,19.05,18.32,18.82,44626.83,83484.998
002907.SZ,20210121,12.11,12.3,12.01,12.13,11867.12,14455.707
600933.SH,20210121,15.77,15.96,15.4,15.58,16930.0,26497.527
002922.SZ,20210121,12.58,12.68,12.39,12.53,8912.0,11143.712
300702.SZ,20210121,87.53,89.45,86.73,87.84,12449.0,109361.285
603912.SH,20210121,13.44,13.65,13.34,13.41,10769.2,14520.697
603895.SH,20210121,15.1,16.36,15.05,15.9,20183.6,32115.562
002999.SZ,20210121,10.72,10.72,10.57,10.69,16399.26,17469.14
300769.SZ,20210121,155.05,169.49,151.5,163.78,38951.05,621339.773
603583.SH,20210121,87.69,93.68,87.69,92.9,19271.8,176528.976
300719.SZ,20210121,17.21,17.59,17.09,17.19,51954.89,89927.011
002915.SZ,20210121,15.19,15.8,15.1,15.56,27766.0,43105.234
002913.SZ,20210121,58.0,58.08,57.2,57.63,4651.92,26811.772
002939.SZ,20210121,12.32,12.55,12.25,12.37,191620.31,237874.241
002925.SZ,20210121,68.12,70.29,67.51,68.82,42790.47,294474.968
002945.SZ,20210121,14.38,14.89,14.33,14.65,185756.29,271406.463
603848.SH,20210121,11.76,11.86,11.6,11.79,6886.48,8087.234
300726.SZ,20210121,80.8,82.29,78.63,80.1,47889.69,385031.227
300705.SZ,20210121,27.1,27.77,26.15,26.92,29746.77,79858.726
300707.SZ,20210121,15.24,15.7,15.13,15.18,32891.86,50191.92
000880.SZ,20210121,9.18,9.25,9.09,9.14,12695.0,11616.286
000881.SZ,20210121,12.3,12.8,11.58,11.9,458985.7,556382.371
000882.SZ,20210121,1.84,1.87,1.83,1.86,166422.89,30882.225
000883.SZ,20210121,3.65,3.65,3.62,3.63,176166.32,64039.141
000886.SZ,20210121,4.98,5.0,4.92,4.95,64585.47,32023.63
000887.SZ,20210121,10.9,11.16,10.81,11.0,155278.6,171340.017
000888.SZ,20210121,5.77,5.78,5.73,5.74,21519.0,12374.895
000889.SZ,20210121,5.03,5.3,4.97,5.15,130229.82,66853.802
000890.SZ,20210121,3.11,3.24,3.05,3.17,56333.7,17738.818
000892.SZ,20210121,2.29,2.36,2.26,2.31,88198.87,20389.415
000893.SZ,20210121,8.81,8.85,8.6,8.76,50862.7,44312.43
000895.SZ,20210121,48.1,49.8,48.01,49.3,176851.49,865486.821
001896.SZ,20210121,8.0,8.25,7.77,7.88,1431248.95,1136232.12
000897.SZ,20210121,2.37,2.42,2.36,2.38,151794.73,36257.331
000898.SZ,20210121,2.99,3.04,2.97,3.02,272022.96,81911.134
000899.SZ,20210121,5.66,5.67,5.45,5.53,228742.4,126872.433
000900.SZ,20210121,4.08,4.12,4.07,4.12,40007.8,16386.496
000901.SZ,20210121,10.61,11.18,10.52,10.89,363212.53,396071.344
000902.SZ,20210121,18.43,18.88,18.2,18.21,120154.3,221880.619
000903.SZ,20210121,3.96,4.14,3.96,4.06,1052599.63,424679.877
000905.SZ,20210121,6.92,6.94,6.81,6.93,43650.53,30075.421
000906.SZ,20210121,6.47,6.49,6.37,6.41,34883.75,22378.904
000908.SZ,20210121,4.08,4.15,4.04,4.06,126333.02,51544.663
000909.SZ,20210121,7.52,7.55,7.39,7.42,30981.88,23080.28
000910.SZ,20210121,13.53,13.68,13.21,13.3,151600.75,202943.493
000911.SZ,20210121,8.0,8.1,7.94,8.02,52464.2,42079.776
000912.SZ,20210121,3.82,3.83,3.77,3.78,40221.53,15289.887
000913.SZ,20210121,28.43,29.36,28.02,28.67,48990.2,140522.085
000915.SZ,20210121,24.01,24.29,23.66,23.72,25097.62,59815.023
000917.SZ,20210121,4.42,4.51,4.41,4.46,59242.1,26429.277
000918.SZ,20210121,4.75,4.89,4.39,4.57,281389.15,130198.203
000919.SZ,20210121,6.73,6.78,6.66,6.7,66784.88,44767.239
000920.SZ,20210121,7.56,8.08,7.56,7.94,90236.63,71439.369
000921.SZ,20210121,17.05,17.05,16.36,16.54,154195.48,256258.123
000922.SZ,20210121,7.99,8.63,7.93,8.43,198967.47,165767.589
000923.SZ,20210121,25.33,27.64,24.92,26.77,121171.35,323313.721
000925.SZ,20210121,6.32,6.4,6.23,6.34,43535.65,27598.011
000926.SZ,20210121,4.81,4.84,4.79,4.8,31619.74,15230.164
000927.SZ,20210121,4.29,4.4,4.25,4.29,196964.68,84832.325
000928.SZ,20210121,4.46,4.64,4.46,4.47,279001.26,126172.257
000929.SZ,20210121,8.47,8.63,8.3,8.46,59224.0,49960.222
000930.SZ,20210121,9.87,10.06,9.75,9.93,918218.36,909576.454
000931.SZ,20210121,6.95,6.99,6.86,6.91,49263.92,34103.096
000932.SZ,20210121,4.84,4.87,4.76,4.77,890954.09,428337.156
600962.SH,20210121,7.51,7.68,7.43,7.57,29078.1,21999.857
002005.SZ,20210121,1.06,1.1,1.05,1.06,131461.0,14101.575
600143.SH,20210121,23.3,24.15,22.9,23.84,1242866.74,2931648.243
002006.SZ,20210121,5.4,5.46,5.28,5.39,86512.18,46358.701
002007.SZ,20210121,49.7,51.11,49.09,49.17,277714.83,1381275.664
002008.SZ,20210121,49.27,50.58,48.78,50.05,338262.2,1679927.537
002009.SZ,20210121,9.45,9.7,9.3,9.62,120577.01,115040.896
600022.SH,20210121,1.39,1.42,1.37,1.4,1246028.67,174237.365
600981.SH,20210121,3.04,3.08,3.01,3.04,109286.08,33244.35
002010.SZ,20210121,5.58,5.74,5.52,5.66,300921.04,170311.734
688488.SH,20210121,20.5,20.95,20.4,20.67,10684.16,22116.246
002011.SZ,20210121,4.1,4.14,4.04,4.05,76958.0,31372.21
300913.SZ,20210121,29.36,29.65,28.39,28.56,52210.56,150923.457
300884.SZ,20210121,41.4,41.68,40.24,40.37,30209.39,123009.041
002012.SZ,20210121,5.71,5.72,5.61,5.64,71029.0,40200.334
002013.SZ,20210121,12.4,12.79,12.19,12.68,792641.88,994841.566
002014.SZ,20210121,10.0,10.22,9.95,10.14,15509.42,15717.846
688157.SH,20210121,102.0,102.0,97.6,100.1,5079.23,50535.667
688598.SH,20210121,192.0,202.28,189.0,196.11,11469.48,225819.461
600982.SH,20210121,3.18,3.23,3.15,3.2,207350.0,66000.52
002015.SZ,20210121,5.63,5.79,5.59,5.78,107288.26,61031.056
600984.SH,20210121,12.18,12.21,11.71,11.81,288922.81,342747.71
002016.SZ,20210121,6.12,6.19,6.09,6.16,42944.52,26393.135
002017.SZ,20210121,10.83,11.47,10.52,11.46,319530.96,352051.914
002019.SZ,20210121,17.9,18.34,17.83,18.06,102619.82,185801.024
600965.SH,20210121,5.43,5.54,5.38,5.48,28032.1,15295.824
600482.SH,20210121,19.08,19.37,19.01,19.08,73158.36,140376.788
002020.SZ,20210121,10.2,10.36,9.9,10.05,198910.89,201218.888
002021.SZ,20210121,1.71,1.72,1.65,1.67,41296.27,6905.443
002022.SZ,20210121,17.75,18.22,17.51,17.97,281769.81,505538.275
600532.SH,20210121,13.51,13.51,13.05,13.22,42159.29,55867.282
600571.SH,20210121,7.35,7.61,7.33,7.54,63778.03,47730.05
600552.SH,20210121,7.47,7.5,7.25,7.33,273109.22,200880.073
600549.SH,20210121,16.8,18.14,16.75,18.14,1033053.27,1833902.402
600353.SH,20210121,4.97,5.03,4.93,4.98,29224.71,14602.403
600511.SH,20210121,42.3,42.96,42.15,42.81,163529.71,698928.82
600525.SH,20210121,6.09,6.39,6.06,6.32,196284.4,122983.069
600563.SH,20210121,104.37,106.5,104.2,104.69,25545.43,268762.561
600458.SH,20210121,8.58,8.83,8.39,8.65,169709.43,145809.441
600512.SH,20210121,2.88,2.9,2.86,2.88,110663.58,31909.043
600030.SH,20210121,31.22,31.79,30.66,31.17,2398598.06,7486003.626
600012.SH,20210121,5.9,5.97,5.82,5.86,60149.18,35309.692
600538.SH,20210121,6.14,6.21,6.11,6.13,48962.0,30123.36
600537.SH,20210121,4.73,4.96,4.66,4.84,323782.71,155432.431
600562.SH,20210121,17.46,17.6,17.25,17.54,98864.44,172534.924
002437.SZ,20210121,2.96,3.03,2.95,3.0,185467.45,55598.555
002443.SZ,20210121,6.3,6.36,6.28,6.32,55705.35,35228.56
300075.SZ,20210121,11.15,11.15,10.91,10.97,46971.0,51766.295
300080.SZ,20210121,5.07,5.17,5.03,5.09,147808.0,75417.279
002622.SZ,20210121,2.39,2.63,2.35,2.52,280819.59,71664.675
300079.SZ,20210121,4.35,4.42,4.3,4.35,134287.63,58559.085
300074.SZ,20210121,3.75,3.85,3.71,3.81,61742.65,23410.183
300083.SZ,20210121,12.04,12.13,11.6,11.69,511645.67,603065.813
300078.SZ,20210121,8.01,8.2,7.98,8.1,143553.29,116661.487
002613.SZ,20210121,4.01,4.09,4.0,4.04,92169.05,37260.389
002439.SZ,20210121,31.67,32.19,31.01,31.85,153564.25,485573.683
603002.SH,20210121,5.22,5.25,5.14,5.15,88611.18,46026.022
601012.SH,20210121,109.76,115.66,107.5,114.02,954058.37,10625267.305
300077.SZ,20210121,7.71,7.78,7.55,7.67,124765.96,95714.305
300082.SZ,20210121,13.0,13.21,12.67,12.85,358982.25,462884.348
002469.SZ,20210121,6.0,6.0,5.67,5.7,67758.57,39357.194
002441.SZ,20210121,7.9,8.0,7.9,7.94,20986.35,16677.923
300235.SZ,20210121,12.8,13.25,12.75,13.1,39631.33,51748.055
300084.SZ,20210121,4.05,4.11,3.97,4.04,46424.04,18791.917
002444.SZ,20210121,30.8,32.58,30.6,31.66,121292.64,384103.432
002492.SZ,20210121,4.94,4.98,4.86,4.96,31458.01,15515.699
002466.SZ,20210121,60.0,65.2,58.08,62.7,1183290.14,7302703.044
002445.SZ,20210121,1.83,1.85,1.81,1.83,71701.53,13150.757
300238.SZ,20210121,22.61,23.11,22.61,22.69,48455.09,110479.313
601118.SH,20210121,5.13,5.59,5.11,5.36,840357.19,447075.309
002449.SZ,20210121,10.11,10.26,9.97,10.12,134855.98,136529.508
300086.SZ,20210121,5.24,5.35,5.18,5.2,64773.19,33959.275
300101.SZ,20210121,20.25,20.75,19.88,20.15,335171.16,679744.253
300091.SZ,20210121,3.84,3.92,3.81,3.85,210362.74,81369.242
300081.SZ,20210121,7.81,7.9,7.75,7.78,37593.5,29400.809
002458.SZ,20210121,11.11,11.25,11.05,11.13,62939.75,70065.104
002451.SZ,20210121,6.13,6.2,6.06,6.15,26221.0,16116.517
300272.SZ,20210121,4.97,5.16,4.97,5.05,34251.73,17388.711
300088.SZ,20210121,9.02,9.26,9.01,9.15,596640.41,545092.973
300096.SZ,20210121,7.94,8.55,7.93,8.33,174377.34,144408.203
002457.SZ,20210121,7.18,7.24,7.13,7.16,28406.01,20390.746
002529.SZ,20210121,6.37,6.55,6.37,6.43,27934.25,18022.841
601000.SH,20210121,2.43,2.45,2.42,2.43,228053.84,55609.02
002452.SZ,20210121,5.38,5.48,5.33,5.35,37640.5,20269.092
002460.SZ,20210121,124.95,131.58,122.0,127.8,408457.44,5147666.249
002454.SZ,20210121,5.58,5.62,5.51,5.53,39172.5,21762.141
002453.SZ,20210121,6.44,6.56,6.31,6.37,161962.0,103752.343
300085.SZ,20210121,16.6,17.38,16.52,16.92,147014.19,250137.876
601717.SH,20210121,12.5,12.52,11.77,11.99,501127.93,603620.731
300179.SZ,20210121,5.79,5.86,5.69,5.72,117226.2,67686.632
002607.SZ,20210121,34.8,35.44,33.43,34.01,196049.04,668515.824
002602.SZ,20210121,6.39,6.81,6.39,6.77,1351271.26,902045.097
300243.SZ,20210121,16.7,17.47,16.31,16.99,173053.86,294321.122
300244.SZ,20210121,45.0,45.88,43.11,43.96,302785.54,1337884.852
002603.SZ,20210121,27.39,28.31,27.37,27.95,226867.75,631429.754
300250.SZ,20210121,9.99,10.15,9.94,9.95,21627.82,21675.698
300248.SZ,20210121,8.41,8.54,8.26,8.45,54250.49,45732.24
300246.SZ,20210121,29.5,29.89,28.59,29.08,69384.59,201327.426
603456.SH,20210121,39.0,41.6,38.63,39.8,149589.72,597419.733
002620.SZ,20210121,5.37,5.48,5.35,5.41,24146.25,13086.112
300251.SZ,20210121,12.91,13.17,12.8,12.97,196089.53,254350.983
002911.SZ,20210121,16.42,16.48,16.11,16.24,17408.0,28250.084
002608.SZ,20210121,6.87,6.87,6.68,6.78,115873.97,78398.974
002627.SZ,20210121,5.14,5.28,5.12,5.24,46337.34,24137.789
300254.SZ,20210121,5.95,6.39,5.94,6.0,51629.63,31388.734
300256.SZ,20210121,5.92,6.09,5.85,6.03,147236.13,88186.871
300255.SZ,20210121,5.8,5.95,5.76,5.92,90236.52,52851.714
601636.SH,20210121,12.29,13.3,12.1,13.1,1294355.75,1658208.034
300252.SZ,20210121,9.0,9.08,8.78,9.01,67929.1,60820.658
300260.SZ,20210121,16.23,16.23,15.97,16.18,25830.81,41635.551
002830.SZ,20210121,9.44,9.47,9.23,9.35,9680.0,9060.709
300259.SZ,20210121,4.65,4.77,4.62,4.7,95426.16,44886.687
300265.SZ,20210121,9.55,9.87,9.46,9.83,62786.0,60879.152
300267.SZ,20210121,3.96,4.01,3.95,3.97,95202.02,37851.9
002717.SZ,20210121,3.19,3.22,3.15,3.18,75627.05,24082.347
002618.SZ,20210121,4.97,5.49,4.95,5.49,270364.34,145056.934
603197.SH,20210121,27.0,27.11,26.53,26.89,11165.96,29939.73
300303.SZ,20210121,5.41,5.58,5.39,5.48,215472.87,118418.704
002610.SZ,20210121,2.63,2.69,2.56,2.6,1869165.32,489846.589
002629.SZ,20210121,2.05,2.06,2.03,2.05,10702.0,2189.254
300284.SZ,20210121,6.16,6.16,6.03,6.07,51578.88,31404.432
601908.SH,20210121,10.8,11.89,10.69,11.89,1415281.88,1611905.157
601886.SH,20210121,5.91,6.05,5.86,5.89,151857.79,90277.353
300261.SZ,20210121,5.96,6.26,5.91,6.19,291349.52,179994.293
300273.SZ,20210121,5.65,5.8,5.61,5.66,214810.9,122420.245
300269.SZ,20210121,3.84,3.89,3.71,3.73,246554.18,93081.905
603518.SH,20210121,4.91,5.02,4.82,4.94,12136.0,5992.986
002611.SZ,20210121,4.33,4.34,4.28,4.3,53130.44,22853.131
300268.SZ,20210121,10.14,10.24,9.97,10.1,15055.0,15253.653
300263.SZ,20210121,6.66,6.75,6.56,6.67,153521.0,102450.793
300294.SZ,20210121,33.44,33.53,32.55,32.58,70902.88,233160.431
002616.SZ,20210121,7.13,7.17,7.05,7.15,20340.95,14489.673
002612.SZ,20210121,22.51,23.99,22.31,22.65,387968.42,890240.118
601677.SH,20210121,14.6,14.95,14.47,14.73,122005.73,180008.812
300262.SZ,20210121,3.4,3.49,3.36,3.42,80319.5,27541.117
300474.SZ,20210121,72.76,72.76,70.0,71.02,62286.76,441768.28
603602.SH,20210121,11.93,11.97,11.7,11.72,25470.04,30093.9
300473.SZ,20210121,19.81,19.95,19.55,19.62,17371.73,34260.544
603838.SH,20210121,5.81,5.92,5.43,5.71,40879.16,23385.377
603036.SH,20210121,7.72,7.79,7.68,7.72,6495.67,5025.776
603028.SH,20210121,11.44,11.48,10.8,11.07,22278.39,24825.993
300482.SZ,20210121,93.0,97.5,90.56,91.05,56216.99,523623.663
300497.SZ,20210121,13.31,14.12,13.22,13.79,91175.65,125140.491
603066.SH,20210121,8.01,8.02,7.82,7.94,19780.0,15637.937
603987.SH,20210121,16.79,17.11,16.52,16.92,93561.8,157436.615
603027.SH,20210121,43.35,46.78,43.35,46.55,143817.78,655637.8
601127.SH,20210121,13.55,14.14,12.96,13.93,298859.5,409604.185
603678.SH,20210121,77.92,78.7,76.01,78.1,88973.25,687188.443
002829.SZ,20210121,44.87,45.31,43.65,44.13,56133.38,248863.259
300600.SZ,20210121,21.19,21.39,20.6,20.79,163075.88,341756.305
300586.SZ,20210121,8.41,8.54,8.38,8.43,65549.13,55483.403
603258.SH,20210121,29.64,31.15,29.58,30.94,53871.23,165155.869
603319.SH,20210121,41.28,42.19,40.01,40.04,35960.5,147100.158
603029.SH,20210121,12.02,12.1,11.83,11.95,3160.0,3775.873
603444.SH,20210121,305.0,314.8,305.0,313.75,19024.85,593858.448
300549.SZ,20210121,20.0,20.91,19.9,20.7,67385.32,137870.607
603568.SH,20210121,18.56,18.72,18.3,18.41,72373.61,133734.12
002812.SZ,20210121,137.76,140.0,135.0,139.0,73134.76,1007522.757
603639.SH,20210121,20.2,20.59,20.18,20.59,13674.24,27881.156
300422.SZ,20210121,9.85,9.95,9.69,9.73,83434.84,81684.206
300509.SZ,20210121,6.22,6.33,6.15,6.23,19795.12,12377.727
300499.SZ,20210121,9.41,9.65,9.41,9.42,35440.5,33768.09
300542.SZ,20210121,13.11,13.63,13.1,13.39,48233.62,64837.879
603822.SH,20210121,18.08,18.46,17.73,18.39,8445.0,15430.2
603658.SH,20210121,141.99,153.75,141.0,152.29,53461.19,799692.205
300503.SZ,20210121,11.1,11.5,11.05,11.25,106434.52,120629.162
603007.SH,20210121,5.4,5.75,5.35,5.66,55624.04,31145.848
601330.SH,20210121,8.34,8.34,8.21,8.28,50451.0,41764.017
603869.SH,20210121,10.49,11.11,10.34,10.91,93248.75,100061.054
603313.SH,20210121,39.99,41.6,39.68,41.01,43292.38,177158.09
603043.SH,20210121,41.1,41.93,41.02,41.55,33973.06,141174.146
300412.SZ,20210121,9.14,9.44,9.14,9.2,51633.8,47938.44
300508.SZ,20210121,20.55,21.23,20.5,20.82,6922.22,14490.744
300531.SZ,20210121,15.08,15.38,14.84,15.2,58896.64,89067.348
300543.SZ,20210121,15.11,15.11,14.56,14.74,103512.76,153319.226
002825.SZ,20210121,14.35,14.65,14.02,14.61,20649.62,29797.891
603026.SH,20210121,55.38,56.39,53.5,55.03,201091.24,1106736.755
300570.SZ,20210121,15.26,15.55,15.18,15.27,17960.8,27626.723
300545.SZ,20210121,24.08,24.29,23.83,23.89,12652.84,30462.293
603299.SH,20210121,7.84,7.89,7.64,7.7,214631.42,165773.288
603080.SH,20210121,11.4,11.49,11.28,11.41,14047.88,16001.547
002958.SZ,20210121,4.81,4.87,4.78,4.82,332447.31,160563.276
300827.SZ,20210121,70.23,72.88,69.12,71.5,16948.5,121004.256
300777.SZ,20210121,55.5,57.5,54.8,56.51,58922.71,330742.353
603607.SH,20210121,16.01,16.49,15.78,16.37,81177.73,131402.757
688571.SH,20210121,9.33,9.33,9.14,9.18,41283.68,38001.247
603685.SH,20210121,10.18,10.3,10.12,10.25,6070.42,6212.685
603356.SH,20210121,10.73,11.05,10.73,10.89,10427.68,11354.368
300674.SZ,20210121,29.8,31.19,29.75,31.06,43978.0,134885.56
002966.SZ,20210121,7.87,7.94,7.81,7.85,239392.94,188519.448
603676.SH,20210121,8.29,8.37,8.17,8.27,9954.0,8224.612
603661.SH,20210121,60.95,63.87,60.39,62.75,12011.28,74835.948
300729.SZ,20210121,40.05,40.8,39.44,39.6,25521.8,101912.088
002910.SZ,20210121,9.96,10.23,9.86,10.08,80467.38,81138.109
601860.SH,20210121,4.11,4.16,4.08,4.12,403201.05,166285.578
300716.SZ,20210121,7.65,7.67,7.42,7.53,26500.5,19976.324
600903.SH,20210121,10.99,11.13,10.71,11.03,135400.06,147574.469
002948.SZ,20210121,5.27,5.34,5.23,5.27,321824.0,170105.849
300710.SZ,20210121,27.54,29.08,27.3,28.77,10517.0,29717.48
603278.SH,20210121,7.45,7.56,7.41,7.53,7313.6,5484.108
300799.SZ,20210121,50.5,51.5,50.18,51.29,6825.51,34760.337
603871.SH,20210121,20.37,20.98,20.08,20.69,18237.26,37656.564
300727.SZ,20210121,32.13,32.72,31.02,31.08,141644.5,450606.211
300742.SZ,20210121,27.3,30.68,25.72,26.24,125422.3,350243.065
601456.SH,20210121,18.18,18.78,18.09,18.27,397674.9,730506.517
300731.SZ,20210121,24.94,25.17,24.12,24.49,35751.08,87589.42
002917.SZ,20210121,8.55,8.78,8.49,8.65,13355.61,11571.692
300711.SZ,20210121,16.89,16.89,16.3,16.48,68123.61,112884.97
002936.SZ,20210121,3.9,3.94,3.86,3.89,560304.72,218512.151
601577.SH,20210121,9.49,9.62,9.37,9.45,157736.48,149838.121
603712.SH,20210121,43.35,44.88,43.01,44.75,85233.42,376151.798
300738.SZ,20210121,38.3,39.22,38.01,38.29,31035.86,119050.121
603590.SH,20210121,36.85,37.5,36.6,36.64,25912.04,95839.084
688106.SH,20210121,30.5,30.68,29.83,30.17,43681.68,132162.224
300718.SZ,20210121,18.31,18.56,18.25,18.33,19187.0,35278.962
002864.SZ,20210121,23.48,23.96,23.4,23.96,8698.0,20660.545
600928.SH,20210121,5.35,5.44,5.33,5.38,240903.58,129725.74
603059.SH,20210121,21.94,23.7,21.8,23.45,19622.0,45134.452
603109.SH,20210121,22.38,22.64,22.07,22.26,9446.37,21082.829
002916.SZ,20210121,129.34,130.65,126.61,127.38,54157.69,693911.677
603161.SH,20210121,17.02,17.06,16.75,16.92,27815.0,46965.26
300733.SZ,20210121,19.23,20.98,19.1,19.96,63957.0,128504.057
300634.SZ,20210121,16.77,17.25,16.64,16.94,21777.79,36866.825
300732.SZ,20210121,13.02,13.07,12.85,12.92,20235.4,26202.579
300721.SZ,20210121,36.82,37.55,36.37,36.6,19782.0,73110.455
300609.SZ,20210121,16.3,17.08,16.28,16.73,35592.0,59495.65
603157.SH,20210121,1.37,1.38,1.31,1.33,40122.0,5354.428
002900.SZ,20210121,8.86,9.01,8.75,8.9,18734.4,16682.205
300633.SZ,20210121,21.98,22.46,21.7,21.99,24806.3,54653.93
688589.SH,20210121,32.71,32.71,31.36,31.83,9211.14,29402.854
300621.SZ,20210121,8.8,8.92,8.4,8.45,53349.01,45995.61
002866.SZ,20210121,16.1,16.26,16.03,16.14,18664.42,30120.776
002886.SZ,20210121,25.14,26.15,25.02,25.3,24596.7,63025.812
300627.SZ,20210121,25.05,25.48,24.78,24.95,54937.0,138082.963
603978.SH,20210121,16.32,17.19,16.32,16.73,21122.0,35565.18
688590.SH,20210121,17.02,17.2,16.8,16.91,10810.8,18313.209
300661.SZ,20210121,328.5,328.88,311.2,325.36,22106.83,710587.986
688208.SH,20210121,73.0,77.32,73.0,77.0,8297.96,62898.403
603063.SH,20210121,18.3,19.43,18.01,19.23,190971.38,361286.39
002880.SZ,20210121,49.37,49.93,47.16,48.56,12360.0,59757.166
002877.SZ,20210121,7.05,7.19,7.05,7.15,11592.52,8283.338
603970.SH,20210121,22.88,22.88,21.1,21.84,58387.83,128423.665
002893.SZ,20210121,7.38,7.44,7.36,7.38,14312.18,10590.424
300700.SZ,20210121,17.76,18.25,17.6,18.05,23598.0,42481.095
601155.SH,20210121,40.43,43.3,40.3,43.0,219938.24,930559.008
300652.SZ,20210121,18.01,18.43,17.8,18.24,13411.0,24327.936
300801.SZ,20210121,20.3,20.49,20.13,20.22,16041.2,32543.701
300648.SZ,20210121,40.0,41.36,38.85,40.75,37152.38,149233.11
603535.SH,20210121,41.0,41.54,39.6,39.6,33470.52,135133.311
603055.SH,20210121,5.66,5.66,5.45,5.49,23527.6,12974.814
300685.SZ,20210121,82.1,83.99,81.9,83.15,24562.47,203274.267
603233.SH,20210121,93.21,98.31,93.21,96.66,41787.29,402899.548
601019.SH,20210121,5.69,5.76,5.68,5.68,21816.0,12466.712
603289.SH,20210121,7.54,7.74,7.51,7.61,14136.4,10834.055
300514.SZ,20210121,10.31,10.74,10.31,10.5,48514.0,51194.777
300650.SZ,20210121,17.83,19.38,17.64,18.97,21748.8,40424.34
300643.SZ,20210121,11.33,11.68,11.2,11.33,45544.0,51800.285
300837.SZ,20210121,45.44,45.9,44.49,44.98,8373.26,37868.749
603697.SH,20210121,18.03,19.08,17.92,18.76,60184.81,112205.788
002883.SZ,20210121,12.49,12.54,12.36,12.49,5955.58,7423.989
300676.SZ,20210121,161.12,169.68,156.01,166.2,208119.08,3381293.127
300715.SZ,20210121,37.9,38.95,37.81,38.2,24243.59,92862.371
603226.SH,20210121,8.52,8.52,8.4,8.42,8343.92,7053.013
300653.SZ,20210121,56.51,57.2,56.04,56.08,11789.5,66715.777
603110.SH,20210121,48.05,49.1,46.12,47.25,59538.0,281483.538
603963.SH,20210121,8.43,8.43,8.11,8.11,8730.63,7158.237
001979.SZ,20210121,13.26,13.33,13.09,13.15,139925.19,184235.108
002909.SZ,20210121,9.84,9.93,9.66,9.74,17496.85,17094.587
300641.SZ,20210121,7.45,9.19,7.01,8.15,828511.08,675947.511
603916.SH,20210121,25.08,25.86,24.92,25.34,38201.49,97286.29
000933.SZ,20210121,6.7,7.41,6.59,7.34,925879.39,661657.491
000935.SZ,20210121,12.7,12.88,12.7,12.77,23877.97,30538.904
000936.SZ,20210121,7.73,8.18,7.73,7.93,206643.59,165593.218
000937.SZ,20210121,3.64,3.76,3.62,3.73,405957.96,150762.545
000938.SZ,20210121,24.22,24.95,23.7,24.95,521997.6,1269731.001
000948.SZ,20210121,9.22,9.43,9.22,9.33,18165.08,16975.87
000949.SZ,20210121,3.17,3.24,3.17,3.19,89792.8,28816.062
000950.SZ,20210121,5.1,5.17,5.09,5.13,44050.2,22626.758
000951.SZ,20210121,40.7,42.81,40.69,41.75,131758.68,551165.393
000952.SZ,20210121,7.14,7.17,7.02,7.1,19867.6,14080.725
000953.SZ,20210121,4.23,4.41,4.2,4.41,12469.0,5457.426
000955.SZ,20210121,7.09,7.74,7.08,7.62,370874.48,278411.41
000957.SZ,20210121,7.13,7.27,6.98,7.19,111949.91,79743.99
000958.SZ,20210121,4.18,4.24,4.17,4.22,116924.61,49217.075
000959.SZ,20210121,3.75,3.75,3.69,3.71,111719.12,41546.375
000960.SZ,20210121,10.2,10.61,10.15,10.51,466594.64,485700.336
000961.SZ,20210121,8.37,8.37,8.12,8.17,335880.7,276269.946
000962.SZ,20210121,7.79,8.16,7.73,7.96,88510.96,71034.808
000963.SZ,20210121,28.0,28.48,27.76,27.81,192744.94,541339.601
000965.SZ,20210121,3.08,3.1,3.05,3.07,48138.7,14794.27
000966.SZ,20210121,3.75,3.78,3.74,3.75,84774.0,31922.359
000967.SZ,20210121,8.06,8.21,7.98,8.09,103626.84,83829.704
000968.SZ,20210121,6.7,6.8,6.68,6.76,43265.25,29207.843
000969.SZ,20210121,7.25,7.55,7.21,7.35,354773.73,262551.161
000970.SZ,20210121,10.54,11.15,10.46,10.91,800369.55,873303.324
000971.SZ,20210121,2.23,2.3,2.22,2.27,38744.5,8822.286
000972.SZ,20210121,2.01,2.04,1.99,2.02,25958.13,5241.657
000973.SZ,20210121,4.29,4.36,4.26,4.32,83866.35,36237.9
000975.SZ,20210121,8.05,8.17,7.98,8.17,274256.41,221809.045
000976.SZ,20210121,5.55,6.09,5.5,6.09,590558.62,349726.238
000977.SZ,20210121,30.08,30.83,30.02,30.48,359955.2,1093176.582
000978.SZ,20210121,4.33,4.34,4.28,4.3,18012.21,7761.391
000980.SZ,20210121,1.42,1.42,1.36,1.38,333461.0,46139.817
000981.SZ,20210121,2.28,2.39,2.24,2.34,176383.0,41297.114
000982.SZ,20210121,1.14,1.15,1.12,1.13,201833.62,22882.851
000983.SZ,20210121,5.6,5.78,5.56,5.67,584915.11,332489.275
000985.SZ,20210121,11.57,12.48,11.57,11.98,18651.0,22382.823
000987.SZ,20210121,13.08,13.45,13.07,13.24,245967.58,325822.102
000988.SZ,20210121,25.26,25.38,24.66,24.9,203115.11,506180.668
000989.SZ,20210121,8.2,8.24,8.14,8.19,33939.9,27854.508
000990.SZ,20210121,11.45,11.84,11.33,11.59,65849.68,76518.193
000993.SZ,20210121,6.35,6.89,6.33,6.57,262453.12,172631.697
000995.SZ,20210121,23.55,24.98,23.3,24.24,189841.31,456470.002
000997.SZ,20210121,14.66,14.66,14.45,14.53,70606.96,102733.708
300928.SZ,20210121,55.76,55.76,53.66,53.89,43841.64,238203.562
300861.SZ,20210121,49.2,59.0,48.86,56.36,72584.29,397406.636
600408.SH,20210121,2.38,2.48,2.38,2.48,86612.62,21285.795
600576.SH,20210121,3.34,3.38,3.3,3.33,16085.2,5369.698
600573.SH,20210121,9.24,9.49,9.1,9.28,110211.0,101991.462
600521.SH,20210121,28.8,29.18,27.71,27.88,213258.94,598859.043
600370.SH,20210121,3.15,3.18,3.08,3.15,45020.75,14053.481
601696.SH,20210121,25.65,26.7,25.56,26.02,176580.34,460212.829
002975.SZ,20210121,107.5,109.8,105.64,107.02,19908.96,213783.927
600460.SH,20210121,25.74,27.6,25.39,27.2,857511.29,2294233.252
600513.SH,20210121,9.0,9.69,9.0,9.25,66687.65,61992.926
600039.SH,20210121,4.62,4.67,4.6,4.62,204615.22,94759.694
600575.SH,20210121,2.17,2.18,2.15,2.17,144600.5,31318.501
600375.SH,20210121,7.35,7.44,7.27,7.31,56074.0,41133.272
600343.SH,20210121,11.97,12.35,11.78,12.0,653734.0,786677.375
600502.SH,20210121,3.73,3.75,3.7,3.75,102551.23,38195.945
605111.SH,20210121,199.05,212.5,196.2,209.0,30871.4,631776.724
300831.SZ,20210121,18.15,18.37,17.58,17.98,33221.29,59827.927
605198.SH,20210121,21.26,21.3,20.74,20.92,18910.2,39663.12
603439.SH,20210121,17.9,18.5,17.71,17.91,14837.94,26810.021
300840.SZ,20210121,15.65,15.88,15.29,15.5,32381.16,50380.829
603221.SH,20210121,11.96,12.08,11.78,11.87,10786.0,12868.647
605358.SH,20210121,103.0,107.92,102.2,106.39,58917.87,616368.96
002985.SZ,20210121,182.98,185.0,181.01,182.0,8397.82,153450.93
300833.SZ,20210121,42.1,42.59,41.56,41.73,4020.67,16894.73
600481.SH,20210121,3.6,3.9,3.6,3.72,629158.75,235181.448
600004.SH,20210121,13.02,13.35,12.86,13.26,264557.1,347714.142
600459.SH,20210121,23.45,24.2,23.19,23.62,112642.53,268396.372
600570.SH,20210121,99.0,102.38,97.26,101.99,204277.48,2050068.118
600392.SH,20210121,12.8,13.64,12.66,13.64,1166953.58,1554090.259
600584.SH,20210121,47.36,47.99,46.4,47.38,619930.11,2927643.681
601975.SH,20210121,2.45,2.46,2.44,2.44,320097.7,78372.099
601778.SH,20210121,6.69,6.85,6.64,6.82,183580.67,124751.272
002976.SZ,20210121,27.97,28.8,25.92,26.0,26030.52,71171.606
002983.SZ,20210121,28.41,28.55,27.74,28.2,9893.6,27908.589
601702.SH,20210121,7.02,7.49,7.02,7.31,291307.38,211825.563
601827.SH,20210121,7.87,7.91,7.79,7.84,39695.46,31154.264
300841.SZ,20210121,521.0,525.8,507.0,515.0,8183.51,421265.139
300836.SZ,20210121,48.0,48.49,46.4,46.54,14064.68,66090.47
605288.SH,20210121,123.75,124.87,122.57,122.65,2856.0,35224.664
605333.SH,20210121,16.0,16.5,15.21,15.23,78194.29,123245.509
300842.SZ,20210121,60.92,64.58,60.1,63.66,21997.98,138384.28
600251.SH,20210121,6.25,6.4,6.23,6.28,172369.58,108531.7
600436.SH,20210121,294.98,301.0,294.8,297.99,36177.51,1078452.615
600409.SH,20210121,12.27,12.34,11.71,11.91,365188.12,435820.651
300097.SZ,20210121,9.08,9.3,9.08,9.14,48153.0,44318.837
002462.SZ,20210121,13.98,14.04,13.83,13.86,22897.37,31862.615
300099.SZ,20210121,7.2,7.27,7.14,7.16,136223.81,97956.877
300093.SZ,20210121,8.25,8.4,8.17,8.35,17401.2,14462.995
601718.SH,20210121,3.05,3.07,3.04,3.05,255397.55,78030.945
002464.SZ,20210121,2.69,2.97,2.68,2.97,179432.77,51754.637
300124.SZ,20210121,93.5,105.92,93.0,102.0,222290.59,2233335.889
300089.SZ,20210121,5.98,6.59,5.7,5.7,259639.09,158669.797
300094.SZ,20210121,4.44,4.79,4.35,4.53,446284.32,203258.914
300253.SZ,20210121,14.5,14.85,14.4,14.51,385566.23,563859.677
300152.SZ,20210121,3.17,3.22,3.01,3.03,417403.0,128427.777
300321.SZ,20210121,19.18,19.47,18.71,18.78,8160.02,15458.87
300245.SZ,20210121,8.58,8.64,8.39,8.57,25166.88,21504.088
300095.SZ,20210121,10.27,11.12,10.05,10.9,178856.1,192784.158
300100.SZ,20210121,11.2,11.88,11.2,11.52,281922.99,324277.488
300092.SZ,20210121,9.09,9.38,9.0,9.25,54105.0,49946.519
002496.SZ,20210121,2.85,2.85,2.85,2.85,20333.0,5794.905
300102.SZ,20210121,5.73,5.98,5.73,5.78,377310.92,220399.186
300103.SZ,20210121,10.73,11.46,10.61,11.14,52943.86,59058.075
002465.SZ,20210121,10.76,10.91,10.69,10.78,245055.95,264570.558
002484.SZ,20210121,10.16,10.25,9.9,10.17,100013.35,101023.115
601018.SH,20210121,4.04,4.19,4.01,4.14,386715.63,159943.654
300126.SZ,20210121,7.17,7.63,7.15,7.28,125828.0,92796.47
002468.SZ,20210121,9.35,9.7,9.29,9.47,124345.43,117960.58
300173.SZ,20210121,6.21,6.21,6.1,6.12,38652.0,23720.614
300110.SZ,20210121,4.47,4.59,4.47,4.54,167759.24,76116.367
002470.SZ,20210121,1.2,1.22,1.19,1.19,183678.0,22060.521
002476.SZ,20210121,4.03,4.08,3.97,4.04,46311.81,18652.887
300107.SZ,20210121,5.52,5.94,5.52,5.72,80788.0,46620.17
300305.SZ,20210121,9.85,10.22,9.75,9.89,66027.04,65765.179
601177.SH,20210121,7.6,7.75,7.57,7.66,20291.01,15548.801
601377.SH,20210121,8.69,9.14,8.63,8.9,1664217.55,1482956.603
603003.SH,20210121,7.29,7.33,7.23,7.28,19054.0,13889.974
300106.SZ,20210121,14.09,14.93,13.8,14.71,208478.2,303366.561
300113.SZ,20210121,15.15,15.72,15.15,15.45,93692.23,145428.578
300114.SZ,20210121,15.88,16.23,15.77,15.93,130601.29,208835.123
300112.SZ,20210121,8.87,9.06,8.74,8.89,60900.66,54353.449
300118.SZ,20210121,26.1,27.65,25.88,27.07,565740.83,1517829.87
300129.SZ,20210121,6.7,6.87,6.55,6.84,316360.75,213742.659
300133.SZ,20210121,6.26,6.4,6.12,6.34,354335.0,222813.599
300117.SZ,20210121,3.45,3.51,3.33,3.39,206517.33,70060.168
300111.SZ,20210121,3.04,3.1,3.01,3.04,178680.47,54501.249
300109.SZ,20210121,12.06,12.55,12.06,12.08,47014.03,57668.642
300116.SZ,20210121,2.16,2.26,2.14,2.18,1591777.28,350203.015
300108.SZ,20210121,3.38,3.53,3.38,3.43,78580.05,27195.556
300270.SZ,20210121,5.51,5.95,5.48,5.84,79426.4,45929.305
002624.SZ,20210121,26.99,28.1,26.82,27.81,676707.97,1871357.806
002621.SZ,20210121,5.19,5.28,5.16,5.24,14459.48,7558.998
002619.SZ,20210121,1.67,1.85,1.66,1.77,1527169.76,276097.422
002745.SZ,20210121,15.7,16.46,15.61,16.11,473775.72,763586.637
002617.SZ,20210121,8.2,8.74,8.1,8.6,1060389.79,896610.933
601669.SH,20210121,3.97,4.01,3.94,3.99,674314.14,268139.906
002641.SZ,20210121,6.55,6.57,6.34,6.4,150846.5,97407.267
300266.SZ,20210121,3.33,3.35,3.28,3.31,137629.97,45608.36
300274.SZ,20210121,94.0,94.01,90.2,93.4,532385.75,4893237.063
601100.SH,20210121,116.83,120.6,116.76,117.75,87679.09,1037843.419
300275.SZ,20210121,10.52,10.54,10.24,10.26,45133.1,46754.726
300283.SZ,20210121,5.6,6.5,5.51,6.5,448289.81,279219.084
002625.SZ,20210121,24.71,25.42,24.52,24.92,327927.26,818414.151
002628.SZ,20210121,3.46,3.51,3.43,3.48,53786.0,18696.067
603686.SH,20210121,16.86,17.16,16.54,17.13,122382.27,206317.77
601225.SH,20210121,11.19,11.41,11.05,11.16,584949.95,657150.79
002623.SZ,20210121,41.49,42.5,40.8,41.69,65666.81,272566.366
002637.SZ,20210121,12.77,13.28,12.76,12.95,58484.0,76435.845
002636.SZ,20210121,8.29,8.4,8.2,8.28,80270.03,66615.257
601555.SH,20210121,9.12,9.31,9.08,9.16,396079.19,364289.512
002634.SZ,20210121,6.19,6.45,6.16,6.39,48852.49,30931.222
002640.SZ,20210121,4.43,4.55,4.37,4.5,285531.45,127911.176
300278.SZ,20210121,4.23,4.27,4.15,4.18,270903.49,113619.186
002631.SZ,20210121,6.82,6.95,6.74,6.92,54942.68,37689.891
002633.SZ,20210121,6.65,6.75,6.61,6.69,29567.03,19752.584
300276.SZ,20210121,3.86,3.96,3.79,3.91,152131.62,59149.644
300280.SZ,20210121,49.25,52.73,49.0,52.01,40609.1,207643.347
603001.SH,20210121,7.18,7.23,7.12,7.14,13470.0,9632.661
300293.SZ,20210121,13.82,14.29,13.66,14.03,99771.46,140228.075
601800.SH,20210121,7.34,7.34,7.26,7.28,280329.17,204445.473
002635.SZ,20210121,18.13,18.19,17.72,17.93,89255.76,160411.259
002648.SZ,20210121,30.88,31.87,30.87,31.5,94613.35,297247.34
002632.SZ,20210121,6.75,6.75,6.62,6.67,47493.9,31704.906
300279.SZ,20210121,5.51,5.56,5.42,5.45,101404.05,55642.141
002646.SZ,20210121,15.5,17.25,15.4,17.25,329193.43,536226.087
002639.SZ,20210121,6.13,6.2,6.08,6.14,76921.09,47313.463
002645.SZ,20210121,9.0,9.86,8.88,9.86,319455.78,306363.733
300285.SZ,20210121,44.11,48.48,44.11,48.23,192015.6,904758.777
300281.SZ,20210121,5.69,5.85,5.66,5.72,67362.0,38902.797
601928.SH,20210121,6.19,6.23,6.15,6.17,60917.0,37603.033
002647.SZ,20210121,9.73,9.9,9.63,9.64,509924.43,495688.078
002638.SZ,20210121,1.67,1.75,1.65,1.69,211272.0,35936.637
300286.SZ,20210121,15.03,15.2,14.81,14.85,39563.52,59277.357
300295.SZ,20210121,11.3,11.61,11.27,11.43,22634.36,25960.784
300525.SZ,20210121,25.21,25.75,24.84,25.45,25731.19,65128.416
603819.SH,20210121,10.32,10.57,10.23,10.34,9737.56,10145.81
600977.SH,20210121,11.93,11.98,11.83,11.88,89763.04,106677.397
603598.SH,20210121,11.4,11.96,11.31,11.53,69200.0,80638.87
603300.SH,20210121,6.23,6.28,6.18,6.22,26306.99,16357.625
603019.SH,20210121,35.13,35.8,34.89,35.41,209842.68,742665.552
603519.SH,20210121,13.81,14.2,13.74,14.01,25808.4,36141.133
002785.SZ,20210121,18.64,19.25,18.64,19.13,31191.67,59584.154
002816.SZ,20210121,22.99,23.1,22.42,23.1,9163.0,20885.846
603689.SH,20210121,10.01,10.13,9.9,10.07,35492.0,35579.962
300665.SZ,20210121,10.42,10.76,10.35,10.66,15505.6,16419.902
603067.SH,20210121,7.0,7.14,6.94,7.0,79696.2,56248.896
002835.SZ,20210121,12.46,12.74,12.33,12.65,24833.0,31173.962
300573.SZ,20210121,100.34,102.35,96.5,97.61,17505.16,172152.4
603682.SH,20210121,7.67,7.7,7.58,7.63,11951.0,9142.803
603886.SH,20210121,16.66,16.84,16.43,16.8,26762.08,44576.609
603601.SH,20210121,12.95,13.62,12.9,13.41,126355.63,167596.4
300428.SZ,20210121,13.59,14.03,13.3,13.81,73977.47,101459.004
603345.SH,20210121,185.0,203.42,183.61,203.42,47816.96,955748.745
603858.SH,20210121,21.93,22.3,21.93,22.11,55461.52,123021.829
300488.SZ,20210121,15.13,15.61,15.13,15.42,10695.0,16496.186
002765.SZ,20210121,4.95,4.98,4.83,4.89,116887.43,57253.832
300426.SZ,20210121,5.75,5.95,5.75,5.86,15620.0,9148.769
300434.SZ,20210121,7.49,7.5,7.31,7.46,16002.18,11879.13
002810.SZ,20210121,49.9,52.5,49.0,50.9,45488.4,230189.472
300539.SZ,20210121,7.14,7.27,7.08,7.1,33672.0,24069.075
603808.SH,20210121,14.19,14.29,13.68,14.05,64857.43,90822.931
603737.SH,20210121,152.01,155.45,152.01,154.66,8410.09,129606.851
603778.SH,20210121,3.97,3.98,3.91,3.95,18028.0,7094.649
300439.SZ,20210121,18.0,18.85,17.99,18.25,42963.88,78814.325
603016.SH,20210121,21.53,21.65,20.85,20.86,6557.06,13849.738
300450.SZ,20210121,90.6,96.8,89.87,96.78,158656.69,1499077.072
603223.SH,20210121,18.84,18.97,18.33,18.45,15384.76,28473.191
603398.SH,20210121,9.29,9.29,9.05,9.07,24507.68,22365.047
300502.SZ,20210121,55.65,56.83,55.12,55.92,73174.65,409068.894
300446.SZ,20210121,7.6,7.74,7.54,7.67,35009.1,26776.287
300493.SZ,20210121,6.92,7.04,6.84,6.91,60420.52,41943.07
300427.SZ,20210121,21.38,22.74,21.12,22.37,93755.72,206830.183
603628.SH,20210121,8.79,8.8,8.6,8.68,30303.0,26365.956
300538.SZ,20210121,22.1,22.21,21.5,22.09,33565.94,73388.841
300556.SZ,20210121,18.2,18.83,18.13,18.51,32294.0,59991.309
300540.SZ,20210121,18.61,18.61,17.65,18.19,36207.33,65663.843
603186.SH,20210121,33.09,33.74,32.65,32.69,24449.14,80921.505
300550.SZ,20210121,17.13,17.5,17.08,17.25,4572.33,7893.726
603035.SH,20210121,12.3,12.48,12.18,12.42,65632.88,80934.435
689009.SH,20210121,85.1,91.91,85.1,88.98,60148.27,536182.202
920433.BJ,20210121,5.45,5.45,5.37,5.39,1417.43,765.057
920523.BJ,20210121,18.85,18.85,11.27,11.97,140.7,165.747
920000.BJ,20210121,7.4,7.5,7.35,7.37,6184.98,4605.22
920344.BJ,20210121,24.05,24.3,23.86,24.04,3480.39,8359.261
920415.BJ,20210121,4.26,4.36,4.23,4.35,4447.16,1918.016
920167.BJ,20210121,31.08,32.95,30.85,32.22,1844.14,5888.83
920445.BJ,20210121,8.66,8.67,8.53,8.61,1389.85,1193.105
920396.BJ,20210121,9.81,10.0,9.81,9.98,820.11,813.332
920640.BJ,20210121,26.52,29.49,26.52,28.7,6399.87,18152.119
920263.BJ,20210121,4.57,4.66,4.55,4.64,2436.25,1128.101
920799.BJ,20210121,25.12,25.38,24.7,25.22,1792.63,4488.346
920839.BJ,20210121,12.74,13.5,12.74,13.49,4169.75,5550.442
920242.BJ,20210121,14.06,14.58,14.06,14.39,978.32,1406.31
920368.BJ,20210121,132.51,150.15,131.11,148.0,3963.75,56483.926
920149.BJ,20210121,11.17,12.5,10.61,11.98,3203.67,3785.981
920682.BJ,20210121,6.99,7.06,6.97,7.0,2608.28,1830.081
920030.BJ,20210121,3.45,3.55,3.42,3.51,9126.04,3193.84
920021.BJ,20210121,5.13,5.31,5.13,5.28,1803.69,948.663
920826.BJ,20210121,6.0,6.85,5.82,6.79,11701.05,7431.945
920184.BJ,20210121,8.43,8.58,8.39,8.58,1897.77,1612.537
920185.BJ,20210121,36.23,37.37,35.83,36.76,7815.13,28877.168
832317.BJ,20210121,19.2,20.0,18.9,19.77,14241.49,27850.906
920047.BJ,20210121,10.79,11.5,10.78,11.29,13459.13,15080.3
920981.BJ,20210121,16.06,16.06,16.06,16.06,3.0,4.818
920508.BJ,20210121,8.56,8.75,8.46,8.62,1458.58,1263.187
920946.BJ,20210121,4.51,4.72,4.51,4.67,7983.01,3716.421
920010.BJ,20210121,3.52,3.53,3.48,3.51,1362.67,477.882
920964.BJ,20210121,3.38,3.44,3.37,3.4,4421.88,1503.703
920475.BJ,20210121,12.8,13.55,12.79,13.55,3334.95,4419.335
920370.BJ,20210121,5.56,5.6,5.47,5.54,3231.38,1782.633
920489.BJ,20210121,8.03,8.14,7.81,8.08,1065.31,854.56
920856.BJ,20210121,5.92,6.05,5.92,6.05,2813.42,1690.241
833874.BJ,20210121,10.55,10.69,10.47,10.58,592.06,625.311
920163.BJ,20210121,6.7,6.76,6.6,6.68,1707.64,1142.429
920670.BJ,20210121,11.48,11.99,11.48,11.98,2294.29,2697.327
920418.BJ,20210121,10.1,10.36,10.1,10.35,1062.8,1089.808
920509.BJ,20210121,6.42,6.5,6.41,6.43,6071.47,3923.367
920961.BJ,20210121,24.83,25.12,24.83,24.96,3289.41,8220.155
920819.BJ,20210121,5.24,5.27,5.17,5.22,4237.18,2209.489
920675.BJ,20210121,7.14,7.23,7.14,7.19,6493.98,4673.299
833994.BJ,20210121,50.93,56.02,50.28,54.87,5267.91,28330.394
920729.BJ,20210121,37.95,39.3,37.91,39.2,540.17,2095.393
920266.BJ,20210121,11.2,11.56,11.18,11.3,1203.85,1368.175
920278.BJ,20210121,11.89,12.9,11.82,12.59,5536.24,6840.469
920510.BJ,20210121,6.18,6.37,6.18,6.23,2048.07,1286.642
920419.BJ,20210121,9.99,9.99,9.25,9.25,26.99,25.113
920402.BJ,20210121,16.52,16.59,16.52,16.59,2.99,4.953
920753.BJ,20210121,25.0,25.0,25.0,25.0,1.0,2.5
920139.BJ,20210121,5.59,5.64,5.55,5.59,1001.0,560.079
920985.BJ,20210121,6.35,6.35,6.15,6.15,1321.0,820.366
920725.BJ,20210121,2.74,2.74,2.74,2.74,1.0,0.274
920179.BJ,20210121,42.99,42.99,42.99,42.99,1.0,4.299
920267.BJ,20210121,12.99,12.99,12.99,12.99,9.58,12.444
920062.BJ,20210121,5.97,5.97,5.97,5.97,5.0,2.985
920914.BJ,20210121,10.0,10.0,10.0,10.0,65.0,65.0
920169.BJ,20210121,4.0,4.0,4.0,4.0,3.0,1.2
920685.BJ,20210121,12.22,12.98,12.22,12.98,51.0,62.438
920876.BJ,20210121,3.76,3.76,3.76,3.76,10.0,3.76
920476.BJ,20210121,5.19,5.4,5.15,5.15,272.0,141.231
920300.BJ,20210121,4.9,5.0,4.9,5.0,80.0,39.8
920942.BJ,20210121,13.5,13.5,13.5,13.5,32.0,43.2
920866.BJ,20210121,4.0,4.0,4.0,4.0,100.0,40.0
920879.BJ,20210121,3.5,3.5,3.5,3.5,900.0,315.0
920855.BJ,20210121,10.0,10.0,10.0,10.0,3.0,3.0
920351.BJ,20210121,2.09,2.12,2.09,2.12,67.0,14.134
920249.BJ,20210121,2.91,2.97,2.91,2.94,621.6,183.298
920478.BJ,20210121,23.5,26.87,23.5,26.87,8.0,19.474
920809.BJ,20210121,3.83,4.02,3.83,3.94,6625.87,2604.411
920023.BJ,20210121,1.78,1.78,1.78,1.78,9.0,1.602
920057.BJ,20210121,2.78,2.78,2.51,2.52,298.49,76.203
920663.BJ,20210121,15.0,15.0,11.5,11.5,2.41,3.469
920575.BJ,20210121,56.71,59.98,56.53,59.48,2006.59,11730.766
920974.BJ,20210121,13.0,13.0,12.99,12.99,185.0,240.495
920556.BJ,20210121,9.85,10.0,9.7,9.71,645.57,628.292
920006.BJ,20210121,7.0,7.0,7.0,7.0,1.0,0.7
920017.BJ,20210121,14.2,14.2,14.0,14.0,147.94,208.496
920982.BJ,20210121,22.38,22.38,21.96,21.96,142.0,316.1
920175.BJ,20210121,2.44,2.51,2.44,2.48,200.3,49.622
920504.BJ,20210121,6.4,6.4,6.4,6.4,5000.0,3200.0
920198.BJ,20210121,19.0,19.1,17.89,18.26,6261.42,11444.765
920978.BJ,20210121,2.0,2.0,2.0,2.0,51.29,10.258
920786.BJ,20210121,3.71,3.89,3.7,3.85,637.0,242.779
920438.BJ,20210121,2.61,2.98,2.61,2.98,301.0,78.598
920123.BJ,20210121,12.36,12.99,12.36,12.48,169.58,210.491
302132.SZ,20210121,15.88,16.23,15.77,15.93,130601.29,208835.123
