ts_code,trade_date,open,high,low,close,vol,amount
300364.SZ,20240124,20.95,21.2,19.7,20.5,825229.81,1683560.392
603861.SH,20240124,8.55,8.77,8.31,8.65,53899.0,46076.483
600764.SH,20240124,19.43,20.08,19.33,20.0,53292.88,104890.628
001278.SZ,20240124,20.8,20.95,19.89,20.61,14862.73,30343.975
600575.SH,20240124,2.32,2.36,2.28,2.35,290083.23,67439.322
301298.SZ,20240124,14.33,14.48,13.76,14.41,19720.89,28026.895
002773.SZ,20240124,16.35,16.64,15.9,16.45,54401.85,88779.627
002918.SZ,20240124,12.28,12.58,11.93,12.39,36041.0,44206.906
002915.SZ,20240124,15.07,15.38,13.86,14.69,365422.6,531342.51
000677.SZ,20240124,2.75,2.84,2.73,2.81,177552.5,49408.068
300091.SZ,20240124,2.25,2.31,2.21,2.31,217927.61,49415.286
002957.SZ,20240124,14.58,14.88,13.98,14.82,77359.2,111976.482
003042.SZ,20240124,15.87,17.4,15.6,16.69,70525.5,115782.938
300182.SZ,20240124,4.27,4.38,4.17,4.36,477381.56,204561.644
300380.SZ,20240124,17.92,19.49,17.5,19.34,86818.0,161622.827
601678.SH,20240124,3.78,3.85,3.7,3.84,125185.84,47508.088
002819.SZ,20240124,26.89,27.1,25.83,26.62,164024.23,433782.873
002330.SZ,20240124,4.79,4.9,4.7,4.88,89489.0,43170.101
002294.SZ,20240124,27.77,28.0,26.9,27.77,27728.81,76294.65
301033.SZ,20240124,36.2,36.33,34.4,35.76,6786.31,24003.604
002917.SZ,20240124,8.37,8.51,8.06,8.4,62820.11,52162.151
600617.SH,20240124,3.52,3.61,3.46,3.6,77085.58,27361.706
300074.SZ,20240124,3.88,3.96,3.77,3.94,190032.0,73634.632
300248.SZ,20240124,7.82,7.93,7.52,7.91,81677.5,63449.238
300561.SZ,20240124,10.01,10.47,9.79,10.45,64894.79,65808.503
002462.SZ,20240124,12.37,12.72,12.06,12.63,45832.0,56780.582
601098.SH,20240124,10.13,10.57,10.0,10.53,147444.19,151330.454
000600.SZ,20240124,4.65,4.71,4.5,4.71,156995.06,72612.411
603439.SH,20240124,16.78,16.93,16.02,16.73,46232.0,76302.73
603035.SH,20240124,15.29,15.48,14.68,15.25,46600.34,70574.931
002192.SZ,20240124,51.0,51.49,47.85,49.98,123920.48,612679.563
603586.SH,20240124,18.5,18.91,17.57,18.56,170334.65,311698.991
688236.SH,20240124,21.07,21.66,19.87,21.32,15668.56,32476.636
000703.SZ,20240124,6.34,6.44,6.27,6.43,79451.87,50660.694
300530.SZ,20240124,21.35,21.56,20.41,21.2,33274.0,69825.267
600055.SH,20240124,14.61,14.79,14.25,14.79,52627.8,76288.049
000933.SZ,20240124,15.69,16.1,15.34,15.89,260551.2,409837.382
000584.SZ,20240124,3.04,3.15,3.03,3.15,119476.0,37372.839
300915.SZ,20240124,28.36,29.24,27.77,29.07,5141.9,14736.77
600703.SH,20240124,12.46,12.52,12.03,12.45,285651.71,351090.27
603109.SH,20240124,15.15,15.39,14.58,15.12,52608.2,78822.307
300579.SZ,20240124,20.85,21.38,20.25,21.18,18716.06,39003.787
688633.SH,20240124,26.14,26.23,24.07,24.97,9536.01,23656.819
688368.SH,20240124,81.15,81.81,76.42,78.86,6986.77,55046.936
002084.SZ,20240124,3.53,3.66,3.44,3.6,125947.53,44840.373
301197.SZ,20240124,15.42,15.57,14.69,15.34,21066.18,31904.264
002442.SZ,20240124,5.08,5.19,4.95,5.14,176682.0,89691.514
002331.SZ,20240124,7.28,7.45,7.05,7.39,97604.99,70792.25
301045.SZ,20240124,21.86,21.9,20.54,21.54,15115.37,32228.562
002697.SZ,20240124,4.61,4.78,4.57,4.75,226020.1,105979.493
301379.SZ,20240124,24.11,24.28,23.02,24.15,15002.03,35542.839
605133.SH,20240124,21.66,22.05,20.98,21.82,19831.92,42780.049
300456.SZ,20240124,19.46,19.7,18.6,19.44,160727.04,307774.675
300584.SZ,20240124,19.43,19.97,19.0,19.76,19152.98,37455.014
300634.SZ,20240124,16.79,16.98,16.08,16.83,108109.3,179234.369
300277.SZ,20240124,7.22,7.42,7.0,7.39,54851.0,39548.322
301018.SZ,20240124,20.92,21.13,20.01,20.83,31731.43,65146.412
002343.SZ,20240124,5.6,5.64,5.41,5.63,107398.0,59591.26
601137.SH,20240124,14.68,14.72,13.96,14.56,123087.18,176734.111
601595.SH,20240124,24.1,25.11,23.5,24.86,304272.68,744038.122
688277.SH,20240124,10.78,10.93,10.34,10.77,38193.12,40528.275
603066.SH,20240124,13.33,14.52,12.61,13.99,545720.61,753899.543
300341.SZ,20240124,9.66,9.77,9.2,9.64,53066.0,50330.264
600741.SH,20240124,16.29,16.46,16.01,16.42,89648.52,145777.703
301446.SZ,20240124,26.25,26.86,25.44,26.5,5791.0,15163.939
600897.SH,20240124,11.83,12.29,11.73,12.25,34663.73,41763.713
600353.SH,20240124,7.29,7.39,6.95,7.28,104210.95,74699.201
600170.SH,20240124,2.23,2.32,2.22,2.32,1204850.51,274944.873
920169.BJ,20240124,8.73,8.96,8.28,8.66,22762.23,19693.014
603324.SH,20240124,29.53,32.0,29.53,31.0,100440.88,309760.724
000860.SZ,20240124,18.05,18.45,17.56,18.08,99415.88,178970.838
300690.SZ,20240124,15.79,16.53,15.23,15.95,63655.56,101207.3
600830.SH,20240124,7.18,7.98,7.05,7.98,482067.35,361143.567
920026.BJ,20240124,37.49,37.49,33.66,35.47,19910.53,70175.837
600808.SH,20240124,2.54,2.63,2.51,2.61,426415.55,109647.114
603918.SH,20240124,16.39,17.29,15.83,16.89,491347.27,819333.642
000859.SZ,20240124,4.5,4.58,4.4,4.57,62571.33,28189.043
920725.BJ,20240124,15.7,15.8,14.68,15.36,10383.21,15809.552
600113.SH,20240124,7.2,7.47,7.15,7.45,70541.79,51697.778
002232.SZ,20240124,13.94,14.07,13.43,14.03,82534.99,114147.74
603630.SH,20240124,13.08,13.61,12.88,13.55,32930.85,43719.356
688219.SH,20240124,8.82,9.0,8.52,8.85,27878.25,24431.678
000903.SZ,20240124,2.43,2.5,2.4,2.49,399837.79,98130.191
301262.SZ,20240124,26.69,27.23,25.98,27.19,28530.38,76159.668
920278.BJ,20240124,7.22,7.28,6.84,7.06,20529.95,14480.75
600927.SH,20240124,14.18,14.94,13.78,14.84,126809.33,182222.654
688480.SH,20240124,35.19,36.0,33.55,36.0,7888.12,27295.621
002648.SZ,20240124,14.23,14.43,13.85,14.14,232877.81,329976.302
688315.SH,20240124,18.09,18.37,17.14,17.83,11623.09,20567.801
300620.SZ,20240124,42.57,46.0,42.21,45.48,205487.39,895574.361
301383.SZ,20240124,51.33,52.79,48.16,49.65,21444.76,106173.356
300113.SZ,20240124,12.3,12.38,11.75,12.3,94134.33,113867.58
603239.SH,20240124,12.92,13.29,12.79,13.28,26576.54,34808.548
300666.SZ,20240124,46.33,46.39,44.05,45.67,30207.88,136220.406
601330.SH,20240124,6.12,6.32,6.06,6.31,47105.0,29153.514
920807.BJ,20240124,6.54,6.54,6.15,6.4,13045.4,8250.483
300254.SZ,20240124,8.5,8.62,7.98,8.32,76615.0,62910.671
300678.SZ,20240124,26.58,27.58,25.8,27.45,162758.71,435389.915
002528.SZ,20240124,6.23,6.35,6.1,6.35,156102.95,97698.09
601318.SH,20240124,39.66,40.3,39.08,40.17,761150.99,3023883.703
000539.SZ,20240124,4.67,4.75,4.54,4.74,237428.4,110770.916
300548.SZ,20240124,26.0,26.32,24.7,25.71,247033.5,630173.462
300710.SZ,20240124,19.22,19.68,18.3,19.15,20957.63,39855.938
000715.SZ,20240124,7.27,7.61,7.25,7.45,395358.93,293304.241
600356.SH,20240124,6.94,7.19,6.77,7.07,61510.4,43060.696
002184.SZ,20240124,12.33,12.42,11.83,12.31,95899.01,116561.313
301125.SZ,20240124,15.3,15.71,14.69,15.45,17176.91,26323.55
688106.SH,20240124,19.48,19.7,18.83,19.58,28185.17,54240.384
600601.SH,20240124,2.52,2.59,2.45,2.55,400183.11,100956.341
603155.SH,20240124,20.26,20.63,19.61,20.36,3803.6,7642.125
605009.SH,20240124,34.8,36.09,34.52,35.88,12314.43,43522.72
002700.SZ,20240124,4.66,4.77,4.66,4.72,12290.0,5806.638
002375.SZ,20240124,4.02,4.1,3.93,4.09,154330.8,62089.709
300740.SZ,20240124,16.17,16.48,15.45,16.0,108808.1,174486.261
688092.SH,20240124,25.63,26.48,25.14,26.45,9633.25,24899.813
300752.SZ,20240124,14.46,15.49,14.0,14.52,75056.09,108899.529
300373.SZ,20240124,37.88,39.5,37.5,39.13,178411.91,684660.612
000972.SZ,20240124,3.17,3.24,3.05,3.18,81976.3,25829.672
600792.SH,20240124,4.57,4.6,4.36,4.53,304504.0,136713.744
002656.SZ,20240124,1.5,1.55,1.47,1.51,43438.69,6557.23
301225.SZ,20240124,28.06,28.29,26.86,27.99,12024.77,33266.954
600160.SH,20240124,15.1,15.54,14.92,15.48,173472.08,264757.99
601059.SH,20240124,17.9,19.81,17.4,18.93,807252.08,1490072.368
600227.SH,20240124,2.28,2.3,2.19,2.26,124356.0,27879.917
002566.SZ,20240124,7.51,7.7,7.27,7.56,66913.91,49963.95
603179.SH,20240124,43.61,44.22,41.91,43.35,25590.44,109944.681
920092.BJ,20240124,35.0,35.29,33.2,34.7,25623.0,87697.157
002529.SZ,20240124,10.27,10.41,9.68,10.13,81997.38,82286.266
600933.SH,20240124,19.55,20.24,18.82,19.36,86386.37,166842.874
601066.SH,20240124,22.12,22.99,21.64,22.76,294494.55,655679.22
300695.SZ,20240124,44.52,45.21,43.01,44.35,4955.0,21836.957
920871.BJ,20240124,8.21,8.33,7.81,8.15,12107.46,9758.775
601021.SH,20240124,52.52,53.85,52.24,53.73,40942.4,217480.696
603916.SH,20240124,8.99,9.14,8.67,9.04,47319.29,42108.766
301138.SZ,20240124,23.01,23.61,22.15,23.17,11224.0,25687.104
000952.SZ,20240124,6.67,6.92,6.51,6.9,84932.6,57185.177
002096.SZ,20240124,10.43,10.75,10.27,10.72,66907.85,70747.894
603713.SH,20240124,45.41,45.69,43.68,45.16,17084.12,76453.979
600519.SH,20240124,1629.0,1633.84,1603.56,1626.0,33216.35,5373603.703
300943.SZ,20240124,11.59,11.79,11.13,11.62,24356.5,28058.679
300779.SZ,20240124,42.79,43.85,40.84,42.18,14643.64,61489.213
601019.SH,20240124,8.38,8.61,8.19,8.48,91594.14,76871.829
603787.SH,20240124,10.92,11.21,10.62,11.06,33022.0,35996.309
688101.SH,20240124,11.75,11.98,11.48,11.91,11537.36,13591.159
000565.SZ,20240124,5.29,5.44,5.18,5.4,55444.0,29493.26
600819.SH,20240124,4.99,5.49,4.97,5.49,522257.5,277796.244
003023.SZ,20240124,17.32,17.79,16.99,17.63,23715.96,41416.691
301060.SZ,20240124,11.1,11.11,10.58,10.96,29386.0,31893.564
600369.SH,20240124,3.73,3.92,3.67,3.89,823681.81,311798.664
001268.SZ,20240124,21.47,21.74,20.56,21.25,13994.0,29565.879
600151.SH,20240124,5.57,5.75,5.5,5.71,212058.0,119261.68
000036.SZ,20240124,3.33,3.42,3.28,3.42,180283.15,60696.854
600805.SH,20240124,4.34,4.53,4.29,4.51,220380.77,97250.856
000713.SZ,20240124,6.66,6.74,6.47,6.72,101078.26,66795.361
600193.SH,20240124,4.35,4.53,4.24,4.48,53154.4,23449.268
002832.SZ,20240124,29.5,30.39,28.8,29.55,24088.73,71080.78
603339.SH,20240124,10.2,10.36,9.86,10.24,43310.37,43840.602
002640.SZ,20240124,3.03,3.14,2.98,3.09,511471.0,157084.865
688335.SH,20240124,10.99,11.85,10.99,11.49,12225.07,13900.187
301510.SZ,20240124,29.45,29.93,28.2,29.3,16952.6,49278.378
000983.SZ,20240124,9.97,10.16,9.91,10.14,352385.87,354780.062
002092.SZ,20240124,5.01,5.09,4.89,5.09,223250.83,111895.284
600976.SH,20240124,54.5,54.85,51.23,53.11,26142.0,137297.791
605008.SH,20240124,13.85,14.3,13.62,14.14,10290.1,14361.183
603578.SH,20240124,12.8,12.91,12.23,12.71,15516.0,19584.049
603389.SH,20240124,5.89,6.23,5.89,6.17,52743.4,32092.961
300267.SZ,20240124,2.84,2.89,2.78,2.89,144703.63,41189.473
603201.SH,20240124,24.81,25.6,23.93,24.61,12036.95,29600.059
300676.SZ,20240124,40.88,41.66,39.83,41.28,21368.1,87469.681
601068.SH,20240124,4.08,4.27,4.05,4.25,116776.71,48497.424
600128.SH,20240124,8.29,8.53,8.16,8.51,80837.97,67594.984
300225.SZ,20240124,6.33,6.42,6.1,6.34,181463.31,113796.503
600249.SH,20240124,5.29,5.49,5.21,5.42,183756.0,98647.157
603163.SH,20240124,32.53,33.34,31.66,33.1,19001.8,61916.174
600734.SH,20240124,3.98,4.15,3.89,3.89,490016.52,199324.415
300592.SZ,20240124,21.6,23.07,21.2,21.9,53229.0,117392.502
688049.SH,20240124,28.88,29.03,27.22,28.24,27227.15,76170.373
000040.SZ,20240124,3.35,3.4,3.26,3.39,131812.39,44109.122
300384.SZ,20240124,13.28,13.39,12.83,13.37,28424.14,37418.73
600780.SH,20240124,6.87,7.04,6.68,6.96,83494.28,57297.498
000976.SZ,20240124,1.27,1.28,1.24,1.26,582335.0,72646.786
300281.SZ,20240124,4.89,5.02,4.8,4.96,89529.99,43997.485
688620.SH,20240124,9.7,9.75,9.27,9.65,34376.35,32731.039
688279.SH,20240124,99.5,99.98,93.54,97.09,5407.6,52219.256
300711.SZ,20240124,11.46,11.56,11.02,11.52,32450.89,36798.647
300911.SZ,20240124,30.38,31.32,29.66,30.86,24325.7,74383.614
688127.SH,20240124,20.36,20.49,19.19,19.75,41719.61,81977.725
300805.SZ,20240124,8.2,8.5,8.1,8.4,102062.0,84650.12
688700.SH,20240124,42.77,42.98,40.0,41.55,36404.57,149858.952
603815.SH,20240124,7.08,7.22,6.76,7.17,116101.0,81430.761
601456.SH,20240124,10.05,10.5,9.7,10.39,778983.7,785292.565
920509.BJ,20240124,9.08,9.61,8.95,9.36,30133.1,27903.575
600609.SH,20240124,3.99,4.2,3.97,4.2,182930.12,74644.814
600883.SH,20240124,7.3,7.53,7.12,7.47,46293.85,33989.214
000922.SZ,20240124,8.6,9.04,8.46,9.04,77210.01,67415.84
002909.SZ,20240124,6.55,6.95,6.51,6.74,216582.23,145252.496
920694.BJ,20240124,19.0,19.2,17.86,18.6,7163.34,13261.582
601169.SH,20240124,4.78,4.88,4.77,4.87,968298.46,467905.868
002533.SZ,20240124,8.57,8.81,8.29,8.65,212387.89,181172.231
600721.SH,20240124,6.47,6.55,6.3,6.48,93119.5,60100.288
300680.SZ,20240124,16.48,16.48,15.53,16.04,32722.6,51919.648
000862.SZ,20240124,5.72,5.83,5.64,5.82,51698.0,29719.921
605186.SH,20240124,31.96,32.04,30.0,31.38,21232.0,65417.271
600177.SH,20240124,6.45,6.59,6.44,6.59,131418.95,85718.318
688120.SH,20240124,170.3,171.65,163.3,166.81,9413.67,157511.801
301062.SZ,20240124,9.47,9.78,8.98,9.32,41643.97,38876.606
300412.SZ,20240124,4.72,4.8,4.52,4.75,107131.7,50011.69
603181.SH,20240124,9.39,9.41,9.03,9.34,22567.95,20700.132
301487.SZ,20240124,33.7,34.28,32.55,33.71,33241.39,110731.602
603007.SH,20240124,7.0,7.29,6.96,7.27,198581.45,141064.317
000521.SZ,20240124,6.53,6.93,6.51,6.9,369232.73,249977.387
601002.SH,20240124,4.29,4.36,4.15,4.35,100500.71,42908.621
300366.SZ,20240124,10.53,10.66,10.07,10.52,165232.63,171247.997
603536.SH,20240124,12.28,12.63,12.11,12.6,127929.4,159247.258
002631.SZ,20240124,5.32,5.53,5.23,5.4,66566.59,35821.621
601988.SH,20240124,3.99,4.1,3.98,4.1,2701847.31,1091798.262
601136.SH,20240124,17.2,18.39,16.89,18.39,1110297.83,1942265.79
688592.SH,20240124,42.3,42.53,40.5,42.18,4451.77,18580.643
300662.SZ,20240124,22.83,23.14,21.91,22.78,18830.05,42400.851
600059.SH,20240124,8.37,8.55,8.22,8.52,80930.07,68073.05
002879.SZ,20240124,13.4,13.55,12.83,13.33,28384.19,37445.176
002481.SZ,20240124,3.98,4.12,3.9,4.12,158025.55,63456.643
301413.SZ,20240124,53.7,53.99,51.3,52.5,18988.49,99654.356
600058.SH,20240124,8.25,8.51,8.12,8.5,36280.0,30237.69
600081.SH,20240124,9.82,10.11,9.49,10.08,97656.97,95812.723
300036.SZ,20240124,16.4,16.5,15.69,16.23,109550.09,176211.92
920906.BJ,20240124,18.59,18.64,17.24,17.83,41744.9,74463.84
688689.SH,20240124,21.29,21.46,20.3,21.32,14408.88,30215.577
300316.SZ,20240124,38.75,38.97,36.28,37.38,228833.59,851599.738
300698.SZ,20240124,29.48,29.75,28.21,29.28,12073.0,35045.49
300145.SZ,20240124,2.7,2.73,2.61,2.72,439772.03,117505.667
600610.SH,20240124,6.73,6.75,6.42,6.7,248044.38,164004.559
300608.SZ,20240124,12.53,12.65,12.1,12.55,160056.6,198345.636
000526.SZ,20240124,40.18,40.95,39.81,40.84,33871.0,136515.383
688343.SH,20240124,39.91,39.99,37.61,39.54,20419.32,79125.226
002899.SZ,20240124,14.06,14.62,13.85,14.36,40364.0,57501.149
002910.SZ,20240124,9.1,9.76,8.97,9.54,75367.0,69992.824
603050.SH,20240124,17.32,18.23,16.66,17.44,78724.0,136888.737
300589.SZ,20240124,11.6,11.76,11.14,11.63,57609.15,66305.943
002777.SZ,20240124,19.9,20.04,19.12,19.87,79451.06,155506.168
301299.SZ,20240124,46.42,49.36,44.91,48.5,15361.0,71826.498
603139.SH,20240124,16.25,16.34,15.36,16.03,22170.54,35133.563
000958.SZ,20240124,3.61,3.88,3.56,3.79,213708.05,78841.701
600722.SH,20240124,4.21,4.34,4.14,4.3,94014.36,39991.502
603068.SH,20240124,24.27,24.35,23.15,24.2,23044.0,54902.01
300198.SZ,20240124,2.34,2.45,2.32,2.43,135720.0,32482.273
300570.SZ,20240124,36.72,37.0,35.01,36.65,181825.75,658171.222
000959.SZ,20240124,3.06,3.15,3.02,3.14,317242.18,97909.582
000545.SZ,20240124,2.68,2.74,2.58,2.68,101060.07,26872.821
001239.SZ,20240124,21.9,22.41,21.25,22.07,154152.5,336942.354
300966.SZ,20240124,19.35,19.76,18.6,19.34,19568.12,37511.404
300007.SZ,20240124,15.53,16.08,14.87,15.82,137769.9,213294.98
002351.SZ,20240124,13.69,13.8,13.15,13.75,165093.11,222762.055
600917.SH,20240124,5.89,6.0,5.81,6.0,34131.62,20202.979
301408.SZ,20240124,14.01,15.0,13.85,14.56,62057.69,89100.699
001287.SZ,20240124,16.78,17.28,16.39,17.15,74283.47,124665.897
920198.BJ,20240124,9.73,11.12,9.45,10.51,150294.44,155116.086
603076.SH,20240124,23.4,23.73,22.56,23.67,13528.0,31403.514
688582.SH,20240124,29.72,29.99,28.45,29.5,19355.07,56400.015
000638.SZ,20240124,6.11,6.63,6.08,6.44,615663.06,395832.478
600587.SH,20240124,21.51,21.89,20.63,21.33,65447.09,138059.412
002010.SZ,20240124,4.24,4.39,4.17,4.38,153637.22,65781.728
603159.SH,20240124,13.96,15.5,13.95,15.03,54351.6,79569.04
300190.SZ,20240124,3.76,3.85,3.68,3.83,89435.97,33707.525
002755.SZ,20240124,9.65,9.65,9.2,9.54,31552.0,29863.654
300820.SZ,20240124,44.11,44.6,41.63,43.24,35248.57,150946.125
300130.SZ,20240124,18.77,19.2,18.05,19.09,303518.57,563203.019
601881.SH,20240124,10.91,11.52,10.72,11.4,963385.27,1071681.837
688308.SH,20240124,21.76,22.14,20.6,21.2,21781.01,45962.697
300891.SZ,20240124,8.42,8.53,8.1,8.4,39058.04,32491.181
002348.SZ,20240124,3.94,4.1,3.85,3.95,378869.87,150555.756
603169.SH,20240124,5.08,5.24,4.99,5.23,148399.52,76161.959
000570.SZ,20240124,6.03,6.21,5.83,6.14,495203.44,299724.271
002119.SZ,20240124,11.1,11.15,10.54,11.02,90865.26,98450.294
002006.SZ,20240124,12.29,12.48,11.81,12.27,44376.18,53911.304
000415.SZ,20240124,1.99,2.12,1.96,2.11,1135818.77,232834.181
301098.SZ,20240124,10.17,10.55,10.06,10.48,31905.5,33021.628
000547.SZ,20240124,6.99,7.14,6.79,7.11,137816.57,95907.058
301178.SZ,20240124,26.19,26.46,25.0,26.32,12763.43,32910.725
300477.SZ,20240124,3.2,3.28,3.11,3.24,136305.87,43576.828
002771.SZ,20240124,21.51,22.98,21.51,22.69,357880.9,803295.896
600804.SH,20240124,3.69,3.83,3.58,3.78,293239.0,108542.456
300950.SZ,20240124,13.49,13.64,13.0,13.56,16243.54,21674.425
000915.SZ,20240124,28.1,28.25,26.95,27.85,33657.66,93053.071
002060.SZ,20240124,4.15,4.28,4.11,4.27,281278.24,117821.861
603499.SH,20240124,13.25,13.54,12.12,12.83,121580.33,156286.901
002399.SZ,20240124,9.17,9.24,8.8,9.18,74769.4,67558.939
000803.SZ,20240124,5.16,5.19,4.95,5.14,39753.4,20197.341
603172.SH,20240124,14.35,14.8,13.92,14.46,31866.74,45709.111
600278.SH,20240124,6.95,7.25,6.73,7.03,231073.75,162114.49
601111.SH,20240124,7.04,7.2,7.0,7.2,517625.13,368513.338
300047.SZ,20240124,7.19,7.26,6.92,7.24,182933.81,130298.774
002407.SZ,20240124,13.23,13.28,12.62,13.12,117967.55,152509.797
000011.SZ,20240124,8.83,9.45,8.79,9.41,170924.5,157166.915
688265.SH,20240124,29.58,30.44,28.77,30.2,4619.14,13595.13
002262.SZ,20240124,25.35,25.84,25.0,25.67,51009.0,129937.964
600848.SH,20240124,9.43,10.05,9.4,9.83,163100.6,159111.626
300012.SZ,20240124,12.02,12.86,11.92,12.84,629774.43,784195.858
300324.SZ,20240124,2.85,2.89,2.76,2.88,267763.12,75898.763
688057.SH,20240124,12.26,12.44,11.91,12.39,10352.41,12623.955
300193.SZ,20240124,6.77,6.86,6.53,6.83,77664.8,51956.756
688083.SH,20240124,76.69,78.68,74.78,78.28,11043.01,84653.616
300543.SZ,20240124,8.63,8.88,8.3,8.62,67216.45,57472.167
002569.SZ,20240124,6.78,6.84,6.7,6.83,5865.0,3978.177
301108.SZ,20240124,29.33,30.15,28.6,29.61,4538.0,13354.272
300749.SZ,20240124,7.87,8.19,7.67,7.98,54845.0,43416.899
000869.SZ,20240124,21.92,22.19,21.28,22.19,18011.3,39277.943
600178.SH,20240124,11.69,11.93,11.4,11.81,301794.8,351563.798
600818.SH,20240124,10.6,11.58,10.6,11.2,123388.0,137693.275
603080.SH,20240124,14.56,14.86,14.14,14.82,30192.0,43826.861
600409.SH,20240124,5.0,5.06,4.85,5.04,168411.07,83846.813
300890.SZ,20240124,28.58,28.89,27.18,28.4,14301.21,40107.573
300093.SZ,20240124,22.26,23.2,21.1,22.38,311927.75,694502.215
300370.SZ,20240124,2.13,2.21,2.12,2.2,168882.0,36592.379
002046.SZ,20240124,9.33,9.59,9.06,9.59,100143.0,93391.721
603356.SH,20240124,12.49,13.0,12.19,12.7,28099.94,35300.904
002983.SZ,20240124,25.55,25.77,24.53,25.52,14010.7,35329.667
603633.SH,20240124,7.54,7.69,7.27,7.59,66672.29,49939.926
603858.SH,20240124,15.36,15.54,15.0,15.5,46112.24,70464.472
600900.SH,20240124,23.31,23.87,23.28,23.85,1086490.42,2566320.795
600988.SH,20240124,12.24,12.34,11.95,12.32,176156.08,214884.339
300058.SZ,20240124,6.55,6.61,6.36,6.59,545897.0,355206.76
920300.BJ,20240124,12.09,12.68,11.88,12.28,45944.25,56540.871
002280.SZ,20240124,2.15,2.23,2.13,2.21,331940.7,72525.1
300886.SZ,20240124,20.51,20.9,19.7,20.51,9806.42,19927.123
688098.SH,20240124,6.21,6.33,6.05,6.28,27984.7,17375.228
000622.SZ,20240124,3.69,3.86,3.65,3.86,121213.0,45596.819
920580.BJ,20240124,7.2,7.25,6.94,7.14,9499.58,6728.521
002649.SZ,20240124,9.98,10.04,9.51,10.01,126467.85,123819.393
603188.SH,20240124,3.34,3.46,3.24,3.4,126620.17,42574.318
301015.SZ,20240124,30.78,31.37,30.17,30.94,24051.0,74185.016
603281.SH,20240124,26.4,26.8,25.83,26.57,20606.22,54185.253
600868.SH,20240124,2.33,2.36,2.28,2.36,118653.44,27667.155
300067.SZ,20240124,2.68,2.75,2.63,2.73,103283.86,27885.905
000425.SZ,20240124,5.34,5.45,5.23,5.44,551822.41,295890.608
301097.SZ,20240124,41.6,42.64,40.61,41.85,3659.33,15219.777
600645.SH,20240124,17.06,17.18,16.55,17.08,49424.12,83669.13
301229.SZ,20240124,28.88,28.88,26.69,27.76,10877.68,29862.374
300347.SZ,20240124,48.21,48.37,45.65,47.8,111784.04,524267.274
601083.SH,20240124,10.68,11.55,10.61,11.26,389234.39,435322.641
688177.SH,20240124,36.45,36.5,35.11,35.95,13582.32,48442.114
600191.SH,20240124,5.69,6.22,5.47,6.22,207691.72,121823.826
300833.SZ,20240124,104.41,106.31,100.76,103.28,2310.0,23898.574
605056.SH,20240124,12.7,12.7,12.06,12.58,38637.55,47797.908
600299.SH,20240124,7.47,7.54,7.23,7.44,50530.25,37371.789
601226.SH,20240124,7.03,7.6,7.03,7.36,495884.61,364304.555
000680.SZ,20240124,5.09,5.1,4.74,4.89,666211.24,329149.195
001301.SZ,20240124,31.0,31.23,29.37,30.47,30418.48,91812.497
300348.SZ,20240124,8.34,8.59,8.15,8.58,107708.23,90321.918
605006.SH,20240124,6.07,6.13,5.88,6.13,19034.02,11495.995
688385.SH,20240124,30.65,30.8,28.92,30.17,76550.11,227386.009
300741.SZ,20240124,18.54,18.78,18.01,18.63,13891.3,25662.966
600759.SH,20240124,2.21,2.25,2.13,2.23,101246.94,22210.713
688717.SH,20240124,95.0,100.84,93.01,96.67,36523.74,353165.12
002468.SZ,20240124,7.29,7.45,7.08,7.42,100057.5,72993.114
600737.SH,20240124,7.68,7.87,7.5,7.85,192045.0,147486.434
603133.SH,20240124,6.58,6.62,6.44,6.6,15368.0,10033.296
000729.SZ,20240124,7.79,7.87,7.59,7.81,174285.0,135033.05
300957.SZ,20240124,63.6,64.43,60.8,63.41,41830.56,262422.248
301378.SZ,20240124,39.01,39.01,37.21,38.73,5026.41,19193.762
688651.SH,20240124,37.95,38.04,35.69,37.4,8019.72,29587.598
688512.SH,20240124,14.81,15.12,13.82,14.52,36922.5,52787.781
688114.SH,20240124,77.7,79.44,75.96,78.0,12615.38,97316.897
688381.SH,20240124,19.18,19.55,18.65,19.49,20881.49,39760.773
601636.SH,20240124,6.22,6.32,5.98,6.18,375298.8,230371.284
920751.BJ,20240124,9.0,9.33,8.62,9.19,46479.33,42025.553
000949.SZ,20240124,2.91,2.96,2.8,2.94,162629.0,46889.668
920139.BJ,20240124,14.58,15.01,14.1,14.65,54670.13,79467.595
002596.SZ,20240124,2.43,2.48,2.37,2.48,167660.0,40833.883
600655.SH,20240124,6.04,6.24,6.0,6.24,176432.29,108617.8
688229.SH,20240124,37.88,37.88,35.15,36.82,9835.43,35677.493
001314.SZ,20240124,49.43,50.01,46.66,47.96,83730.43,400154.476
002645.SZ,20240124,9.59,10.0,9.41,10.0,97338.75,94470.138
002364.SZ,20240124,6.42,6.53,6.2,6.5,78785.2,50360.84
600584.SH,20240124,25.1,25.22,23.58,24.51,420826.21,1018229.553
603017.SH,20240124,8.75,8.94,8.48,8.89,38818.0,33933.025
603009.SH,20240124,12.1,12.44,11.7,12.37,131340.09,158655.103
000707.SZ,20240124,7.2,7.3,6.9,7.23,99640.0,70801.612
688215.SH,20240124,29.39,30.18,28.62,29.63,3450.34,10146.456
300243.SZ,20240124,8.0,8.28,7.83,8.16,60005.0,48519.465
603501.SH,20240124,88.28,89.9,87.02,89.3,108988.96,960977.355
301036.SZ,20240124,18.3,18.73,17.74,18.44,18647.44,34046.394
600694.SH,20240124,15.8,16.37,15.76,16.35,39453.84,63462.658
000533.SZ,20240124,4.09,4.2,3.96,4.13,164561.0,67173.629
000069.SZ,20240124,2.78,2.91,2.77,2.91,553005.24,156974.962
000981.SZ,20240124,1.43,1.45,1.4,1.44,431278.62,61588.64
688293.SH,20240124,43.18,43.18,41.08,42.28,6483.42,27215.624
002870.SZ,20240124,29.76,30.09,28.44,29.68,24179.04,70769.608
920855.BJ,20240124,10.95,11.23,10.4,11.1,12819.43,13938.548
300901.SZ,20240124,8.8,9.17,8.56,8.97,46843.09,41661.052
601199.SH,20240124,4.68,4.77,4.57,4.75,87102.0,40853.323
002940.SZ,20240124,17.19,17.49,16.45,17.1,14041.53,23795.926
600605.SH,20240124,23.58,23.74,22.09,23.35,51516.4,117009.128
000559.SZ,20240124,4.44,4.51,4.37,4.49,154979.81,69147.576
688201.SH,20240124,15.45,15.66,14.83,15.49,24430.1,37189.997
301092.SZ,20240124,22.65,23.05,21.93,22.8,6797.59,15335.233
300605.SZ,20240124,12.2,12.38,11.69,12.28,42337.53,50890.515
600549.SH,20240124,16.12,16.24,15.66,16.21,61698.55,98914.902
002763.SZ,20240124,8.45,8.77,8.11,8.47,155049.2,131039.519
688466.SH,20240124,14.99,15.37,14.36,15.03,14839.5,21984.59
603026.SH,20240124,41.33,44.21,40.72,42.34,50491.38,213850.463
000582.SZ,20240124,7.04,7.28,7.0,7.28,114002.72,81478.288
000007.SZ,20240124,3.89,4.07,3.89,4.06,25050.45,9984.726
300921.SZ,20240124,20.25,20.44,19.38,20.27,15824.74,31579.773
603317.SH,20240124,11.92,12.18,11.72,12.16,58150.0,69721.256
603213.SH,20240124,10.33,10.97,10.25,10.63,113444.7,120638.797
003020.SZ,20240124,22.8,23.26,22.0,22.35,23273.5,52215.66
601218.SH,20240124,3.44,3.5,3.3,3.44,208646.0,70992.773
003037.SZ,20240124,9.7,9.97,9.5,9.95,15508.79,15170.943
600019.SH,20240124,5.7,5.9,5.69,5.89,863898.64,500319.689
002312.SZ,20240124,6.1,6.22,5.91,6.2,119890.6,72908.034
000913.SZ,20240124,10.96,11.19,10.67,11.17,47346.05,51955.026
600836.SH,20240124,4.19,4.19,4.19,4.19,164717.02,69016.431
600699.SH,20240124,16.0,16.14,15.22,15.86,188388.05,295631.107
920832.BJ,20240124,5.35,5.35,5.11,5.25,16116.68,8407.125
000751.SZ,20240124,2.82,2.91,2.78,2.9,152769.29,43600.969
688599.SH,20240124,27.62,27.62,25.85,26.48,247492.08,655316.828
000055.SZ,20240124,4.19,4.29,4.12,4.29,92569.17,39049.791
920242.BJ,20240124,18.6,19.41,18.03,18.85,16830.65,31524.463
300782.SZ,20240124,105.23,105.73,102.18,105.45,67121.61,700151.833
688133.SH,20240124,36.88,37.0,34.25,35.71,21944.96,77688.911
300829.SZ,20240124,17.32,17.55,16.66,17.35,11620.0,19923.88
688739.SH,20240124,28.69,28.87,27.72,28.62,14376.37,40721.503
002907.SZ,20240124,14.38,14.7,14.1,14.55,38428.11,55556.863
601007.SH,20240124,7.3,7.59,7.26,7.59,101895.6,75976.969
600998.SH,20240124,6.76,6.86,6.61,6.84,83907.71,56822.948
300079.SZ,20240124,4.6,4.67,4.48,4.64,176936.56,81179.823
000617.SZ,20240124,5.1,5.59,5.08,5.59,1854838.46,1002641.568
300789.SZ,20240124,18.53,18.7,17.67,18.4,14802.71,26853.482
301459.SZ,20240124,38.68,39.45,37.45,38.63,15525.47,59655.561
000876.SZ,20240124,8.27,8.31,8.03,8.3,203332.96,166474.626
001368.SZ,20240124,26.01,27.09,25.3,26.36,55820.16,147001.407
301026.SZ,20240124,24.27,24.79,23.58,24.7,17267.63,41683.246
688579.SH,20240124,9.32,9.59,9.03,9.42,45430.15,42067.91
002635.SZ,20240124,12.52,12.54,11.95,12.44,126919.57,155774.145
002224.SZ,20240124,4.62,4.72,4.56,4.71,101969.0,47284.523
300969.SZ,20240124,80.81,84.97,80.05,82.8,8599.0,71040.385
688021.SH,20240124,16.72,17.0,16.08,16.89,11769.05,19611.345
688596.SH,20240124,34.82,35.14,33.46,34.55,19152.08,65364.337
300350.SZ,20240124,5.64,6.59,5.54,5.98,1136992.73,682654.887
301006.SZ,20240124,14.69,14.8,14.04,14.6,11889.3,17189.733
600361.SH,20240124,4.26,4.35,4.19,4.34,52018.0,22215.173
688075.SH,20240124,34.41,34.8,33.7,34.68,2842.6,9743.269
688636.SH,20240124,48.48,48.48,46.08,47.8,8793.66,41350.984
001207.SZ,20240124,14.7,15.0,14.08,14.52,35184.17,50734.637
002989.SZ,20240124,15.97,16.48,15.67,16.44,25789.0,41602.512
002377.SZ,20240124,2.28,2.36,2.23,2.35,273118.51,63039.266
600971.SH,20240124,10.4,10.6,10.27,10.56,140532.28,146982.74
600321.SH,20240124,1.51,1.56,1.48,1.55,212555.0,32491.585
920046.BJ,20240124,8.44,8.5,7.76,8.21,14140.15,11483.074
300479.SZ,20240124,16.8,16.93,15.8,16.83,33300.0,54660.786
603162.SH,20240124,14.45,14.91,14.32,14.9,44210.82,64970.953
600597.SH,20240124,8.04,8.54,8.04,8.5,118861.28,98300.897
002650.SZ,20240124,3.58,3.63,3.46,3.62,94469.0,33713.355
300342.SZ,20240124,11.75,12.04,11.39,11.99,177499.69,209321.749
002254.SZ,20240124,12.08,12.35,11.71,12.19,106140.58,127853.149
600297.SH,20240124,1.48,1.52,1.44,1.52,729603.25,108499.49
301176.SZ,20240124,13.38,13.46,12.78,13.32,17994.35,23670.193
001387.SZ,20240124,26.79,26.79,24.12,24.85,134648.41,340947.282
001379.SZ,20240124,21.38,23.5,21.11,22.05,253863.08,560538.566
002303.SZ,20240124,3.12,3.22,3.05,3.18,204462.0,64288.436
002691.SZ,20240124,6.3,6.5,6.18,6.48,44108.0,28130.126
600488.SH,20240124,4.19,4.24,4.07,4.24,83428.31,34787.088
002090.SZ,20240124,8.76,9.14,8.49,8.77,190293.15,167468.277
300424.SZ,20240124,10.61,10.81,10.28,10.76,34133.38,36117.799
002718.SZ,20240124,14.33,15.44,14.22,15.06,29150.27,43056.223
301336.SZ,20240124,37.7,38.8,36.93,38.36,6000.0,22800.846
301498.SZ,20240124,40.1,41.17,38.87,41.0,17154.48,68842.226
601368.SH,20240124,4.83,4.93,4.71,4.93,109430.0,52867.803
301027.SZ,20240124,10.66,11.18,10.46,11.01,40006.05,43253.609
300402.SZ,20240124,16.13,16.46,15.75,16.43,29354.0,47441.857
300253.SZ,20240124,5.78,5.86,5.63,5.85,248343.12,142898.317
300630.SZ,20240124,18.73,18.94,17.97,18.66,94365.64,173855.915
300086.SZ,20240124,5.03,5.12,4.9,5.11,69200.88,34903.289
002005.SZ,20240124,1.29,1.31,1.28,1.3,56255.32,7295.296
300008.SZ,20240124,3.68,3.77,3.64,3.74,255141.89,94755.97
600967.SH,20240124,7.15,7.3,7.04,7.28,110700.58,79612.568
002328.SZ,20240124,4.96,5.32,4.94,5.15,140855.77,71599.692
002745.SZ,20240124,7.24,7.44,7.04,7.39,174571.19,126295.228
002122.SZ,20240124,3.44,3.5,3.33,3.48,287797.45,98713.235
920566.BJ,20240124,8.54,8.65,8.16,8.56,21606.9,18145.093
600006.SH,20240124,6.03,6.5,5.9,6.4,1179886.52,731138.388
002570.SZ,20240124,3.48,3.55,3.39,3.54,142566.39,49762.62
000768.SZ,20240124,19.35,19.73,19.0,19.72,143555.26,277915.403
002829.SZ,20240124,21.1,21.25,20.18,21.08,28482.01,59129.467
600386.SH,20240124,3.79,3.9,3.74,3.88,120403.0,46030.968
002347.SZ,20240124,4.7,4.78,4.56,4.78,410173.6,192875.056
301567.SZ,20240124,47.5,47.54,43.4,44.99,73814.36,333548.149
300436.SZ,20240124,21.32,21.66,20.4,21.36,14178.0,29788.824
603912.SH,20240124,7.2,7.29,6.88,7.2,106210.22,75318.166
688336.SH,20240124,19.8,20.11,19.1,19.75,14093.57,27674.01
603969.SH,20240124,5.95,6.05,5.68,5.85,211377.49,123640.617
002396.SZ,20240124,15.24,15.48,14.75,15.36,51796.0,78370.689
301319.SZ,20240124,46.53,46.95,44.71,46.45,5630.51,25716.456
688314.SH,20240124,26.15,26.56,25.13,25.88,7136.29,18384.402
601686.SH,20240124,6.06,6.18,5.91,6.13,37981.7,22976.605
002278.SZ,20240124,4.99,5.1,4.83,5.02,129309.01,64130.634
000709.SZ,20240124,2.0,2.05,1.98,2.05,620858.77,124741.744
002248.SZ,20240124,7.05,7.27,6.74,7.0,80621.0,56365.659
920627.BJ,20240124,16.73,17.14,15.55,15.95,66441.5,106483.537
601606.SH,20240124,10.18,10.37,9.92,10.33,77654.58,78885.726
300880.SZ,20240124,15.64,15.91,14.97,15.69,27122.13,41922.222
001914.SZ,20240124,10.48,10.82,10.32,10.7,63976.0,67796.74
301367.SZ,20240124,97.5,98.43,92.37,95.63,4196.53,39861.673
003029.SZ,20240124,17.85,18.2,17.14,17.76,52532.0,92832.473
688001.SH,20240124,26.01,26.28,24.6,25.64,13945.89,35258.696
600635.SH,20240124,2.81,2.93,2.81,2.93,224669.43,64697.939
300100.SZ,20240124,8.17,8.37,7.93,8.26,82387.0,67348.14
688105.SH,20240124,25.88,25.96,24.32,24.98,23092.45,57331.015
300747.SZ,20240124,20.66,20.82,19.9,20.82,70280.19,143492.964
600756.SH,20240124,11.66,11.76,11.22,11.72,55375.46,63600.042
301117.SZ,20240124,38.62,38.7,36.5,37.81,25969.57,97181.947
002272.SZ,20240124,5.42,5.54,5.28,5.48,87250.0,47200.079
000538.SZ,20240124,47.38,48.53,47.0,48.33,87484.03,417920.507
000963.SZ,20240124,33.14,33.26,31.82,32.88,112328.49,364665.212
002183.SZ,20240124,3.96,4.06,3.88,4.06,200498.62,79970.773
600654.SH,20240124,2.4,2.4,2.39,2.4,165422.37,39698.024
300406.SZ,20240124,18.31,18.49,17.5,18.05,35484.88,63589.725
605088.SH,20240124,18.87,18.99,17.9,18.55,44936.1,82589.612
300345.SZ,20240124,7.1,7.12,6.68,6.93,116447.0,80530.846
301283.SZ,20240124,28.6,29.44,27.65,28.8,11377.69,32571.543
300903.SZ,20240124,7.85,7.96,7.48,7.84,99301.2,76678.771
300513.SZ,20240124,9.29,9.29,8.82,9.22,56167.0,50789.248
300928.SZ,20240124,41.6,41.6,39.12,40.38,10776.0,43221.876
001696.SZ,20240124,5.68,5.81,5.53,5.77,118971.45,67739.215
300812.SZ,20240124,34.79,35.78,33.59,35.78,169835.76,592095.273
001215.SZ,20240124,42.0,42.77,40.03,41.58,13805.39,56989.216
603565.SH,20240124,7.28,7.47,7.11,7.42,76504.35,55966.972
300357.SZ,20240124,23.46,23.82,22.72,23.71,45790.73,106073.963
002198.SZ,20240124,6.13,6.2,5.91,6.13,58843.0,35607.803
601985.SH,20240124,7.78,8.02,7.74,7.98,1072498.64,847764.076
001336.SZ,20240124,25.65,25.91,24.82,25.48,13863.74,35186.279
000801.SZ,20240124,8.41,8.59,7.89,8.26,297263.14,244706.782
603583.SH,20240124,17.45,17.86,16.85,17.49,36237.86,62807.81
600197.SH,20240124,19.24,19.31,18.67,19.25,29315.3,55778.349
920961.BJ,20240124,12.23,12.5,12.08,12.4,38984.82,48106.898
688607.SH,20240124,16.1,16.38,15.34,15.85,27483.04,43481.32
603799.SH,20240124,28.02,28.12,26.78,27.88,278389.31,764645.806
300388.SZ,20240124,5.84,5.99,5.75,5.99,58993.0,34655.315
301509.SZ,20240124,51.69,52.48,49.47,51.5,13832.97,70483.24
688648.SH,20240124,21.7,25.16,21.68,24.32,65431.19,153766.1
002133.SZ,20240124,3.25,3.42,3.24,3.41,238920.0,79742.531
300397.SZ,20240124,8.25,8.34,7.98,8.26,75684.56,61661.059
600941.SH,20240124,95.0,97.66,94.85,97.1,79697.21,768948.622
000063.SZ,20240124,24.04,24.09,23.11,24.02,1030620.42,2436285.281
603171.SH,20240124,27.56,29.2,27.3,29.06,25542.24,71920.764
600217.SH,20240124,4.04,4.2,4.0,4.18,115449.3,47093.729
600653.SH,20240124,1.64,1.69,1.62,1.69,202733.58,33710.352
000895.SZ,20240124,27.21,27.42,26.93,27.42,140298.32,382099.131
301037.SZ,20240124,16.32,16.96,15.76,16.44,15754.3,25729.933
603025.SH,20240124,10.04,10.31,9.88,10.26,51597.85,52151.889
002971.SZ,20240124,26.48,26.83,25.03,26.4,32087.82,83256.615
920821.BJ,20240124,20.0,21.02,18.96,20.62,79735.52,158203.576
002709.SZ,20240124,22.07,22.22,20.63,21.5,412323.94,875929.06
600459.SH,20240124,13.18,13.46,12.88,13.45,45464.61,59897.926
920455.BJ,20240124,5.02,5.05,4.81,5.01,17745.05,8759.299
300232.SZ,20240124,6.53,6.68,6.22,6.5,405833.02,261990.27
002831.SZ,20240124,24.91,25.16,24.1,24.7,27768.57,68303.327
002579.SZ,20240124,7.39,7.43,7.08,7.35,95321.29,69181.883
002623.SZ,20240124,23.38,23.71,22.53,23.23,21800.0,50473.504
603137.SH,20240124,17.19,18.61,17.19,17.9,29539.76,52552.56
002582.SZ,20240124,6.67,6.91,6.52,6.82,101543.0,68343.83
300374.SZ,20240124,10.21,12.23,10.21,12.23,152916.0,174771.193
300821.SZ,20240124,8.91,8.96,8.51,8.83,247884.84,216146.428
920663.BJ,20240124,12.56,12.75,11.76,12.37,16133.44,19769.757
603900.SH,20240124,5.66,6.0,5.65,5.92,70616.4,41246.952
000993.SZ,20240124,9.09,9.26,8.8,9.2,147272.94,133628.816
688166.SH,20240124,26.78,27.0,25.86,26.61,64918.61,171534.446
601555.SH,20240124,6.8,7.08,6.7,7.02,687277.56,472627.104
300284.SZ,20240124,4.89,5.06,4.85,5.06,96470.72,47906.056
002015.SZ,20240124,9.79,9.86,9.36,9.82,162415.33,157245.25
000926.SZ,20240124,3.72,3.86,3.68,3.86,181637.0,68711.107
605222.SH,20240124,16.98,17.07,16.25,16.83,20850.0,34744.239
000158.SZ,20240124,8.41,8.48,8.01,8.31,865744.57,712467.578
300148.SZ,20240124,3.29,3.31,3.15,3.3,325249.77,105583.11
688588.SH,20240124,9.88,9.94,9.2,9.86,41271.42,39309.05
688375.SH,20240124,64.55,64.95,61.09,63.97,8419.39,52990.638
000752.SZ,20240124,7.36,7.36,7.16,7.19,47226.01,34264.664
301086.SZ,20240124,36.04,36.5,34.34,35.79,6907.0,24423.884
688776.SH,20240124,73.56,75.8,70.5,75.48,9935.83,72649.47
002061.SZ,20240124,3.45,3.58,3.41,3.57,223154.52,77934.067
300133.SZ,20240124,5.1,5.18,4.93,5.14,439788.3,222842.582
600422.SH,20240124,18.47,18.66,17.9,18.32,56610.93,102940.927
600997.SH,20240124,7.2,7.41,7.19,7.39,80233.59,58719.365
002789.SZ,20240124,11.87,12.48,11.63,12.3,26629.01,32097.903
002075.SZ,20240124,3.37,3.43,3.3,3.42,132293.94,44658.781
300537.SZ,20240124,16.06,16.37,15.45,16.19,49995.0,79760.546
002902.SZ,20240124,19.12,19.3,18.13,18.93,104773.96,195658.499
600667.SH,20240124,5.99,6.01,5.74,6.0,293241.39,173003.9
605069.SH,20240124,8.21,8.54,8.21,8.51,60315.15,50791.262
600004.SH,20240124,9.36,9.49,9.11,9.47,238029.49,222474.453
600477.SH,20240124,2.93,3.0,2.88,3.0,156951.68,46309.287
002191.SZ,20240124,4.9,4.95,4.71,4.91,119509.3,57849.265
688380.SH,20240124,18.28,18.29,17.29,18.04,22957.88,40826.793
002296.SZ,20240124,6.9,7.21,6.81,7.14,228214.4,160352.635
600750.SH,20240124,20.06,20.26,19.43,20.23,68292.69,136183.643
300568.SZ,20240124,12.2,12.32,11.57,11.99,222957.56,264205.411
301227.SZ,20240124,24.49,25.19,23.9,24.78,10600.52,25997.568
601390.SH,20240124,5.59,6.07,5.57,6.03,2770816.23,1619122.306
002218.SZ,20240124,3.92,3.97,3.79,3.93,147210.0,57131.534
688011.SH,20240124,18.45,18.5,17.53,18.14,15245.95,27422.434
300257.SZ,20240124,13.44,13.78,13.21,13.67,33774.68,45667.101
688184.SH,20240124,17.56,18.0,17.24,17.99,4899.39,8654.45
600460.SH,20240124,20.45,20.49,19.6,20.29,107373.5,215612.19
300434.SZ,20240124,9.07,9.32,8.88,9.29,36446.0,33183.159
300926.SZ,20240124,24.98,25.37,24.1,24.9,24081.74,59640.467
688165.SH,20240124,8.8,9.0,8.44,8.82,48100.11,41768.949
001367.SZ,20240124,37.01,37.49,35.65,37.11,5742.13,21062.071
600284.SH,20240124,6.05,6.43,6.05,6.34,424101.23,265755.567
301047.SZ,20240124,68.7,69.39,65.87,68.41,4337.89,29361.628
603609.SH,20240124,7.42,7.53,7.2,7.46,34946.19,25800.004
002243.SZ,20240124,6.77,6.94,6.66,6.93,95557.74,65257.348
603590.SH,20240124,30.88,31.1,29.8,30.74,12833.76,39184.142
600355.SH,20240124,3.98,4.07,3.9,4.06,264054.0,105736.329
300555.SZ,20240124,6.33,6.55,6.33,6.48,13720.0,8828.905
300611.SZ,20240124,9.21,9.45,8.9,9.27,50939.08,46709.935
688398.SH,20240124,31.07,31.18,28.7,30.4,15369.89,45576.617
601689.SH,20240124,56.9,57.19,54.9,56.44,78992.67,442521.558
002612.SZ,20240124,17.86,19.09,17.86,18.6,113640.83,211824.035
002532.SZ,20240124,5.38,5.51,5.25,5.43,332115.48,178589.908
600507.SH,20240124,4.15,4.27,4.1,4.26,150415.99,63017.044
001208.SZ,20240124,9.31,9.99,9.24,9.7,229590.42,220866.772
000766.SZ,20240124,16.5,16.53,15.68,16.27,318866.29,512036.211
688432.SH,20240124,10.0,10.05,9.61,10.02,24381.8,23998.75
301370.SZ,20240124,13.39,14.16,13.31,13.81,55747.99,75944.492
600202.SH,20240124,5.3,5.44,5.17,5.42,104163.0,55338.896
002056.SZ,20240124,14.04,14.07,13.34,13.81,257476.69,352918.591
601065.SH,20240124,9.91,10.13,9.68,10.11,62764.0,62326.952
002653.SZ,20240124,22.58,22.86,21.83,22.68,30017.22,67294.665
603315.SH,20240124,13.58,14.1,13.16,13.66,51744.0,70422.685
300835.SZ,20240124,23.49,23.74,22.44,23.4,20737.0,47867.93
002498.SZ,20240124,3.6,3.65,3.49,3.61,247555.6,88328.136
300900.SZ,20240124,20.32,20.41,19.36,20.4,26274.21,52221.336
301228.SZ,20240124,13.93,14.38,13.61,14.32,19001.5,26716.722
600522.SH,20240124,12.19,12.32,11.87,12.26,611835.89,740620.522
603809.SH,20240124,9.96,10.01,9.56,9.82,36646.64,35773.432
300046.SZ,20240124,13.18,13.23,12.52,13.09,41624.0,53614.487
600579.SH,20240124,6.21,6.41,6.12,6.39,88811.0,55575.064
300270.SZ,20240124,6.34,6.43,6.09,6.39,61156.22,38347.437
003036.SZ,20240124,10.83,11.19,10.01,10.5,100765.4,105626.176
000032.SZ,20240124,17.11,17.24,16.5,17.16,221419.26,372801.608
600812.SH,20240124,4.63,4.71,4.52,4.69,117545.95,54469.914
600535.SH,20240124,15.41,15.6,14.97,15.48,122829.7,188114.902
002774.SZ,20240124,7.45,7.6,7.04,7.39,72947.0,53425.625
601677.SH,20240124,10.05,10.23,9.82,10.2,167116.73,167802.873
600438.SH,20240124,26.38,26.5,25.31,25.99,534878.47,1380621.375
605168.SH,20240124,55.27,56.21,53.15,55.16,14515.59,79180.857
600256.SH,20240124,6.95,7.12,6.92,7.11,568738.32,399860.251
688081.SH,20240124,12.5,12.72,11.89,12.5,20368.95,24994.067
000679.SZ,20240124,5.1,5.37,5.1,5.3,109685.0,57629.608
002274.SZ,20240124,7.14,7.27,6.9,7.19,90386.73,64105.794
002792.SZ,20240124,14.05,14.2,13.53,14.15,64726.0,90056.686
002186.SZ,20240124,12.01,12.44,11.7,12.4,158056.0,191881.993
688687.SH,20240124,25.98,26.08,23.93,25.11,69769.78,172463.361
300256.SZ,20240124,2.46,2.48,2.37,2.47,243684.0,59405.685
688037.SH,20240124,107.96,108.28,100.88,104.08,27534.52,283917.586
688319.SH,20240124,12.3,12.38,11.52,11.93,29918.86,35490.203
002205.SZ,20240124,8.79,9.33,8.79,9.26,99646.4,90501.674
301365.SZ,20240124,13.03,13.4,12.71,13.27,10546.5,13822.504
000061.SZ,20240124,5.68,5.9,5.65,5.9,97382.0,56245.448
600829.SH,20240124,6.86,7.03,6.71,7.03,82845.0,57134.105
002846.SZ,20240124,8.98,9.0,8.5,8.87,36437.76,31913.308
688220.SH,20240124,53.44,54.4,52.06,53.45,13552.46,72182.258
301330.SZ,20240124,25.93,26.4,24.98,26.23,22049.8,56643.143
688563.SH,20240124,48.42,48.72,47.01,48.36,23657.28,113058.654
688141.SH,20240124,20.56,20.7,19.52,20.29,49414.39,99208.048
002775.SZ,20240124,3.45,3.61,3.45,3.6,116112.44,41004.327
603219.SH,20240124,12.34,12.9,12.33,12.73,64384.4,81260.398
002589.SZ,20240124,2.77,2.82,2.7,2.81,192770.17,53334.098
603193.SH,20240124,15.18,15.69,14.91,15.52,46167.59,70944.567
600719.SH,20240124,7.14,7.22,7.01,7.21,46624.1,33303.534
920014.BJ,20240124,10.08,10.29,9.53,9.97,11111.68,11077.037
920729.BJ,20240124,7.51,7.52,7.21,7.37,11581.95,8500.335
000557.SZ,20240124,4.34,4.51,4.27,4.5,96001.6,42260.258
688316.SH,20240124,41.21,41.55,39.2,40.99,11301.38,45687.029
002836.SZ,20240124,7.3,7.62,7.15,7.5,49405.8,36586.082
920374.BJ,20240124,12.9,13.2,11.92,12.83,28130.6,35578.107
600570.SH,20240124,24.29,24.75,23.21,24.5,352420.12,844791.62
301065.SZ,20240124,18.79,19.08,17.98,18.61,13222.5,24471.418
688186.SH,20240124,15.4,15.49,14.8,15.35,22080.08,33429.472
300961.SZ,20240124,9.26,9.6,9.22,9.54,35339.94,33316.224
600395.SH,20240124,5.78,5.91,5.7,5.91,118253.7,68768.518
300194.SZ,20240124,3.73,3.8,3.63,3.79,245591.0,91666.735
001298.SZ,20240124,23.04,23.28,22.0,22.85,29005.42,65569.178
000532.SZ,20240124,14.0,15.86,13.91,15.86,701032.24,1053660.241
920207.BJ,20240124,12.1,12.12,11.21,11.72,55715.25,64919.41
301008.SZ,20240124,24.58,24.95,23.65,24.74,9570.89,23307.423
002301.SZ,20240124,6.08,6.4,6.0,6.32,75648.89,46840.841
688182.SH,20240124,14.0,14.0,13.08,13.68,31129.56,42162.907
300474.SZ,20240124,57.02,57.39,54.48,56.33,61051.17,340143.391
001202.SZ,20240124,15.14,16.1,15.06,15.79,30390.08,47270.36
000596.SZ,20240124,207.61,209.27,202.35,207.83,14012.85,288621.305
300997.SZ,20240124,11.94,12.27,11.58,11.95,26532.0,31461.734
002793.SZ,20240124,4.76,4.83,4.61,4.78,86080.5,40790.386
301332.SZ,20240124,10.45,10.77,10.25,10.7,34929.36,36938.947
688661.SH,20240124,35.2,35.83,33.68,35.15,10860.61,37631.681
600688.SH,20240124,2.56,2.63,2.53,2.63,278941.5,71930.883
301061.SZ,20240124,51.58,53.16,50.19,52.04,8164.8,42258.427
000932.SZ,20240124,4.94,5.09,4.89,5.09,507709.69,253923.634
301126.SZ,20240124,11.07,11.32,10.71,11.14,25707.16,28383.734
300014.SZ,20240124,38.84,38.88,36.91,38.07,294242.88,1109895.318
600172.SH,20240124,3.06,3.12,2.98,3.11,203427.88,62328.905
605090.SH,20240124,25.27,25.66,24.57,25.3,33593.11,84388.052
688786.SH,20240124,37.94,37.94,35.5,37.0,10854.39,39639.608
300338.SZ,20240124,3.67,3.83,3.63,3.8,118364.0,44357.394
000529.SZ,20240124,5.91,6.07,5.8,6.05,88358.43,52727.559
300893.SZ,20240124,27.53,28.06,26.32,27.32,15331.75,41701.243
300781.SZ,20240124,35.74,36.3,34.21,35.18,91334.15,320969.818
301012.SZ,20240124,18.79,19.26,17.9,18.85,46303.89,86340.932
688627.SH,20240124,60.22,62.98,57.6,59.98,6323.07,37203.948
920006.BJ,20240124,15.2,15.25,13.98,14.72,23625.74,34484.245
000719.SZ,20240124,8.95,9.09,8.71,9.04,89628.8,79864.425
300228.SZ,20240124,6.13,6.63,6.09,6.53,251720.12,161810.701
002958.SZ,20240124,2.57,2.63,2.55,2.62,552133.53,143112.91
301282.SZ,20240124,18.51,18.75,17.68,18.65,32614.0,59208.092
600265.SH,20240124,17.26,17.58,17.0,17.54,2431.0,4202.878
000973.SZ,20240124,4.29,4.35,4.14,4.32,207866.53,88528.955
000401.SZ,20240124,5.7,5.83,5.58,5.82,83767.96,47899.204
600814.SH,20240124,6.12,6.31,6.07,6.3,121963.25,75824.228
600708.SH,20240124,2.0,2.12,1.99,2.11,549057.03,114002.303
601952.SH,20240124,9.11,9.32,8.92,9.3,53618.3,49094.195
000888.SZ,20240124,9.7,9.92,9.48,9.85,169050.76,163975.425
300828.SZ,20240124,12.31,12.47,11.8,12.33,29013.5,35344.163
920786.BJ,20240124,7.29,7.95,6.98,7.82,101046.77,76171.208
300793.SZ,20240124,15.0,15.24,14.49,15.09,142812.2,212392.659
000513.SZ,20240124,34.42,34.87,33.68,34.85,35883.7,123312.491
000825.SZ,20240124,3.47,3.55,3.41,3.55,203193.5,70897.661
000059.SZ,20240124,4.82,4.92,4.74,4.92,162561.26,78859.36
300365.SZ,20240124,5.7,5.75,5.5,5.74,111496.0,63011.421
000969.SZ,20240124,7.56,7.68,7.32,7.66,113328.27,85131.347
002996.SZ,20240124,9.12,9.28,8.79,9.13,22932.75,20676.04
001212.SZ,20240124,26.53,27.53,25.45,26.66,46768.99,123159.63
300738.SZ,20240124,9.37,9.43,8.87,9.31,355394.46,324544.857
001230.SZ,20240124,20.77,21.1,19.97,20.72,9593.31,19739.206
001965.SZ,20240124,9.7,9.87,9.64,9.87,167449.12,163784.958
301292.SZ,20240124,16.51,16.81,16.02,16.69,16196.19,26688.542
300231.SZ,20240124,8.58,8.66,8.22,8.63,100176.05,84849.6
688218.SH,20240124,15.7,15.79,14.96,15.7,29117.85,44872.23
300335.SZ,20240124,4.85,4.95,4.69,4.91,147275.0,71297.272
688418.SH,20240124,15.48,15.48,14.62,15.24,50462.05,75872.71
000901.SZ,20240124,7.85,8.05,7.71,8.03,98714.7,77883.441
300291.SZ,20240124,5.59,5.65,5.4,5.61,172814.0,95516.839
300164.SZ,20240124,4.05,4.15,4.0,4.14,208945.0,85441.145
301087.SZ,20240124,30.8,31.59,29.99,31.54,13835.3,42745.73
301002.SZ,20240124,17.68,18.05,16.67,17.33,21576.61,37296.169
600121.SH,20240124,3.68,3.74,3.58,3.73,163662.76,60414.762
600623.SH,20240124,5.82,5.99,5.76,5.99,138352.28,81544.651
000823.SZ,20240124,7.82,7.95,7.55,7.9,82938.76,64418.581
002121.SZ,20240124,4.8,4.83,4.54,4.74,228490.42,106902.849
920662.BJ,20240124,14.98,15.25,14.01,15.03,36511.85,54010.357
300566.SZ,20240124,14.71,15.19,14.23,14.87,78675.51,115886.32
300746.SZ,20240124,8.73,8.91,8.49,8.9,26796.0,23447.523
601688.SH,20240124,13.73,14.26,13.52,14.16,1019104.3,1414846.597
603529.SH,20240124,24.93,25.72,24.3,25.59,57386.81,144123.682
002659.SZ,20240124,4.08,4.12,3.96,4.12,144127.0,58349.583
603663.SH,20240124,11.98,13.2,11.96,12.95,480018.47,598772.89
603380.SH,20240124,19.88,20.18,18.98,19.87,20778.0,40608.833
601099.SH,20240124,3.28,3.6,3.21,3.49,5015145.85,1693180.135
000782.SZ,20240124,4.95,5.07,4.82,5.0,76667.0,37992.836
300234.SZ,20240124,4.62,4.74,4.52,4.7,70161.0,32539.932
002258.SZ,20240124,10.2,10.27,9.83,10.21,52893.57,53244.676
300619.SZ,20240124,47.7,47.7,45.33,46.88,3499.0,16218.265
300822.SZ,20240124,11.52,11.73,10.98,11.45,25453.75,28878.167
600428.SH,20240124,5.06,5.15,5.01,5.15,137523.0,70006.61
002322.SZ,20240124,10.79,11.36,10.72,11.34,93944.0,104286.104
002828.SZ,20240124,9.01,9.32,8.97,9.3,87242.2,80066.935
301511.SZ,20240124,24.38,24.44,22.81,23.87,119341.61,281437.567
002825.SZ,20240124,7.2,7.78,7.14,7.78,55605.34,42622.628
002145.SZ,20240124,3.97,4.04,3.84,4.02,346097.03,136777.308
300294.SZ,20240124,28.3,28.47,26.68,27.57,92804.2,253710.133
301135.SZ,20240124,20.11,20.47,19.4,20.2,15566.19,30989.248
600104.SH,20240124,13.26,13.56,13.22,13.51,229541.11,307296.655
002154.SZ,20240124,5.99,6.28,5.98,6.22,246345.63,152113.889
688728.SH,20240124,17.68,17.79,17.11,17.73,57033.31,99694.583
300409.SZ,20240124,9.5,9.57,9.12,9.52,60500.73,56777.923
002404.SZ,20240124,5.43,5.63,5.35,5.55,67859.02,37389.612
688416.SH,20240124,41.69,42.43,39.5,41.17,8579.8,34850.632
002082.SZ,20240124,5.47,5.55,5.3,5.54,39700.0,21624.455
000812.SZ,20240124,5.46,5.69,5.4,5.65,747713.23,416882.055
603036.SH,20240124,11.72,12.02,11.49,11.83,41523.0,48652.229
601216.SH,20240124,3.5,3.54,3.41,3.53,219217.03,76502.178
000705.SZ,20240124,8.08,8.36,8.07,8.36,217635.0,178623.689
688151.SH,20240124,16.19,16.34,15.67,16.27,9494.9,15167.862
300343.SZ,20240124,5.56,5.67,5.3,5.53,153948.94,84117.394
603603.SH,20240124,1.29,1.29,1.17,1.29,1029006.1,130036.881
603997.SH,20240124,11.86,11.86,11.2,11.51,84326.15,96635.424
600433.SH,20240124,3.0,3.03,2.91,3.02,122926.46,36688.418
001330.SZ,20240124,6.28,6.45,6.18,6.45,82675.54,52246.283
002336.SZ,20240124,11.94,12.15,11.7,12.0,49220.2,58834.646
603237.SH,20240124,27.95,28.57,27.36,28.11,6192.1,17331.571
300705.SZ,20240124,30.99,31.9,30.1,31.04,19710.8,61053.485
000856.SZ,20240124,7.53,7.83,7.45,7.81,89220.0,68502.865
002975.SZ,20240124,31.53,32.37,29.66,31.0,30081.0,92570.901
000572.SZ,20240124,4.12,4.18,3.99,4.16,404401.19,165352.535
603786.SH,20240124,61.3,61.45,58.62,61.09,6490.0,39006.889
002900.SZ,20240124,11.21,11.5,10.94,11.36,30892.5,34706.63
603218.SH,20240124,10.53,10.69,10.05,10.47,140583.23,145319.748
000028.SZ,20240124,26.86,27.17,26.1,26.98,33741.21,89846.061
002327.SZ,20240124,8.95,9.48,8.9,9.25,116282.11,106472.471
600710.SH,20240124,6.83,7.29,6.81,7.24,208188.08,146821.904
600079.SH,20240124,21.51,21.74,20.5,21.15,154269.74,323035.365
688393.SH,20240124,20.1,20.54,19.25,19.96,12247.34,24298.186
300701.SZ,20240124,8.95,9.1,8.6,9.05,38612.25,34380.451
002445.SZ,20240124,2.05,2.11,2.02,2.1,702852.33,145585.929
688577.SH,20240124,68.0,70.75,66.29,68.64,6769.89,45972.267
002885.SZ,20240124,14.86,15.16,14.31,14.88,60943.0,89928.062
001306.SZ,20240124,65.88,66.38,63.17,65.37,10173.6,65700.999
601611.SH,20240124,6.25,6.58,6.23,6.58,176909.85,113032.329
002456.SZ,20240124,7.35,7.58,7.17,7.45,2239837.84,1654880.064
688500.SH,20240124,25.68,26.3,25.27,26.28,4445.5,11413.921
603721.SH,20240124,23.5,23.6,22.63,23.42,64228.16,148563.789
002230.SZ,20240124,41.73,42.46,40.87,42.4,780554.37,3262509.819
920553.BJ,20240124,4.97,4.99,4.72,4.96,13641.79,6619.522
600010.SH,20240124,1.4,1.43,1.38,1.42,2163062.21,303890.95
688313.SH,20240124,10.2,10.3,9.52,10.05,93659.53,92576.503
600901.SH,20240124,4.62,4.81,4.61,4.8,475238.91,223507.589
002547.SZ,20240124,3.88,3.94,3.79,3.92,195645.0,75937.295
002273.SZ,20240124,11.18,11.25,10.58,11.12,290511.47,316926.928
000681.SZ,20240124,12.52,12.6,12.01,12.57,154449.03,190185.476
300864.SZ,20240124,18.78,19.11,18.3,19.05,11797.7,22133.813
300604.SZ,20240124,29.93,30.03,28.43,29.6,82869.32,242106.544
002264.SZ,20240124,4.86,5.0,4.7,4.92,127589.01,62044.762
000928.SZ,20240124,5.43,5.68,5.34,5.68,447458.62,247304.221
002231.SZ,20240124,5.3,5.42,5.11,5.35,85074.45,44962.315
300438.SZ,20240124,24.35,24.52,22.5,23.62,191305.5,447893.828
688167.SH,20240124,89.99,90.98,85.43,88.26,20427.63,178809.082
002402.SZ,20240124,11.7,11.8,11.1,11.5,158696.64,180407.688
300696.SZ,20240124,14.0,14.13,13.25,13.93,48142.23,65730.474
601061.SH,20240124,6.68,6.89,6.56,6.88,159772.94,107993.062
300991.SZ,20240124,14.16,14.33,13.47,14.04,27106.2,37667.225
600114.SH,20240124,11.97,12.03,11.18,11.69,128128.38,147864.12
600388.SH,20240124,10.75,10.78,10.24,10.72,90505.0,95218.55
605136.SH,20240124,8.58,9.14,8.43,8.77,87428.0,77052.976
603227.SH,20240124,6.49,6.63,6.37,6.61,76878.88,50185.073
002379.SZ,20240124,4.2,4.29,4.11,4.23,79799.0,33604.453
002592.SZ,20240124,5.77,5.82,5.63,5.69,80092.7,45756.534
002853.SZ,20240124,11.02,11.49,10.8,11.29,33051.0,36838.632
002430.SZ,20240124,24.98,24.98,23.81,24.6,32132.0,78282.967
002666.SZ,20240124,4.35,4.45,4.24,4.41,94838.74,41368.098
002433.SZ,20240124,2.46,2.51,2.35,2.4,198590.0,47979.034
600602.SH,20240124,9.9,10.55,9.83,10.25,399095.31,403463.852
000153.SZ,20240124,8.03,8.17,7.77,8.16,79870.0,63805.835
002644.SZ,20240124,7.88,8.04,7.52,7.89,79247.0,61455.048
301499.SZ,20240124,23.79,24.15,23.0,23.93,19955.91,47277.933
600581.SH,20240124,3.17,3.26,3.12,3.26,194352.7,62122.206
300507.SZ,20240124,5.51,5.6,5.31,5.55,146694.81,80244.803
301320.SZ,20240124,16.4,17.25,16.22,16.94,65174.16,109225.525
603909.SH,20240124,9.77,10.17,9.65,10.12,14808.96,14763.827
300583.SZ,20240124,16.2,16.4,15.4,16.18,17852.07,28384.483
300295.SZ,20240124,10.37,10.82,10.16,10.82,65982.0,69219.584
300173.SZ,20240124,4.07,4.14,3.94,4.1,145453.0,59051.17
300808.SZ,20240124,13.97,14.2,13.22,14.0,41349.98,56414.997
600097.SH,20240124,9.45,10.36,9.42,10.36,100894.01,100778.436
300331.SZ,20240124,18.54,18.79,17.71,18.57,68239.72,123931.826
002261.SZ,20240124,12.95,13.14,12.43,12.9,345094.84,440411.434
603559.SH,20240124,6.99,7.04,6.94,7.03,4814.0,3362.823
301069.SZ,20240124,15.54,15.78,14.98,15.6,28044.22,43159.422
300971.SZ,20240124,20.79,21.3,20.02,20.87,30241.88,62419.602
000692.SZ,20240124,3.0,3.09,3.0,3.09,32943.0,10045.323
603790.SH,20240124,11.51,11.85,11.33,11.74,28554.0,33079.426
002109.SZ,20240124,4.12,4.22,4.02,4.21,66476.52,27423.437
301232.SZ,20240124,40.85,40.85,38.99,40.48,4935.66,19724.63
688213.SH,20240124,50.6,50.8,47.13,48.06,29669.85,143768.406
600267.SH,20240124,8.59,8.65,8.34,8.63,80634.96,68680.094
600862.SH,20240124,17.8,18.03,17.31,17.87,73843.0,130161.806
300836.SZ,20240124,22.78,23.09,21.96,22.78,15468.6,34891.144
301390.SZ,20240124,36.2,36.88,35.38,36.8,7637.0,27614.518
600548.SH,20240124,8.66,8.99,8.63,8.99,46571.0,41122.664
600506.SH,20240124,11.8,12.3,11.57,12.21,178847.6,214202.894
300976.SZ,20240124,38.9,39.47,37.01,38.58,11049.72,42201.112
300296.SZ,20240124,4.82,4.89,4.69,4.88,216675.04,103980.11
600973.SH,20240124,4.17,4.23,4.05,4.22,145848.67,60441.983
603908.SH,20240124,32.3,33.43,31.51,32.61,15401.86,50083.622
002810.SZ,20240124,17.65,17.82,16.53,17.13,48355.92,82353.32
002324.SZ,20240124,9.64,9.71,9.25,9.63,133496.88,126568.42
688102.SH,20240124,10.4,10.51,9.9,10.15,67209.68,68270.523
600408.SH,20240124,2.1,2.15,2.06,2.15,156804.0,33234.173
920781.BJ,20240124,5.77,5.85,5.45,5.73,24976.86,14080.433
003043.SZ,20240124,43.11,44.1,41.32,42.4,7963.17,33656.819
300796.SZ,20240124,15.0,15.19,14.3,15.04,53454.32,78723.816
002670.SZ,20240124,10.48,11.78,10.31,11.47,1620542.77,1788071.879
600083.SH,20240124,6.6,6.78,6.52,6.76,77509.0,51782.328
300968.SZ,20240124,10.74,11.38,10.7,11.32,196574.44,218561.68
603685.SH,20240124,13.25,13.75,13.16,13.65,13721.04,18399.035
300973.SZ,20240124,39.5,39.97,37.67,39.15,22624.75,87464.502
601000.SH,20240124,3.74,3.83,3.71,3.83,427555.58,161545.699
000408.SZ,20240124,25.7,25.95,25.01,25.7,82871.8,211962.109
688068.SH,20240124,33.67,33.88,32.15,33.48,11048.93,36465.654
600161.SH,20240124,27.25,27.44,26.34,27.17,107369.14,288596.842
600568.SH,20240124,1.64,1.66,1.63,1.66,19858.05,3264.646
301329.SZ,20240124,18.05,18.27,17.36,18.16,32019.66,57323.972
600745.SH,20240124,36.46,36.5,34.68,36.15,178999.7,635816.308
002419.SZ,20240124,4.77,5.1,4.68,5.04,278040.89,135616.47
920489.BJ,20240124,6.93,7.38,6.6,7.27,67778.85,47946.945
603221.SH,20240124,10.07,10.35,9.63,10.02,38994.15,38803.662
603610.SH,20240124,11.25,12.23,11.2,11.85,179429.2,211889.324
000510.SZ,20240124,4.77,4.86,4.65,4.83,77279.21,36917.869
300486.SZ,20240124,5.37,5.49,5.23,5.47,126559.95,68204.439
002801.SZ,20240124,18.66,18.8,17.75,18.58,13504.45,24752.408
688257.SH,20240124,22.18,22.18,20.91,21.77,8839.14,19033.206
920564.BJ,20240124,14.49,14.54,13.22,13.8,30369.63,41843.308
603132.SH,20240124,11.5,11.89,11.32,11.8,31652.0,36760.833
688156.SH,20240124,19.8,20.25,18.9,19.5,10846.58,21151.807
603500.SH,20240124,11.28,11.38,10.66,10.99,33126.72,36428.541
600742.SH,20240124,7.93,8.09,7.77,8.08,131622.17,104705.759
603328.SH,20240124,6.61,6.72,6.41,6.7,135837.36,89460.136
688551.SH,20240124,56.33,59.5,56.26,57.88,4555.98,26375.257
002159.SZ,20240124,15.77,16.38,15.46,16.22,47496.1,75864.284
000563.SZ,20240124,2.9,3.18,2.88,3.14,1496388.35,456992.45
002182.SZ,20240124,16.2,16.42,15.81,16.25,82813.19,134010.732
300317.SZ,20240124,4.39,4.49,4.23,4.42,135272.55,59111.735
603118.SH,20240124,7.45,7.52,7.13,7.49,113748.98,83516.536
601222.SH,20240124,5.97,6.0,5.72,5.92,195033.82,114128.337
002762.SZ,20240124,7.4,8.2,7.4,8.2,155334.48,123971.982
688580.SH,20240124,50.66,51.48,48.31,50.29,4209.87,21024.79
600295.SH,20240124,9.61,9.92,9.5,9.89,56176.22,54850.842
000581.SZ,20240124,14.52,15.16,14.32,15.11,79588.26,117170.657
000628.SZ,20240124,46.5,46.77,43.8,45.62,366709.52,1663385.432
002967.SZ,20240124,11.91,12.09,11.58,12.08,40954.97,48604.586
603398.SH,20240124,19.58,20.74,19.58,20.5,69373.0,140509.133
600716.SH,20240124,3.45,3.61,3.42,3.58,228333.0,80412.209
920163.BJ,20240124,10.28,10.7,9.7,10.64,25586.54,26052.113
603848.SH,20240124,13.97,14.58,13.7,14.27,21942.83,31054.199
601298.SH,20240124,6.69,6.89,6.66,6.86,159643.0,108524.463
301055.SZ,20240124,12.01,12.57,11.82,12.24,19321.0,23533.933
688737.SH,20240124,29.15,30.24,28.1,28.95,5129.87,14919.136
601718.SH,20240124,2.62,2.71,2.59,2.7,338750.59,89740.872
002292.SZ,20240124,7.0,7.12,6.8,7.06,575434.55,401559.124
300977.SZ,20240124,15.74,16.3,15.46,16.26,17730.55,28227.494
603321.SH,20240124,7.36,7.58,7.16,7.47,39050.0,28883.103
600620.SH,20240124,8.46,8.85,8.36,8.77,39645.38,34285.519
002583.SZ,20240124,5.5,5.56,5.25,5.53,179390.08,97319.029
603938.SH,20240124,15.25,15.46,14.55,15.08,30149.46,45039.787
603048.SH,20240124,15.78,16.2,15.34,16.0,19567.0,30879.022
301338.SZ,20240124,31.98,32.35,30.52,31.99,11668.7,36906.943
603867.SH,20240124,26.02,26.23,24.5,25.66,27362.53,69288.258
920505.BJ,20240124,18.3,18.45,17.15,18.02,7321.45,13105.768
688103.SH,20240124,38.3,38.8,36.25,36.95,12470.92,46402.284
001282.SZ,20240124,28.75,29.15,27.9,28.9,17485.04,50039.659
300096.SZ,20240124,4.16,4.96,4.12,4.96,566680.75,265472.894
600638.SH,20240124,4.81,5.25,4.81,5.25,296463.97,152304.679
300101.SZ,20240124,16.5,16.81,15.7,16.55,122481.72,198310.063
301305.SZ,20240124,15.63,15.8,15.18,15.65,9505.04,14780.004
600183.SH,20240124,16.0,16.15,15.41,15.83,138444.3,217147.504
002437.SZ,20240124,2.14,2.2,2.11,2.19,636010.24,136923.913
688307.SH,20240124,25.0,25.0,23.51,24.57,3808.48,9234.795
002872.SZ,20240124,5.15,5.39,5.15,5.37,68672.0,36293.498
300862.SZ,20240124,36.51,37.26,35.33,36.54,10041.0,36548.978
002234.SZ,20240124,10.63,10.79,10.26,10.71,46756.65,49421.343
688625.SH,20240124,33.6,33.98,33.16,33.75,5673.96,18932.566
300518.SZ,20240124,13.74,14.07,13.42,14.05,21276.67,29406.402
000423.SZ,20240124,48.7,50.37,48.7,50.06,85761.19,426061.214
000966.SZ,20240124,4.14,4.25,4.06,4.23,262339.76,109275.106
002366.SZ,20240124,4.29,4.33,4.17,4.33,149112.0,63726.358
603231.SH,20240124,20.28,20.55,19.49,20.42,74537.35,149561.173
300124.SZ,20240124,54.35,55.68,53.92,55.5,140035.67,767851.766
002651.SZ,20240124,5.85,5.92,5.65,5.92,122705.46,71233.367
002128.SZ,20240124,14.0,14.2,13.77,14.19,81380.66,114312.139
688173.SH,20240124,13.1,13.18,12.34,12.81,43015.6,54614.854
920639.BJ,20240124,5.11,5.17,4.88,5.04,36612.34,18257.421
688125.SH,20240124,30.1,30.97,28.94,29.94,4079.15,12073.884
002284.SZ,20240124,7.33,7.45,7.04,7.35,119071.57,86418.597
300132.SZ,20240124,4.4,4.5,4.22,4.43,110964.68,48535.228
301109.SZ,20240124,14.31,14.76,14.1,14.66,17007.02,24608.587
000544.SZ,20240124,6.52,6.66,6.41,6.65,68415.04,44787.71
300635.SZ,20240124,10.56,10.94,10.44,10.86,37281.59,39810.509
920299.BJ,20240124,8.42,8.52,7.68,8.11,32953.23,26518.854
000333.SZ,20240124,56.15,57.44,56.02,57.19,264637.21,1503303.923
000630.SZ,20240124,2.95,3.02,2.88,3.01,1829253.24,539949.145
300870.SZ,20240124,35.22,35.85,33.7,35.15,14060.17,48605.078
300259.SZ,20240124,3.12,3.2,3.07,3.2,116839.64,36690.772
002281.SZ,20240124,25.32,25.8,24.63,25.68,425421.29,1073230.509
600622.SH,20240124,2.33,2.55,2.33,2.55,776577.83,196258.739
002738.SZ,20240124,37.06,37.5,35.2,36.7,266865.05,968389.927
603178.SH,20240124,32.97,33.74,32.0,33.08,139728.0,457872.593
002995.SZ,20240124,18.26,18.63,17.77,18.46,40257.64,73570.351
600754.SH,20240124,27.06,27.62,26.53,27.55,88343.57,240646.181
601369.SH,20240124,7.11,7.28,6.93,7.25,104251.1,74005.07
300189.SZ,20240124,2.85,2.9,2.78,2.89,154547.58,43970.263
688367.SH,20240124,14.91,15.33,14.55,15.22,11975.99,17895.0
300975.SZ,20240124,7.14,7.31,6.85,7.19,217051.29,154249.495
002323.SZ,20240124,2.05,2.09,2.02,2.09,707891.69,145774.808
002811.SZ,20240124,8.43,8.76,8.33,8.72,39001.5,33414.065
600029.SH,20240124,5.77,5.9,5.75,5.9,421438.51,245792.411
001217.SZ,20240124,16.71,17.03,15.01,15.46,624923.32,985543.805
002421.SZ,20240124,2.89,2.95,2.82,2.95,261220.87,75517.702
300759.SZ,20240124,25.1,25.18,23.7,24.76,205838.23,502031.836
600159.SH,20240124,3.16,3.3,3.14,3.29,484647.03,156431.186
920057.BJ,20240124,4.49,4.55,4.34,4.5,21782.28,9707.198
601009.SH,20240124,7.9,8.01,7.86,7.97,244979.87,194615.873
605066.SH,20240124,8.03,8.21,7.7,8.01,108105.0,86102.987
688455.SH,20240124,10.77,10.79,10.33,10.68,8981.23,9498.783
002905.SZ,20240124,9.74,10.03,9.55,9.92,59969.2,58792.818
002393.SZ,20240124,22.33,22.69,21.91,22.68,23824.0,53151.62
002317.SZ,20240124,13.5,13.65,12.99,13.48,121371.89,161489.692
001270.SZ,20240124,51.3,51.36,48.8,50.8,24453.65,122379.383
688663.SH,20240124,24.06,24.06,22.3,23.22,22293.63,51378.441
688282.SH,20240124,28.29,28.51,26.5,27.78,19935.38,54683.929
603668.SH,20240124,15.21,15.31,14.5,15.08,67486.79,100158.812
002986.SZ,20240124,13.6,13.78,13.11,13.59,17878.12,24076.397
605098.SH,20240124,37.93,38.74,37.37,38.07,9433.0,35895.626
301526.SZ,20240124,5.16,5.3,5.12,5.26,801084.9,416805.5
001210.SZ,20240124,17.1,17.55,16.8,17.39,14941.4,25739.272
601086.SH,20240124,4.88,5.06,4.81,5.01,212533.0,105237.836
603329.SH,20240124,16.17,16.55,15.75,16.48,94358.58,152982.163
603808.SH,20240124,8.23,8.6,8.1,8.49,70625.72,59148.798
600580.SH,20240124,10.09,10.2,9.79,10.13,132882.79,133346.94
688067.SH,20240124,19.05,19.69,18.42,19.22,14360.09,27313.471
688036.SH,20240124,133.6,140.0,132.6,139.46,39146.59,536836.9
300154.SZ,20240124,6.21,6.38,6.02,6.27,45348.0,28066.886
300159.SZ,20240124,2.2,2.26,2.14,2.26,238003.0,52623.193
300387.SZ,20240124,6.58,6.8,6.48,6.78,86516.73,57834.937
603538.SH,20240124,15.03,15.32,14.51,14.91,34997.15,52136.539
002160.SZ,20240124,3.51,3.6,3.43,3.59,162050.39,57235.941
002534.SZ,20240124,10.9,10.9,10.29,10.77,35203.38,37275.829
603970.SH,20240124,16.69,18.44,16.57,18.44,72329.96,129678.275
600834.SH,20240124,7.35,7.7,7.35,7.7,59327.0,44911.065
605376.SH,20240124,21.58,22.1,20.9,21.72,20792.0,44568.645
002620.SZ,20240124,4.49,4.67,4.43,4.58,193484.0,88098.01
600715.SH,20240124,2.2,2.24,2.16,2.23,490099.45,108064.605
301168.SZ,20240124,44.5,45.96,43.21,45.9,61109.22,272374.931
688552.SH,20240124,19.03,19.41,18.5,19.37,26118.91,49446.753
002882.SZ,20240124,17.03,17.36,16.48,17.09,306748.33,521005.145
000561.SZ,20240124,6.85,7.03,6.72,7.01,73849.0,50898.224
300035.SZ,20240124,8.66,8.74,8.24,8.55,105577.85,89535.972
301230.SZ,20240124,29.02,29.8,27.96,29.0,8427.38,24346.638
002418.SZ,20240124,2.49,2.55,2.43,2.53,153561.0,38340.453
300024.SZ,20240124,9.83,10.03,9.52,9.98,191454.45,187626.46
000750.SZ,20240124,3.28,3.41,3.22,3.38,669205.11,221398.351
920149.BJ,20240124,7.25,7.4,7.03,7.34,26192.0,18854.076
000607.SZ,20240124,4.06,4.19,4.01,4.19,148734.5,61227.313
600030.SH,20240124,19.88,20.62,19.61,20.52,1453992.72,2920645.095
603214.SH,20240124,14.13,14.7,14.08,14.68,31683.2,45690.997
605338.SH,20240124,17.58,17.95,17.01,17.76,20433.0,35787.542
300797.SZ,20240124,10.66,10.92,10.3,10.88,30647.0,32527.782
605188.SH,20240124,7.67,8.1,7.67,8.02,80062.52,63537.236
000034.SZ,20240124,25.68,25.88,24.58,25.49,175228.89,440106.423
920305.BJ,20240124,14.75,14.75,13.81,14.42,25202.74,35892.566
603901.SH,20240124,8.83,9.0,8.52,8.9,43320.0,38047.946
603638.SH,20240124,13.93,14.06,13.58,14.01,17962.2,24818.28
300121.SZ,20240124,7.83,7.93,7.61,7.88,38148.0,29719.498
601399.SH,20240124,2.58,2.66,2.53,2.65,305017.57,79142.031
603567.SH,20240124,10.56,10.75,10.23,10.65,41139.09,43220.575
603598.SH,20240124,16.75,16.81,16.22,16.71,139281.73,230144.536
920719.BJ,20240124,13.34,13.4,12.5,13.13,17394.56,22474.437
600536.SH,20240124,26.3,27.27,25.42,27.25,297982.49,781703.863
001322.SZ,20240124,10.88,11.43,10.82,11.27,60894.31,67758.595
605388.SH,20240124,10.16,10.29,9.79,10.21,35671.85,36000.781
000718.SZ,20240124,2.36,2.49,2.36,2.48,179072.69,43566.572
301216.SZ,20240124,12.49,12.58,12.15,12.54,20286.55,25136.991
000682.SZ,20240124,7.59,7.63,7.24,7.52,141628.16,105288.641
600727.SH,20240124,5.56,5.75,5.43,5.66,75784.65,42337.432
301361.SZ,20240124,19.86,20.19,19.12,19.88,11997.62,23574.924
301181.SZ,20240124,22.81,23.15,21.85,22.78,11522.8,25973.706
300442.SZ,20240124,20.9,21.1,20.15,20.83,58993.03,121348.985
688271.SH,20240124,133.0,137.2,132.51,136.95,27723.85,375337.856
300114.SZ,20240124,35.8,36.59,35.0,36.5,59583.55,213414.991
002933.SZ,20240124,28.2,29.7,27.92,29.38,53571.99,154776.487
301263.SZ,20240124,14.19,14.29,13.91,14.19,24254.6,34139.324
920768.BJ,20240124,5.55,5.63,5.25,5.56,14693.43,7954.339
300739.SZ,20240124,12.36,12.58,11.96,12.55,29193.2,35937.947
688296.SH,20240124,13.6,13.6,12.92,13.44,19828.9,26229.041
600496.SH,20240124,2.81,2.9,2.78,2.89,203047.44,57816.551
002457.SZ,20240124,7.43,7.58,7.31,7.58,125047.01,93461.5
300251.SZ,20240124,8.04,8.16,7.88,8.06,205315.59,164344.819
301326.SZ,20240124,30.91,31.1,28.96,29.8,11787.37,35145.496
603225.SH,20240124,12.31,12.63,12.07,12.49,88330.43,109563.702
000950.SZ,20240124,4.52,4.61,4.43,4.6,167200.1,75761.473
002297.SZ,20240124,6.44,6.53,6.23,6.52,108772.14,69620.019
603588.SH,20240124,5.56,5.71,5.45,5.67,141614.4,79285.018
301024.SZ,20240124,24.88,27.93,24.88,25.96,17907.0,46914.8
600185.SH,20240124,6.37,6.48,6.16,6.45,191119.98,121848.152
600015.SH,20240124,5.76,5.9,5.75,5.88,470670.24,274301.908
000829.SZ,20240124,8.16,8.25,7.85,8.25,246067.19,198971.594
600219.SH,20240124,2.81,2.89,2.79,2.89,859877.22,244309.276
920523.BJ,20240124,14.69,14.69,13.44,14.05,23080.67,32034.767
301132.SZ,20240124,22.74,22.98,21.75,22.9,18998.99,42463.916
300068.SZ,20240124,12.98,13.07,12.21,12.74,315890.89,398342.772
300623.SZ,20240124,14.83,14.93,13.98,14.68,161965.38,233706.992
301277.SZ,20240124,17.73,17.99,17.18,17.95,14882.14,26348.341
600684.SH,20240124,3.21,3.33,3.18,3.32,150187.0,49139.95
688671.SH,20240124,28.66,29.45,27.63,28.76,7249.98,20561.551
920433.BJ,20240124,5.33,5.36,5.01,5.18,49457.77,25362.485
600728.SH,20240124,4.91,4.95,4.75,4.93,208522.61,101057.142
301371.SZ,20240124,33.8,34.28,32.61,33.66,15726.95,52804.319
000821.SZ,20240124,15.1,15.25,14.49,14.9,340972.15,506174.912
002575.SZ,20240124,7.02,7.36,6.71,6.95,518837.14,360829.728
300255.SZ,20240124,10.28,10.42,9.96,10.34,322221.44,328744.592
002397.SZ,20240124,3.09,3.17,3.01,3.15,210413.46,65574.406
603005.SH,20240124,18.29,18.36,17.47,18.21,159615.67,286243.968
600562.SH,20240124,11.74,11.8,11.33,11.75,46672.3,54174.644
002354.SZ,20240124,4.92,4.97,4.72,4.93,672369.97,326896.535
600056.SH,20240124,10.09,10.2,9.85,10.18,90410.62,90870.09
920339.BJ,20240124,6.09,6.09,5.72,5.99,10288.01,6052.401
688510.SH,20240124,14.25,14.66,13.93,14.58,34146.82,48696.389
688332.SH,20240124,60.28,61.86,59.18,61.24,7252.2,43645.699
603729.SH,20240124,25.41,25.96,24.8,25.57,108882.0,276646.308
600969.SH,20240124,5.71,5.85,5.58,5.82,43352.6,24896.238
300420.SZ,20240124,2.61,2.67,2.55,2.66,133410.52,34966.539
605179.SH,20240124,12.36,12.98,12.21,12.84,94934.0,119351.915
600650.SH,20240124,8.78,9.55,8.76,9.55,52605.86,49890.855
300120.SZ,20240124,5.91,6.0,5.64,5.94,96054.51,55855.192
300663.SZ,20240124,13.0,13.1,12.34,12.98,187397.27,239536.933
002163.SZ,20240124,8.0,8.19,7.85,8.19,97873.72,78413.498
300250.SZ,20240124,15.05,15.32,14.46,15.21,56908.0,85018.179
688190.SH,20240124,59.23,60.06,56.0,57.68,7012.23,40364.761
600892.SH,20240124,5.16,5.16,4.9,5.09,265046.4,133781.132
002409.SZ,20240124,43.52,43.8,41.31,43.3,84384.17,358952.865
002613.SZ,20240124,4.17,4.34,4.14,4.31,243064.2,103421.133
300138.SZ,20240124,11.0,11.14,10.64,11.11,50465.27,55011.98
688270.SH,20240124,48.19,49.52,46.66,49.3,30856.18,148909.56
300440.SZ,20240124,5.95,6.1,5.73,6.04,78389.0,46466.328
300632.SZ,20240124,10.07,10.2,9.66,10.12,33589.46,33499.802
300015.SZ,20240124,14.2,14.27,13.65,14.01,588968.73,818262.92
603859.SH,20240124,34.33,34.97,32.8,34.36,18018.63,61136.92
002746.SZ,20240124,6.34,6.42,6.17,6.41,65281.18,41220.816
000062.SZ,20240124,9.7,9.83,9.41,9.79,43745.84,42191.731
002489.SZ,20240124,2.8,2.88,2.77,2.86,147745.2,41913.396
605589.SH,20240124,19.62,19.94,19.18,19.81,44366.78,87020.975
688255.SH,20240124,19.07,19.19,17.77,18.31,17868.85,32702.856
603810.SH,20240124,17.64,17.81,16.3,16.6,448218.02,775099.985
300056.SZ,20240124,7.77,7.82,7.42,7.73,47128.83,35758.69
300843.SZ,20240124,18.35,18.41,17.3,18.0,22939.0,40901.872
300211.SZ,20240124,8.22,8.38,7.9,8.25,33160.7,26912.662
301314.SZ,20240124,35.21,35.8,33.85,35.3,6343.3,22226.785
688071.SH,20240124,36.18,36.3,33.4,34.57,17837.22,61514.517
002050.SZ,20240124,23.28,23.46,22.23,23.15,410135.11,932173.886
002848.SZ,20240124,9.88,9.95,9.37,9.82,46487.0,45142.157
600766.SH,20240124,15.7,15.83,15.23,15.48,8392.0,13000.875
301376.SZ,20240124,23.94,27.39,23.82,25.52,88516.14,228730.955
600990.SH,20240124,15.88,16.14,15.37,16.04,34868.36,54915.228
605289.SH,20240124,40.9,41.45,38.5,40.4,38573.05,153201.249
603153.SH,20240124,18.69,19.92,18.5,19.92,249359.4,479155.718
600925.SH,20240124,5.09,5.17,5.03,5.15,70811.99,36232.053
300460.SZ,20240124,10.19,10.25,9.63,10.09,60228.2,59836.72
300528.SZ,20240124,9.43,9.71,9.3,9.64,89691.8,85359.24
603992.SH,20240124,17.67,18.27,17.35,17.83,21160.0,37680.004
688017.SH,20240124,120.08,121.6,113.0,117.45,22334.48,259516.06
603379.SH,20240124,31.65,32.97,31.53,32.91,55318.06,178740.111
920670.BJ,20240124,13.46,13.66,12.97,13.62,21126.26,28337.848
002068.SZ,20240124,9.35,9.53,8.92,9.31,130839.94,120901.076
920689.BJ,20240124,14.07,14.63,13.45,13.98,5003.67,6947.938
920237.BJ,20240124,15.39,15.66,14.66,15.01,4356.57,6572.39
688439.SH,20240124,80.46,80.5,75.5,78.52,24983.85,194547.502
301020.SZ,20240124,17.24,17.71,16.7,17.32,12061.21,20739.624
600319.SH,20240124,4.74,4.92,4.68,4.89,166909.36,80778.363
603836.SH,20240124,13.47,13.78,13.07,13.7,31893.91,43044.464
000815.SZ,20240124,8.67,8.75,8.39,8.71,150953.73,130164.095
688362.SH,20240124,22.36,22.45,20.81,21.71,63734.24,136800.468
603106.SH,20240124,6.77,7.21,6.45,7.04,423238.2,288381.873
300013.SZ,20240124,3.28,3.5,3.28,3.46,154616.5,52682.211
603555.SH,20240124,1.25,1.29,1.22,1.26,699593.84,87906.28
002835.SZ,20240124,14.31,14.59,13.91,14.45,29104.01,41619.525
601698.SH,20240124,14.35,14.84,14.15,14.79,205792.65,298310.813
003016.SZ,20240124,7.46,7.75,7.29,7.64,39014.0,29484.887
002951.SZ,20240124,7.26,7.39,6.9,7.1,15595.0,11073.768
301035.SZ,20240124,59.7,60.78,57.82,59.3,5589.61,32994.154
002111.SZ,20240124,7.54,7.64,7.28,7.59,58335.4,43567.207
600112.SH,20240124,2.28,2.38,2.25,2.35,84248.01,19585.995
688278.SH,20240124,54.52,55.6,51.9,53.76,20551.75,109689.785
300607.SZ,20240124,12.2,12.33,11.61,12.16,88965.62,106368.83
603558.SH,20240124,9.11,9.2,8.63,9.08,64650.0,57794.456
600796.SH,20240124,5.01,5.2,4.98,5.2,63912.0,32548.504
600784.SH,20240124,5.42,5.73,5.35,5.71,76105.01,42013.234
300955.SZ,20240124,18.28,18.83,17.78,18.54,13744.0,25274.747
688143.SH,20240124,24.88,24.89,22.86,23.75,22588.91,53140.887
002760.SZ,20240124,18.24,18.5,17.56,18.26,11448.0,20653.251
601116.SH,20240124,10.0,10.4,9.8,10.4,100658.8,103534.125
601566.SH,20240124,10.38,11.18,10.3,11.1,171222.81,186615.943
688237.SH,20240124,28.78,29.94,27.54,29.05,3409.59,9777.609
603165.SH,20240124,10.87,11.07,10.58,11.0,45126.35,48932.993
600797.SH,20240124,5.37,5.54,5.26,5.53,163185.16,88092.543
002538.SZ,20240124,5.19,5.28,5.05,5.25,69706.07,36121.118
600665.SH,20240124,3.35,3.49,3.32,3.49,153007.77,52272.832
301268.SZ,20240124,23.28,23.74,22.45,23.4,15204.02,35205.752
300075.SZ,20240124,13.65,13.85,13.2,13.8,129274.28,175923.855
603931.SH,20240124,20.26,20.7,19.74,20.62,15187.6,30706.348
688207.SH,20240124,16.16,16.31,15.33,16.11,49199.56,77852.451
300657.SZ,20240124,15.88,15.9,15.0,15.54,101793.73,156690.939
601618.SH,20240124,2.99,3.12,2.97,3.11,1412852.92,430333.552
300077.SZ,20240124,9.02,9.13,8.71,9.1,69310.45,62084.234
688535.SH,20240124,75.5,76.81,71.0,74.45,19904.21,146431.96
000951.SZ,20240124,14.41,14.42,13.67,14.25,448262.37,628712.829
601166.SH,20240124,15.2,15.33,15.08,15.3,615408.1,935500.519
300437.SZ,20240124,10.71,11.1,10.6,10.95,41632.4,45230.668
002514.SZ,20240124,6.92,6.98,6.56,6.83,171988.58,116439.508
603083.SH,20240124,42.4,44.65,40.62,44.65,852498.1,3613597.23
920634.BJ,20240124,13.36,13.47,12.3,12.96,18041.01,23220.142
300970.SZ,20240124,14.59,14.74,14.17,14.7,23184.18,33638.489
688046.SH,20240124,15.5,15.78,14.85,15.45,24581.64,37602.149
002156.SZ,20240124,21.68,21.75,20.2,20.92,435563.02,901369.359
001218.SZ,20240124,19.02,19.34,18.24,18.95,13472.08,25281.17
002291.SZ,20240124,7.0,7.13,6.82,7.11,233230.09,163198.044
300395.SZ,20240124,27.71,27.89,26.32,27.35,78014.8,210489.003
601766.SH,20240124,5.18,5.4,5.17,5.39,1116522.03,590785.384
301248.SZ,20240124,14.3,14.45,13.75,14.42,32492.9,45851.895
920593.BJ,20240124,33.44,33.74,31.22,32.65,14689.86,47654.288
688273.SH,20240124,26.45,26.62,25.54,26.54,4061.77,10592.237
600838.SH,20240124,6.97,7.37,6.97,7.32,217840.96,157309.142
000410.SZ,20240124,6.11,6.19,5.99,6.19,73360.38,44788.843
301508.SZ,20240124,27.9,30.78,27.62,30.6,115032.85,338425.069
300726.SZ,20240124,24.24,24.39,23.25,24.19,24956.54,59417.38
603828.SH,20240124,3.22,3.32,3.14,3.32,181007.0,58722.06
002685.SZ,20240124,2.99,3.15,2.99,3.14,251389.35,77368.31
600057.SH,20240124,6.18,6.35,6.06,6.33,101675.13,63130.393
002398.SZ,20240124,4.92,5.1,4.64,4.92,501145.36,243397.603
002026.SZ,20240124,8.32,8.44,8.0,8.34,58142.0,47943.087
920304.BJ,20240124,9.4,9.45,8.7,9.13,87716.27,79785.285
688696.SH,20240124,90.35,91.23,87.0,90.48,4948.68,44296.327
300689.SZ,20240124,15.82,16.06,15.15,15.82,16339.64,25512.919
300855.SZ,20240124,22.14,22.57,21.5,22.15,24301.0,53554.997
300385.SZ,20240124,5.63,5.83,5.59,5.81,52047.0,29732.262
002436.SZ,20240124,11.7,11.86,11.14,11.6,255426.75,292540.872
002968.SZ,20240124,11.06,11.43,10.86,11.38,25998.5,29075.85
600529.SH,20240124,24.59,25.18,23.99,24.76,59926.73,147216.187
300087.SZ,20240124,7.23,7.32,7.04,7.31,71000.7,51121.579
603160.SH,20240124,58.07,58.38,55.65,57.41,38976.45,221563.32
300987.SZ,20240124,14.98,15.34,14.52,15.2,32760.81,48817.458
300521.SZ,20240124,11.15,11.62,11.04,11.44,22513.47,25576.006
603041.SH,20240124,11.52,11.8,11.01,11.61,33658.23,38354.108
300720.SZ,20240124,11.23,11.41,10.7,11.3,21350.0,23790.501
000558.SZ,20240124,2.8,2.86,2.76,2.84,229971.0,64669.725
605366.SH,20240124,8.71,8.95,8.14,8.95,280833.76,240660.52
603759.SH,20240124,7.22,7.37,7.09,7.36,41102.13,29805.875
301328.SZ,20240124,37.69,38.87,36.37,38.7,10349.36,38991.203
300495.SZ,20240124,1.35,1.41,1.33,1.37,187390.76,25785.261
920471.BJ,20240124,10.5,10.65,9.81,10.17,13941.84,14207.819
300685.SZ,20240124,18.09,18.3,17.45,18.19,24577.23,44056.405
300026.SZ,20240124,3.68,3.76,3.61,3.75,321257.76,118582.275
603919.SH,20240124,20.98,21.08,20.0,20.78,25808.72,53183.101
002100.SZ,20240124,7.67,7.73,7.37,7.59,171006.1,128810.38
300199.SZ,20240124,11.35,11.88,11.16,11.7,413956.0,477930.303
002849.SZ,20240124,15.19,15.74,14.89,15.45,35064.9,53705.132
603886.SH,20240124,17.0,17.45,16.61,17.1,27084.0,45885.726
601666.SH,20240124,11.09,11.35,10.99,11.31,339721.61,379377.485
003006.SZ,20240124,13.93,14.49,13.91,14.35,34185.58,48529.776
002913.SZ,20240124,24.46,24.69,23.14,24.18,42863.4,102345.705
600958.SH,20240124,8.28,8.78,8.25,8.69,1036007.45,880453.332
600300.SH,20240124,2.79,2.87,2.74,2.87,257686.01,72505.341
300318.SZ,20240124,5.33,5.41,5.13,5.33,70858.0,37278.989
301311.SZ,20240124,19.9,20.69,19.71,20.59,71402.46,144861.891
300522.SZ,20240124,11.07,11.3,10.75,11.1,33288.27,36677.888
600855.SH,20240124,9.09,9.29,8.84,9.26,43037.01,39055.725
920062.BJ,20240124,7.46,7.52,7.01,7.42,105660.4,76942.813
603686.SH,20240124,9.02,9.25,8.85,9.2,97502.4,88629.034
688157.SH,20240124,41.92,41.92,39.07,40.79,4700.66,18937.312
000962.SZ,20240124,10.0,10.21,9.7,10.19,79555.8,79490.77
920436.BJ,20240124,8.63,8.64,8.11,8.42,11253.95,9489.291
002507.SZ,20240124,12.96,13.03,12.49,12.94,104825.8,133858.515
000802.SZ,20240124,5.93,6.03,5.7,5.97,105740.0,62216.027
603839.SH,20240124,6.08,6.42,6.08,6.38,82160.0,51540.769
600510.SH,20240124,5.12,5.35,5.09,5.35,127930.66,66878.232
300873.SZ,20240124,18.31,18.7,17.58,18.49,32746.78,59578.339
600876.SH,20240124,12.73,12.92,12.2,12.74,35483.3,44738.097
002371.SZ,20240124,250.0,253.16,241.23,252.12,77207.69,1902076.443
603843.SH,20240124,2.71,2.96,2.66,2.95,454306.41,129700.696
301005.SZ,20240124,28.56,29.17,28.0,28.65,5468.8,15675.771
603016.SH,20240124,19.34,19.61,18.5,19.29,12755.0,24333.726
002505.SZ,20240124,1.37,1.39,1.32,1.38,629634.0,85511.361
300845.SZ,20240124,15.04,15.26,14.4,15.06,19410.42,28881.093
603126.SH,20240124,5.88,6.44,5.83,6.31,119225.17,73375.067
300066.SZ,20240124,4.07,4.1,3.88,4.08,151879.76,60745.756
605567.SH,20240124,10.47,10.69,10.18,10.63,42610.0,44566.977
002867.SZ,20240124,16.33,16.79,16.18,16.63,60123.0,99399.041
603366.SH,20240124,5.28,5.4,5.15,5.4,137549.96,73060.196
688593.SH,20240124,11.66,11.67,11.02,11.55,20797.68,23611.207
920970.BJ,20240124,6.66,6.72,6.33,6.65,18029.83,11790.845
000890.SZ,20240124,4.0,4.1,3.92,4.06,181647.0,73029.902
603012.SH,20240124,5.29,5.4,5.12,5.36,133500.98,70531.15
301088.SZ,20240124,13.21,13.88,13.1,13.62,18161.0,24635.767
603319.SH,20240124,14.96,15.26,14.52,15.11,43623.26,65209.904
603298.SH,20240124,24.29,24.4,23.64,24.26,30614.09,73784.384
300596.SZ,20240124,24.4,24.4,23.12,24.03,23436.0,55738.876
603489.SH,20240124,41.53,41.87,39.47,40.83,9642.54,39099.899
002219.SZ,20240124,2.6,2.61,2.48,2.57,273765.0,69274.734
002677.SZ,20240124,9.11,9.42,8.95,9.34,39467.77,36403.645
600405.SH,20240124,4.59,4.7,4.48,4.66,109441.17,50387.262
300446.SZ,20240124,13.2,13.33,12.81,13.33,47117.7,61866.6
300286.SZ,20240124,22.4,22.61,21.47,22.1,50144.47,109641.529
002559.SZ,20240124,8.79,8.84,8.43,8.82,263284.0,228070.664
920122.BJ,20240124,29.89,39.45,29.51,39.4,94084.85,336189.117
002130.SZ,20240124,6.35,6.49,6.2,6.45,206089.66,131253.21
603730.SH,20240124,13.14,13.44,12.85,13.21,29510.19,38725.308
688050.SH,20240124,158.0,159.99,151.26,157.8,8876.42,138225.808
605155.SH,20240124,14.2,15.18,14.02,14.58,62111.9,90280.995
601518.SH,20240124,2.42,2.51,2.4,2.51,263934.0,64888.111
301016.SZ,20240124,17.7,18.11,17.21,18.0,11215.0,19865.543
301025.SZ,20240124,9.45,9.6,9.16,9.53,33311.0,31353.594
002542.SZ,20240124,2.52,2.56,2.49,2.56,171521.83,43424.562
002173.SZ,20240124,7.29,7.37,7.06,7.31,106996.0,77482.145
002176.SZ,20240124,11.05,11.18,10.54,10.85,713379.87,769728.154
002271.SZ,20240124,16.7,16.8,16.15,16.8,329486.8,545394.69
920682.BJ,20240124,7.58,7.6,7.13,7.38,30556.75,22450.855
688246.SH,20240124,26.48,26.66,24.81,25.64,12083.28,30822.844
300906.SZ,20240124,21.99,23.24,21.38,22.4,34256.62,76020.409
002479.SZ,20240124,4.19,4.31,4.11,4.31,173839.0,73374.036
600416.SH,20240124,12.45,12.53,11.93,12.4,92520.04,113164.773
002097.SZ,20240124,6.45,6.78,6.38,6.73,764231.71,503634.426
301357.SZ,20240124,39.89,40.6,38.69,40.25,12984.29,51477.261
000552.SZ,20240124,2.83,2.9,2.8,2.9,235189.83,67296.141
003030.SZ,20240124,18.66,18.85,17.89,18.71,10822.0,19938.325
600735.SH,20240124,5.52,6.19,5.5,6.09,461065.16,277864.085
603871.SH,20240124,18.39,18.57,17.96,18.52,42615.52,77851.645
300625.SZ,20240124,12.65,13.03,12.26,12.8,27269.41,34583.619
605089.SH,20240124,32.6,33.04,30.7,31.89,11749.24,37450.29
601028.SH,20240124,8.97,9.24,8.82,9.22,100138.31,90695.745
300659.SZ,20240124,17.73,17.93,16.78,17.42,42007.0,72499.527
300651.SZ,20240124,16.67,17.29,16.32,17.04,21113.5,35608.056
603689.SH,20240124,7.72,7.9,7.54,7.9,58518.05,45405.551
688429.SH,20240124,18.68,18.69,17.22,17.83,36086.14,64204.057
300719.SZ,20240124,11.67,11.91,11.18,11.58,81559.93,93809.137
301221.SZ,20240124,44.48,44.8,42.52,44.08,23729.02,103635.208
002460.SZ,20240124,40.33,40.6,38.54,39.98,270136.49,1065696.929
301369.SZ,20240124,46.72,46.72,44.09,45.9,7531.43,34180.217
000567.SZ,20240124,9.49,9.92,9.44,9.88,120148.67,116168.366
688002.SH,20240124,36.87,37.16,35.08,36.47,80886.0,291322.019
603817.SH,20240124,5.59,5.76,5.49,5.76,91101.0,51253.815
688403.SH,20240124,8.37,8.46,8.06,8.45,81269.25,67066.298
600585.SH,20240124,21.84,22.24,21.42,22.13,151430.17,330749.353
300508.SZ,20240124,22.62,22.9,21.62,22.5,16572.2,36726.152
603182.SH,20240124,13.05,13.39,12.65,13.24,19646.33,25678.757
688788.SH,20240124,29.49,29.67,28.18,29.28,5357.63,15514.894
301010.SZ,20240124,16.11,16.43,15.48,16.12,21875.0,34964.359
000761.SZ,20240124,3.14,3.26,3.09,3.25,152191.0,48448.562
301237.SZ,20240124,25.8,25.8,24.01,24.95,6666.4,16452.644
001328.SZ,20240124,23.71,24.68,23.4,24.25,21099.88,50830.415
603776.SH,20240124,11.76,12.08,11.47,11.78,35011.64,41157.833
000605.SZ,20240124,5.6,5.88,5.6,5.87,95029.0,54743.949
000400.SZ,20240124,20.9,21.22,20.05,20.71,121062.57,247890.137
603101.SH,20240124,6.66,6.99,6.62,6.87,99673.6,67908.425
002898.SZ,20240124,12.04,12.34,11.66,12.07,30193.08,36196.775
300819.SZ,20240124,13.28,13.84,13.03,13.6,29951.0,40448.585
002557.SZ,20240124,31.61,32.31,30.91,31.75,33388.04,104906.889
000788.SZ,20240124,5.7,5.83,5.55,5.79,74219.08,42302.31
000002.SZ,20240124,9.23,9.44,9.1,9.41,844241.62,784494.95
601588.SH,20240124,1.75,1.84,1.75,1.84,339682.78,61127.958
603605.SH,20240124,87.73,89.3,86.79,88.01,20783.3,183054.825
300258.SZ,20240124,10.05,10.19,9.6,10.07,73450.11,72707.945
002585.SZ,20240124,6.9,6.95,6.64,6.91,116980.1,79621.897
688618.SH,20240124,44.26,44.61,42.21,43.8,6544.18,28283.103
600359.SH,20240124,6.47,6.6,6.33,6.6,35343.0,22884.69
300242.SZ,20240124,3.37,3.45,3.29,3.42,224099.0,75760.226
002289.SZ,20240124,5.28,5.41,5.15,5.41,14086.5,7443.687
002349.SZ,20240124,7.47,7.56,7.22,7.51,85877.32,63691.364
300289.SZ,20240124,5.22,5.34,5.07,5.3,58363.0,30524.906
603290.SH,20240124,167.49,168.0,159.22,163.06,27671.5,447325.8
603220.SH,20240124,27.33,27.39,25.9,27.05,145630.89,388654.815
920953.BJ,20240124,17.66,18.01,16.5,17.8,24454.8,42246.092
002408.SZ,20240124,4.57,4.65,4.47,4.64,110957.86,50802.014
000045.SZ,20240124,10.09,10.65,10.09,10.59,187804.86,196285.057
603818.SH,20240124,4.57,4.76,4.5,4.69,82529.13,38366.521
688459.SH,20240124,9.38,9.44,9.11,9.32,29699.79,27625.593
002599.SZ,20240124,5.68,5.76,5.45,5.69,164927.2,92742.046
002578.SZ,20240124,3.42,3.5,3.34,3.48,293267.26,100813.952
300722.SZ,20240124,21.52,21.81,20.82,21.75,19976.78,42805.026
600729.SH,20240124,27.8,28.79,27.15,27.97,26898.0,74996.957
688767.SH,20240124,26.87,26.98,25.77,26.95,5275.76,14016.293
600674.SH,20240124,14.2,14.7,14.19,14.61,362124.82,524522.829
688211.SH,20240124,31.72,32.08,30.07,31.3,4201.21,13021.486
300609.SZ,20240124,21.07,21.4,20.29,21.22,41424.0,86199.702
600223.SH,20240124,8.16,8.49,8.02,8.44,161982.51,133681.128
003035.SZ,20240124,4.83,4.85,4.59,4.8,224439.59,105788.219
600429.SH,20240124,4.01,4.12,3.95,4.12,71053.41,28711.022
600777.SH,20240124,2.77,2.79,2.68,2.77,1214723.69,333389.4
002643.SZ,20240124,13.77,14.1,13.33,13.87,80259.0,110241.654
000938.SZ,20240124,17.3,17.37,16.47,17.24,514574.91,870073.598
002912.SZ,20240124,22.62,23.03,22.1,23.03,24469.2,55196.829
300142.SZ,20240124,19.15,19.26,18.31,19.11,170685.92,320658.273
600089.SH,20240124,14.21,14.33,13.98,14.31,372249.25,528057.174
002174.SZ,20240124,11.93,11.99,11.13,11.6,562021.7,645885.09
002863.SZ,20240124,5.09,5.23,4.92,5.13,113953.14,57856.432
688646.SH,20240124,29.5,29.84,28.5,29.5,4257.9,12426.543
001300.SZ,20240124,15.83,16.34,15.59,16.05,67557.74,107961.594
301307.SZ,20240124,23.54,23.95,22.5,23.34,36721.94,84864.412
600158.SH,20240124,7.23,7.51,7.23,7.5,182877.97,134814.13
600977.SH,20240124,11.17,11.44,11.04,11.4,153121.99,172038.397
300878.SZ,20240124,21.1,21.48,20.41,21.26,13537.11,28445.683
000791.SZ,20240124,5.06,5.11,4.9,5.11,135044.23,67830.879
300778.SZ,20240124,11.39,11.67,11.12,11.67,30140.7,34494.981
002502.SZ,20240124,2.16,2.26,2.16,2.26,190470.03,42418.941
002367.SZ,20240124,6.96,7.14,6.71,7.01,154163.35,107020.081
301558.SZ,20240124,12.91,13.6,12.91,13.43,136582.01,182419.43
920010.BJ,20240124,5.17,5.21,4.82,5.06,73233.54,36593.772
300540.SZ,20240124,20.13,20.96,19.87,20.72,27396.95,55941.039
300681.SZ,20240124,15.91,16.15,14.92,15.55,53660.47,82664.494
300207.SZ,20240124,12.81,12.92,12.26,12.75,249491.43,313793.975
300795.SZ,20240124,34.75,35.0,32.8,33.85,15069.0,50887.311
600022.SH,20240124,1.28,1.31,1.27,1.3,669075.8,86252.091
600199.SH,20240124,15.69,15.85,14.98,15.55,123571.01,190300.309
600995.SH,20240124,8.41,8.55,8.27,8.54,50119.49,42240.554
002030.SZ,20240124,8.47,8.55,8.23,8.49,62431.8,52437.885
600689.SH,20240124,11.0,11.65,10.91,11.65,51025.0,59189.756
600346.SH,20240124,11.98,12.02,11.67,12.0,125461.36,149153.446
688559.SH,20240124,29.88,29.88,28.11,29.05,18557.9,53450.806
688350.SH,20240124,14.44,14.46,13.61,14.23,13062.02,18386.833
300432.SZ,20240124,8.39,8.48,7.95,8.28,149823.95,122416.423
301550.SZ,20240124,36.85,37.79,35.03,36.9,18978.38,69600.431
002895.SZ,20240124,16.35,16.48,15.68,16.32,36371.54,58609.139
300346.SZ,20240124,22.93,23.08,22.0,22.87,60009.44,135447.687
300667.SZ,20240124,13.5,13.59,12.82,13.41,28465.18,37505.12
002769.SZ,20240124,7.23,7.47,7.05,7.34,45817.5,33235.03
002602.SZ,20240124,4.88,4.94,4.69,4.84,758315.78,363816.699
603187.SH,20240124,13.42,13.58,13.01,13.56,37972.72,50576.218
000520.SZ,20240124,2.47,2.55,2.46,2.55,126402.28,31772.897
601188.SH,20240124,4.07,4.23,3.96,4.15,490027.71,200876.681
920978.BJ,20240124,12.8,12.83,11.77,12.38,29553.16,36030.59
000039.SZ,20240124,7.88,8.2,7.88,8.17,324506.63,261332.848
603712.SH,20240124,25.68,26.3,25.32,26.18,50741.0,130565.864
600382.SH,20240124,4.16,4.3,4.1,4.29,75753.04,31803.805
600360.SH,20240124,6.26,6.28,5.98,6.22,148883.36,91383.549
002221.SZ,20240124,9.55,9.99,9.38,9.91,66043.83,63579.942
301195.SZ,20240124,33.6,34.19,32.63,33.88,7595.55,25452.468
603855.SH,20240124,16.71,17.07,16.18,16.97,27801.0,46391.647
002725.SZ,20240124,9.45,9.6,9.16,9.52,55574.8,52394.629
688515.SH,20240124,70.22,70.22,66.0,69.15,7542.21,51304.86
301043.SZ,20240124,27.06,28.48,26.71,27.8,14623.0,40096.335
002663.SZ,20240124,1.62,1.68,1.62,1.68,481866.0,79861.707
002614.SZ,20240124,7.16,7.99,7.16,7.99,283051.47,219076.974
300933.SZ,20240124,7.43,7.47,6.97,7.19,81198.0,58180.652
301200.SZ,20240124,31.5,31.88,30.13,31.19,8015.08,24706.128
300110.SZ,20240124,3.61,3.69,3.53,3.68,130586.0,47314.844
002734.SZ,20240124,7.12,7.22,6.87,7.13,23361.42,16507.985
301381.SZ,20240124,27.2,29.69,27.18,28.67,47171.08,135310.648
601016.SH,20240124,2.76,2.82,2.71,2.8,310646.29,86021.626
300184.SZ,20240124,4.75,4.82,4.58,4.8,311748.17,147140.675
600675.SH,20240124,3.48,3.48,3.48,3.48,122904.36,42770.717
301017.SZ,20240124,17.05,17.73,16.65,17.56,13109.4,22396.341
603768.SH,20240124,15.0,15.25,14.45,15.06,26315.79,39218.386
300768.SZ,20240124,11.72,11.98,11.31,11.83,36357.37,42242.344
300503.SZ,20240124,14.7,14.85,14.0,14.77,131852.0,190534.129
300092.SZ,20240124,10.51,10.72,10.03,10.49,44107.41,45605.841
603226.SH,20240124,5.49,5.65,5.35,5.53,52623.11,28939.038
600075.SH,20240124,3.79,3.9,3.73,3.89,58148.2,22164.9
600051.SH,20240124,6.39,6.74,6.35,6.67,66626.88,43838.367
688722.SH,20240124,12.38,12.56,11.97,12.36,18862.45,23118.65
688252.SH,20240124,14.55,14.87,13.66,14.31,29313.53,41391.142
603676.SH,20240124,8.87,8.96,8.53,8.88,24481.5,21458.218
000919.SZ,20240124,6.86,7.0,6.69,7.0,85151.0,58615.419
688030.SH,20240124,15.7,15.73,14.76,15.47,11342.79,17239.05
300487.SZ,20240124,46.57,46.73,44.5,46.3,49171.25,223929.734
688372.SH,20240124,59.33,60.41,55.6,58.05,14823.57,85109.984
603866.SH,20240124,6.7,6.9,6.57,6.84,159171.7,107771.083
000893.SZ,20240124,21.6,21.92,20.96,21.68,55691.58,119288.235
000886.SZ,20240124,3.95,4.09,3.92,4.09,98048.15,39491.608
600241.SH,20240124,7.29,7.37,6.98,7.32,53299.01,38328.315
000524.SZ,20240124,8.15,8.36,7.95,8.34,69492.22,56983.914
600545.SH,20240124,2.32,2.4,2.29,2.39,169866.82,39902.511
300516.SZ,20240124,27.33,27.79,26.37,27.51,19296.0,52164.837
000020.SZ,20240124,14.18,17.22,14.18,17.22,306255.27,487169.291
002222.SZ,20240124,24.58,24.76,23.59,24.68,114361.21,277069.632
688225.SH,20240124,14.54,14.9,13.6,14.25,32345.83,45449.367
600153.SH,20240124,9.41,9.72,9.31,9.68,276494.81,263470.544
603090.SH,20240124,18.62,19.19,18.18,18.77,15849.0,29610.909
300842.SZ,20240124,77.36,78.6,73.3,75.53,84125.71,635030.025
600795.SH,20240124,4.07,4.16,4.05,4.16,1235511.88,506954.708
301520.SZ,20240124,51.24,53.9,51.24,52.56,6931.03,36475.868
600835.SH,20240124,10.88,11.44,10.87,11.44,96868.76,108128.374
002796.SZ,20240124,9.58,9.78,9.26,9.64,48253.7,46026.926
002444.SZ,20240124,20.5,20.76,19.72,20.55,110112.53,222666.621
603212.SH,20240124,15.65,15.77,14.78,15.41,174394.89,266652.381
600444.SH,20240124,12.38,12.94,12.11,12.84,73378.0,92277.933
688170.SH,20240124,29.36,29.86,27.91,29.29,21991.49,63085.611
600981.SH,20240124,2.62,2.71,2.57,2.69,286461.05,76079.807
002142.SZ,20240124,19.55,19.77,18.9,19.7,555490.78,1072902.907
300702.SZ,20240124,17.26,17.53,16.56,17.08,24747.8,41957.31
688261.SH,20240124,71.78,72.44,68.0,70.7,9287.85,64696.839
000716.SZ,20240124,5.35,5.49,5.2,5.46,200046.75,107486.302
301046.SZ,20240124,22.8,22.95,21.56,22.35,20883.88,46327.295
603078.SH,20240124,13.16,13.31,12.49,13.17,66905.94,86345.979
601898.SH,20240124,10.72,11.02,10.66,10.99,413816.06,450384.132
600560.SH,20240124,12.26,12.73,12.13,12.68,72618.0,90137.489
002091.SZ,20240124,6.97,7.07,6.75,7.05,108621.32,75267.682
002607.SZ,20240124,4.05,4.15,4.0,4.1,1385743.48,563679.219
002889.SZ,20240124,21.81,22.09,21.22,21.98,24349.4,53065.624
605033.SH,20240124,16.32,16.5,15.65,16.44,16604.74,26818.966
600592.SH,20240124,9.16,9.5,9.02,9.41,146576.02,136082.082
300386.SZ,20240124,8.74,8.92,8.46,8.89,43067.4,37612.209
301355.SZ,20240124,13.67,13.79,13.05,13.58,28795.96,38762.446
603669.SH,20240124,4.73,4.84,4.58,4.75,32513.0,15278.557
002551.SZ,20240124,3.51,3.56,3.41,3.55,132041.0,46240.576
603173.SH,20240124,19.41,19.95,19.03,19.67,11231.91,21983.431
002654.SZ,20240124,10.26,10.38,9.86,10.28,253931.88,257660.942
301489.SZ,20240124,56.99,57.41,54.0,56.71,10794.5,59998.268
603906.SH,20240124,11.02,11.52,10.76,11.15,128695.74,143489.609
688038.SH,20240124,11.25,11.47,10.81,11.25,23182.26,25872.973
000868.SZ,20240124,4.39,4.48,4.27,4.44,114087.0,50006.046
600173.SH,20240124,4.39,4.58,4.36,4.58,61654.96,27620.395
601991.SH,20240124,2.31,2.37,2.28,2.37,873378.19,203203.189
002632.SZ,20240124,6.9,6.97,6.6,6.91,227538.0,154699.707
600811.SH,20240124,1.75,1.82,1.74,1.82,439372.91,78202.887
603511.SH,20240124,14.55,15.18,14.3,14.78,18188.0,26812.492
688348.SH,20240124,101.0,101.94,94.35,98.0,18766.01,182156.169
002655.SZ,20240124,9.99,10.16,9.66,10.08,67316.24,66803.489
300910.SZ,20240124,40.5,41.2,39.17,40.35,20445.41,81906.778
300158.SZ,20240124,5.15,5.26,4.85,5.08,520504.01,260582.328
601918.SH,20240124,5.3,5.57,5.29,5.53,520550.37,283331.706
301301.SZ,20240124,8.33,8.42,8.14,8.4,72291.02,60095.734
000691.SZ,20240124,4.65,4.87,4.56,4.73,98302.0,46436.265
300045.SZ,20240124,18.46,19.82,17.66,19.68,608602.59,1130724.725
600398.SH,20240124,7.31,7.53,7.26,7.39,163124.23,120532.876
688059.SH,20240124,62.63,63.02,59.8,61.85,6905.61,42442.583
300913.SZ,20240124,25.0,25.4,24.14,25.18,37677.2,93473.589
003027.SZ,20240124,28.84,31.49,25.96,25.96,404049.31,1099057.864
600103.SH,20240124,2.15,2.2,2.12,2.19,227989.32,49345.917
688329.SH,20240124,20.2,20.62,19.47,20.52,12488.42,25073.016
000717.SZ,20240124,2.28,2.37,2.26,2.37,265458.15,61384.72
600370.SH,20240124,2.12,2.2,2.1,2.18,98104.74,21179.218
000851.SZ,20240124,5.08,5.19,4.94,5.18,282179.02,143249.759
301261.SZ,20240124,42.62,43.95,41.9,43.52,8386.51,36220.902
002196.SZ,20240124,5.84,5.99,5.62,5.88,123943.0,71947.353
600354.SH,20240124,5.26,5.31,5.15,5.3,71994.01,37833.44
601777.SH,20240124,3.13,3.22,3.08,3.18,184833.32,58214.725
300467.SZ,20240124,14.28,14.5,13.85,14.32,44840.0,63651.555
002856.SZ,20240124,10.68,11.19,10.47,10.87,81958.0,88720.088
920790.BJ,20240124,12.7,12.98,11.9,12.63,84940.15,105369.698
603788.SH,20240124,12.68,12.88,12.31,12.8,31479.1,39793.13
001256.SZ,20240124,15.32,15.63,14.86,15.5,18778.74,28730.927
301150.SZ,20240124,27.11,27.4,25.69,26.82,12378.49,32948.347
300065.SZ,20240124,7.92,8.03,7.65,8.01,152941.93,120133.727
003000.SZ,20240124,12.97,13.29,12.5,13.16,100287.0,129632.924
603233.SH,20240124,24.11,24.47,23.55,23.86,32410.94,77472.784
002979.SZ,20240124,16.41,16.54,15.51,16.1,58092.25,92550.303
603000.SH,20240124,23.28,23.4,22.4,23.33,205818.4,472922.649
600826.SH,20240124,8.18,8.92,8.18,8.92,186101.54,163010.627
301235.SZ,20240124,21.16,21.44,20.37,20.96,18317.93,38312.35
002973.SZ,20240124,9.95,10.24,9.71,10.2,23957.0,23993.969
300375.SZ,20240124,4.29,4.37,4.18,4.34,171773.64,73794.921
603320.SH,20240124,13.41,13.92,13.13,13.69,30794.0,41564.94
603838.SH,20240124,6.16,6.4,6.07,6.28,59401.0,37082.426
605116.SH,20240124,22.87,23.26,21.89,22.43,13657.0,30600.137
688162.SH,20240124,25.21,25.41,24.29,25.25,6181.66,15420.961
300378.SZ,20240124,17.5,17.67,16.67,17.58,72807.26,125075.272
601567.SH,20240124,20.76,21.06,19.96,20.63,73045.75,149322.036
688320.SH,20240124,30.9,31.11,29.2,30.31,20164.97,60608.343
600088.SH,20240124,15.84,16.34,14.85,16.34,445352.76,688678.603
301387.SZ,20240124,47.5,47.57,44.15,46.16,17528.41,79991.809
601968.SH,20240124,4.61,4.73,4.52,4.73,100356.88,46439.648
300653.SZ,20240124,23.26,23.5,22.39,23.39,15781.83,36350.512
301192.SZ,20240124,18.83,19.16,18.12,18.9,11182.5,20932.257
000625.SZ,20240124,13.85,14.0,13.4,13.81,1313756.34,1795723.852
300502.SZ,20240124,54.45,54.7,50.5,53.56,619847.35,3276159.487
002584.SZ,20240124,8.59,9.18,8.53,8.89,921934.38,823543.251
002586.SZ,20240124,3.32,3.38,3.23,3.37,54856.0,18220.731
300403.SZ,20240124,6.89,6.99,6.63,6.97,151708.0,103702.828
001206.SZ,20240124,13.95,14.5,13.68,14.14,23255.08,32857.106
688171.SH,20240124,17.74,18.12,17.17,18.03,11469.5,20296.48
000779.SZ,20240124,8.75,9.0,8.65,8.98,40292.0,35604.631
603617.SH,20240124,7.44,7.62,7.16,7.51,61080.2,45294.885
600821.SH,20240124,5.32,5.36,5.14,5.36,94401.19,49826.188
603508.SH,20240124,14.6,14.6,13.45,13.95,128260.32,178468.517
300271.SZ,20240124,6.27,6.49,6.12,6.44,144876.96,91437.218
002511.SZ,20240124,8.65,8.85,8.52,8.79,61252.03,53419.195
603122.SH,20240124,6.84,7.46,6.84,7.46,66288.96,48527.338
600618.SH,20240124,7.96,8.18,7.87,8.15,53878.0,43401.827
600641.SH,20240124,13.6,13.75,13.0,13.62,91458.49,122465.465
002472.SZ,20240124,23.0,23.05,21.68,22.54,151951.95,337783.981
603333.SH,20240124,5.39,5.64,5.19,5.48,610221.28,332942.323
600095.SH,20240124,7.8,8.25,7.76,8.12,1187040.68,952029.608
300849.SZ,20240124,12.53,12.76,11.81,12.61,39172.5,48309.543
300716.SZ,20240124,9.99,10.22,9.55,9.92,33437.5,32988.421
000909.SZ,20240124,5.63,5.77,5.56,5.76,45774.0,26046.399
603619.SH,20240124,17.31,17.78,17.11,17.77,45265.06,78966.448
002110.SZ,20240124,3.53,3.64,3.48,3.63,139292.26,49719.201
002252.SZ,20240124,6.71,6.77,6.54,6.7,479113.54,319452.715
000009.SZ,20240124,11.4,11.64,11.24,11.64,203487.34,232485.504
002293.SZ,20240124,9.04,9.41,8.92,9.2,46821.18,42925.955
300985.SZ,20240124,30.85,32.41,30.53,31.77,17036.75,53629.034
300729.SZ,20240124,19.62,21.52,19.62,20.81,296099.51,613411.769
688131.SH,20240124,39.97,40.22,38.16,39.5,14667.94,57522.165
002598.SZ,20240124,8.61,8.78,8.35,8.69,55824.7,47910.07
920422.BJ,20240124,8.06,8.15,7.76,8.07,12620.21,10059.993
301382.SZ,20240124,29.9,30.43,28.87,30.33,23873.39,70904.804
600387.SH,20240124,6.15,6.17,6.04,6.16,23054.0,14089.781
603071.SH,20240124,14.0,14.25,13.74,14.2,21440.57,30121.775
300654.SZ,20240124,9.82,9.96,9.45,9.8,142149.19,138321.002
920252.BJ,20240124,10.22,10.44,9.63,10.01,56882.53,56776.243
601699.SH,20240124,21.99,22.52,21.89,22.45,197647.39,439759.481
000571.SZ,20240124,2.92,3.07,2.92,3.04,350056.58,105835.394
000722.SZ,20240124,8.29,8.58,8.22,8.54,86182.66,72492.204
603690.SH,20240124,25.22,25.36,23.72,24.76,55586.85,135511.554
603135.SH,20240124,13.49,14.72,13.47,14.02,38735.19,54604.832
300308.SZ,20240124,113.65,114.18,108.98,113.7,269552.48,3016646.61
920808.BJ,20240124,34.62,34.88,32.96,34.17,14204.94,48150.868
603282.SH,20240124,22.7,23.75,22.55,23.23,14119.86,32794.024
605580.SH,20240124,10.13,10.32,9.85,10.19,26996.2,27276.457
002025.SZ,20240124,37.71,38.51,36.84,38.5,42219.06,159155.667
002820.SZ,20240124,9.61,10.03,9.35,10.0,86906.8,85132.989
605167.SH,20240124,9.54,9.54,8.99,9.32,192449.0,177631.072
688501.SH,20240124,14.65,14.69,13.9,14.5,24566.51,35243.239
301011.SZ,20240124,20.47,21.28,19.44,20.03,88510.38,179427.558
301003.SZ,20240124,20.59,21.2,19.93,20.61,14023.9,28798.387
600009.SH,20240124,32.89,33.65,32.38,33.52,125403.88,414944.301
301161.SZ,20240124,17.39,18.08,16.99,17.78,9926.3,17443.979
000728.SZ,20240124,6.35,6.61,6.23,6.56,529526.06,339537.521
002467.SZ,20240124,3.88,3.94,3.78,3.93,212289.61,82196.556
603613.SH,20240124,20.2,20.21,19.29,19.98,116374.17,229832.649
002757.SZ,20240124,13.36,13.54,12.95,13.49,75144.25,99955.193
300301.SZ,20240124,1.56,1.69,1.54,1.62,173205.0,28161.783
000826.SZ,20240124,2.47,2.55,2.44,2.54,247377.65,61779.644
301095.SZ,20240124,57.62,58.46,54.89,57.15,23653.3,133132.632
300751.SZ,20240124,122.0,125.88,118.2,121.17,27048.96,326132.332
002486.SZ,20240124,2.76,2.85,2.64,2.77,279570.68,77091.041
301082.SZ,20240124,14.77,15.09,13.98,14.55,33147.44,47903.777
603280.SH,20240124,22.03,22.26,21.28,21.96,20986.0,45712.653
600279.SH,20240124,4.05,4.17,3.99,4.17,122998.0,50306.622
300287.SZ,20240124,3.38,3.43,3.27,3.42,226789.0,76451.644
300049.SZ,20240124,36.62,37.42,35.5,37.01,62317.45,226753.745
600397.SH,20240124,2.58,2.65,2.54,2.65,202310.0,52777.001
300464.SZ,20240124,5.05,5.25,4.98,5.18,51040.0,26178.562
301099.SZ,20240124,40.19,40.69,38.4,40.08,10252.5,40557.918
689009.SH,20240124,24.5,24.7,23.39,24.31,51705.26,124083.478
688176.SH,20240124,8.01,8.14,7.77,8.01,79770.36,63611.498
002693.SZ,20240124,6.0,6.11,5.82,6.06,95360.0,57065.895
002216.SZ,20240124,12.29,12.35,11.81,12.27,52784.67,63886.808
688520.SH,20240124,44.22,44.29,41.67,43.02,21657.54,92155.472
688538.SH,20240124,2.12,2.17,2.09,2.16,310922.56,66192.354
600027.SH,20240124,5.45,5.61,5.41,5.6,523699.03,288020.972
301198.SZ,20240124,10.3,10.57,9.93,10.36,31110.79,31981.472
920077.BJ,20240124,13.75,14.07,13.05,13.5,22817.91,30686.291
002880.SZ,20240124,29.18,29.35,28.0,29.0,14166.48,40643.916
002171.SZ,20240124,7.0,7.0,6.48,6.66,491202.05,333006.142
601133.SH,20240124,11.29,11.56,11.0,11.49,31612.4,35747.458
688122.SH,20240124,37.98,38.37,36.88,38.22,48105.43,181533.186
002491.SZ,20240124,4.53,4.6,4.37,4.58,106823.0,48221.809
002809.SZ,20240124,9.23,9.42,8.94,9.35,49769.15,45733.967
603697.SH,20240124,7.78,7.9,7.53,7.85,33884.8,26242.225
688253.SH,20240124,25.6,26.55,25.02,26.2,20958.13,54087.952
002048.SZ,20240124,11.51,11.72,11.27,11.68,42903.99,49427.944
688088.SH,20240124,30.76,31.18,29.24,30.55,46058.58,138369.644
002795.SZ,20240124,6.02,6.31,5.81,6.02,138895.68,83319.627
688198.SH,20240124,107.33,108.0,102.03,105.64,3904.91,40963.711
300650.SZ,20240124,10.81,10.95,10.4,10.77,54240.2,57924.016
002137.SZ,20240124,5.74,5.89,5.6,5.87,144344.0,83288.888
603107.SH,20240124,20.25,21.28,19.78,20.69,96224.5,197431.764
600373.SH,20240124,13.15,13.23,12.73,13.19,132612.63,172715.548
920249.BJ,20240124,5.94,6.08,5.62,5.8,36493.29,21135.512
603099.SH,20240124,31.81,34.3,31.7,32.79,424557.02,1386321.22
601069.SH,20240124,10.57,10.66,10.2,10.61,55071.0,57743.54
002476.SZ,20240124,5.56,5.7,5.41,5.67,113473.99,63441.852
603088.SH,20240124,6.91,7.08,6.75,7.02,53147.42,36820.714
002265.SZ,20240124,9.6,9.79,9.41,9.77,38021.0,36527.678
301278.SZ,20240124,50.4,50.48,47.42,49.52,21575.97,105365.051
600017.SH,20240124,2.55,2.65,2.55,2.65,306252.91,79644.84
600325.SH,20240124,6.47,6.66,6.43,6.66,238692.32,156903.127
603232.SH,20240124,11.18,11.23,10.6,11.05,54052.12,58918.059
002165.SZ,20240124,3.71,3.82,3.62,3.78,229786.5,85675.585
000068.SZ,20240124,4.01,4.55,3.99,4.55,1179092.67,522696.514
300019.SZ,20240124,14.15,14.32,13.61,14.23,30870.0,43181.931
688981.SH,20240124,44.94,45.58,43.73,45.37,208729.35,930621.54
600866.SH,20240124,4.15,4.26,4.07,4.25,92745.49,38697.135
603200.SH,20240124,18.45,19.8,18.35,19.28,52900.27,100662.643
603601.SH,20240124,3.63,3.7,3.5,3.64,109159.84,39401.467
300802.SZ,20240124,15.6,16.22,15.46,16.2,34234.56,54055.592
001255.SZ,20240124,31.11,31.17,29.43,30.29,7330.0,22214.504
688305.SH,20240124,69.16,69.3,66.62,68.89,5532.7,37693.001
600330.SH,20240124,7.18,7.28,6.97,7.27,159488.8,113745.001
600080.SH,20240124,6.63,6.7,6.34,6.58,51646.39,33644.504
300792.SZ,20240124,19.81,20.7,19.57,20.39,35636.2,71812.78
688267.SH,20240124,16.7,16.7,15.18,15.93,16705.51,26317.867
300245.SZ,20240124,7.3,7.49,7.03,7.48,69106.31,50327.73
003026.SZ,20240124,29.1,29.47,27.72,28.78,12769.0,36293.527
603322.SH,20240124,31.64,32.39,29.92,31.23,47144.4,145901.73
002313.SZ,20240124,8.36,8.54,8.04,8.37,85485.0,70705.914
300489.SZ,20240124,16.91,17.92,16.22,17.91,41298.0,70107.556
003028.SZ,20240124,35.15,35.56,33.5,35.02,15128.0,52340.806
002471.SZ,20240124,2.74,2.82,2.7,2.79,344254.94,95151.007
300423.SZ,20240124,8.7,9.34,8.6,8.97,151979.0,136587.763
300691.SZ,20240124,19.5,19.77,17.9,18.77,114030.9,212779.196
002688.SZ,20240124,4.11,4.18,3.98,4.13,94102.0,38402.326
603003.SH,20240124,9.67,10.3,9.64,9.91,204629.76,202936.064
002841.SZ,20240124,38.97,39.28,37.93,38.96,28309.29,109531.862
002646.SZ,20240124,11.83,12.03,11.45,11.91,39177.31,46019.796
002938.SZ,20240124,19.07,19.17,18.52,19.12,82009.11,154848.537
601515.SH,20240124,3.82,3.99,3.66,3.83,265673.8,101309.443
600449.SH,20240124,12.72,13.14,12.32,12.87,241433.73,305754.107
300694.SZ,20240124,10.27,10.47,9.95,10.42,40437.0,41389.656
002017.SZ,20240124,8.55,8.72,8.39,8.69,70645.96,60642.777
300011.SZ,20240124,6.39,6.54,6.14,6.45,99387.0,63002.193
300076.SZ,20240124,4.66,4.83,4.58,4.8,356480.65,168110.526
300307.SZ,20240124,5.39,5.46,5.22,5.44,108541.0,58118.27
300587.SZ,20240124,4.72,4.77,4.51,4.69,123123.23,57279.024
600816.SH,20240124,3.11,3.11,3.11,3.11,73232.23,22775.224
002286.SZ,20240124,6.98,7.15,6.8,7.11,42679.0,29914.983
000422.SZ,20240124,9.17,9.24,8.85,9.16,181592.71,164522.137
688206.SH,20240124,17.95,17.95,17.07,17.79,15416.0,26925.136
002807.SZ,20240124,3.59,3.67,3.53,3.66,302161.05,109403.452
603396.SH,20240124,49.88,50.19,46.28,48.18,59993.32,288085.134
300288.SZ,20240124,13.04,13.3,12.64,13.24,92722.0,120317.406
300936.SZ,20240124,34.1,34.54,32.96,34.39,13341.06,45175.741
600965.SH,20240124,5.34,5.57,5.29,5.57,81308.0,44147.826
600887.SH,20240124,26.51,26.93,26.2,26.8,333678.91,885659.71
600823.SH,20240124,1.15,1.17,1.15,1.17,608377.6,71023.326
600696.SH,20240124,14.91,15.42,14.4,15.01,39828.63,59360.153
688288.SH,20240124,18.6,19.22,17.88,18.77,10302.72,18964.624
600576.SH,20240124,6.72,6.84,6.43,6.71,96049.02,63483.094
605001.SH,20240124,5.53,5.74,5.47,5.71,44839.9,25222.246
603718.SH,20240124,8.8,9.04,8.63,8.98,42477.67,37548.076
300282.SZ,20240124,2.54,2.7,2.49,2.61,111250.42,28961.582
600127.SH,20240124,6.15,6.32,6.08,6.32,96011.6,59814.779
002372.SZ,20240124,13.26,13.58,13.06,13.54,74893.96,100045.565
600184.SH,20240124,9.44,9.58,9.14,9.54,40093.92,37568.588
002412.SZ,20240124,5.76,5.84,5.52,5.8,90421.0,51563.572
920571.BJ,20240124,5.09,5.19,4.89,5.02,206629.24,104489.483
300750.SZ,20240124,154.5,154.99,149.51,153.48,248709.83,3776131.708
002403.SZ,20240124,8.02,8.17,7.77,8.11,161647.5,129531.952
002749.SZ,20240124,13.41,13.8,13.12,13.62,63619.59,85825.178
688531.SH,20240124,81.41,81.41,77.5,80.79,6021.08,47667.127
688377.SH,20240124,20.8,20.8,19.12,19.66,25779.78,51128.906
300830.SZ,20240124,6.41,6.57,6.28,6.56,59899.0,38645.889
002752.SZ,20240124,4.72,4.83,4.59,4.77,94880.42,44796.5
920834.BJ,20240124,7.52,7.73,7.08,7.39,42652.11,31525.434
688528.SH,20240124,8.98,9.25,8.7,9.12,16457.9,14822.432
601163.SH,20240124,14.65,14.82,14.25,14.75,65535.67,95640.904
002999.SZ,20240124,6.45,6.66,6.33,6.63,101684.4,66062.336
600288.SH,20240124,9.23,9.39,8.92,9.33,89540.91,82197.91
600658.SH,20240124,4.01,4.17,3.98,4.16,141695.2,57939.239
002315.SZ,20240124,28.86,29.19,27.6,28.84,82014.88,233987.108
300565.SZ,20240124,12.69,12.83,12.08,12.6,45243.96,56405.346
300235.SZ,20240124,9.61,9.77,9.28,9.72,73289.5,69996.073
002223.SZ,20240124,33.12,33.73,32.65,33.68,53124.63,176118.748
300031.SZ,20240124,16.6,16.75,15.8,16.41,330922.44,537945.231
600276.SH,20240124,40.68,40.73,39.5,40.52,250042.07,1001342.749
300496.SZ,20240124,58.18,58.4,55.2,57.48,110596.53,626081.572
002876.SZ,20240124,26.8,27.25,25.54,26.48,37315.88,97757.257
300713.SZ,20240124,15.0,15.18,14.32,14.97,25235.2,37300.582
300885.SZ,20240124,8.5,8.7,8.21,8.57,36360.67,30796.349
603345.SH,20240124,80.98,81.67,77.79,80.4,102342.04,814021.507
603058.SH,20240124,8.3,8.41,7.92,8.23,43863.0,35746.128
000151.SZ,20240124,9.7,10.6,9.68,10.6,158592.31,164275.151
688379.SH,20240124,16.36,16.94,15.91,16.52,10620.16,17444.106
000498.SZ,20240124,5.12,5.28,5.06,5.27,103541.52,53580.553
920599.BJ,20240124,9.5,9.5,9.1,9.25,32516.15,30029.315
920212.BJ,20240124,10.74,10.99,10.1,10.7,37086.38,39517.273
600452.SH,20240124,10.66,10.8,10.29,10.74,75981.78,80230.495
300547.SZ,20240124,14.87,14.98,14.31,14.92,29544.0,43459.989
000042.SZ,20240124,5.16,5.4,5.13,5.39,79202.44,41768.522
002672.SZ,20240124,4.62,4.74,4.53,4.74,53115.12,24678.56
688419.SH,20240124,26.81,26.98,25.22,26.52,11248.22,29320.998
603767.SH,20240124,12.04,12.29,11.72,12.21,51520.0,62232.557
002624.SZ,20240124,10.35,10.47,10.05,10.41,330207.82,339705.082
600693.SH,20240124,3.6,3.83,3.59,3.83,196970.0,72764.279
301166.SZ,20240124,30.81,31.33,29.9,31.2,8084.0,24826.213
300376.SZ,20240124,5.61,5.74,5.48,5.73,135692.5,76224.07
603860.SH,20240124,26.5,29.08,26.45,29.08,58299.0,163147.002
000980.SZ,20240124,2.5,2.55,2.41,2.52,663790.56,165164.119
300040.SZ,20240124,4.81,4.87,4.62,4.82,84597.56,40207.837
002064.SZ,20240124,6.28,6.34,6.11,6.29,159826.84,99624.943
688159.SH,20240124,35.82,36.43,34.3,36.4,11437.57,40512.739
600880.SH,20240124,4.4,4.48,4.26,4.45,166928.0,73064.702
600338.SH,20240124,10.16,10.27,9.81,10.2,146453.58,147371.794
000712.SZ,20240124,12.7,13.54,12.27,13.2,389702.12,500340.487
600895.SH,20240124,17.18,18.08,17.13,17.74,659254.56,1161097.46
002510.SZ,20240124,3.95,4.02,3.85,4.0,271649.72,107408.864
301507.SZ,20240124,13.79,14.07,13.58,14.05,31994.32,44394.495
001313.SZ,20240124,7.62,7.72,7.41,7.7,25116.32,19052.338
002363.SZ,20240124,6.8,6.99,6.61,6.86,67524.0,45995.854
600365.SH,20240124,3.27,3.36,3.26,3.34,34965.0,11570.357
688768.SH,20240124,27.5,27.5,25.51,26.85,20413.77,53735.906
300283.SZ,20240124,5.26,5.4,5.08,5.29,116011.0,60868.583
002446.SZ,20240124,6.57,6.61,6.25,6.56,299544.22,192944.856
300556.SZ,20240124,25.87,26.38,24.92,25.96,116766.16,297724.152
300774.SZ,20240124,8.74,8.89,8.45,8.8,34197.0,29685.996
000701.SZ,20240124,4.63,4.75,4.51,4.75,202997.84,94503.59
300949.SZ,20240124,46.86,47.9,45.0,46.15,20271.31,93814.127
688039.SH,20240124,26.7,26.9,25.12,26.19,24599.66,63611.588
688310.SH,20240124,25.37,25.55,23.77,24.7,12420.24,30616.978
601398.SH,20240124,4.9,4.98,4.88,4.97,3348474.64,1650534.905
603095.SH,20240124,13.82,14.08,13.44,13.95,20969.6,29000.258
600748.SH,20240124,3.29,3.52,3.29,3.51,426070.52,145747.732
603789.SH,20240124,8.76,9.07,8.59,8.84,87448.0,76917.363
300748.SZ,20240124,16.4,16.78,16.02,16.59,79717.27,130908.347
002378.SZ,20240124,4.74,4.82,4.62,4.81,70719.83,33515.593
002245.SZ,20240124,7.7,7.75,7.33,7.61,120927.68,91053.656
300358.SZ,20240124,9.04,9.11,8.72,9.09,42622.23,38128.199
688606.SH,20240124,58.29,58.94,56.76,58.53,3480.87,20182.459
002945.SZ,20240124,14.62,15.99,14.21,15.51,651415.17,980193.42
301179.SZ,20240124,21.84,21.88,20.58,21.55,14449.49,30633.346
688369.SH,20240124,25.84,26.0,24.6,25.76,17984.75,45612.492
000652.SZ,20240124,3.57,3.79,3.52,3.77,236360.19,86727.166
603351.SH,20240124,22.8,23.17,22.01,22.81,5905.96,13393.502
688589.SH,20240124,31.6,31.83,30.1,31.68,19591.7,60737.726
300471.SZ,20240124,10.66,10.98,10.32,10.63,87406.97,92871.961
300219.SZ,20240124,6.96,7.08,6.73,7.0,120125.38,82946.558
300053.SZ,20240124,10.26,10.38,9.83,10.28,133366.34,134826.883
002550.SZ,20240124,5.15,5.29,4.98,5.17,138725.08,70978.502
300344.SZ,20240124,4.55,4.65,4.41,4.63,139775.61,63662.83
600048.SH,20240124,8.78,8.99,8.65,8.98,1110588.71,982457.272
600898.SH,20240124,2.11,2.17,2.08,2.15,30170.0,6426.939
002373.SZ,20240124,9.5,9.75,9.05,9.54,366945.84,345167.883
920174.BJ,20240124,23.48,23.8,22.17,22.84,25958.74,59640.966
002758.SZ,20240124,9.7,10.2,9.37,9.91,63607.28,62402.562
600577.SH,20240124,3.75,3.79,3.63,3.77,186682.46,69320.534
688475.SH,20240124,38.43,40.19,37.63,39.64,17286.9,67247.833
300860.SZ,20240124,43.8,45.52,43.3,45.05,23281.22,103317.044
603917.SH,20240124,14.38,14.78,13.99,14.6,18763.96,27055.873
300532.SZ,20240124,12.98,13.39,12.63,13.31,98876.37,128735.583
000838.SZ,20240124,3.35,3.5,3.34,3.47,205762.11,70472.914
603660.SH,20240124,7.26,7.37,7.07,7.33,513480.55,371870.388
605198.SH,20240124,21.6,21.6,20.65,21.27,7009.0,14833.359
603368.SH,20240124,17.3,17.5,16.8,17.46,53899.6,92731.018
688292.SH,20240124,21.55,21.6,20.31,21.16,28473.71,59554.412
002228.SZ,20240124,3.02,3.11,2.97,3.1,144665.0,44028.751
688148.SH,20240124,6.08,6.2,5.82,6.12,110265.58,66378.889
000548.SZ,20240124,4.76,5.01,4.7,4.99,154224.53,74880.709
920806.BJ,20240124,10.06,10.61,9.73,10.39,200460.46,205215.983
002873.SZ,20240124,10.3,10.45,9.86,10.24,42781.03,43441.839
688272.SH,20240124,16.91,17.53,16.9,17.46,2812.54,4857.199
600468.SH,20240124,4.99,5.11,4.85,5.06,246710.61,123177.046
600233.SH,20240124,11.7,12.02,11.54,11.96,144462.85,170292.534
301359.SZ,20240124,21.09,21.15,20.01,20.95,21906.22,45194.977
300166.SZ,20240124,7.87,8.04,7.61,7.99,194620.94,152341.691
603028.SH,20240124,8.9,9.12,8.64,8.89,47380.0,42026.76
300958.SZ,20240124,14.98,15.3,14.68,15.22,23556.93,35497.079
301038.SZ,20240124,16.26,16.5,15.8,16.49,19720.2,32004.486
600982.SH,20240124,3.7,3.79,3.63,3.78,92182.0,34265.771
603001.SH,20240124,5.08,5.21,5.01,5.17,16467.0,8379.004
920394.BJ,20240124,15.94,15.97,14.95,15.52,16422.81,25327.473
600757.SH,20240124,6.81,6.94,6.66,6.92,176056.29,119722.076
002134.SZ,20240124,8.76,8.88,8.23,8.7,60737.0,51976.092
601088.SH,20240124,33.79,34.7,33.59,34.61,326006.23,1115547.091
300472.SZ,20240124,7.04,7.27,6.75,7.03,80897.0,56474.723
300883.SZ,20240124,5.85,6.02,5.78,6.01,60589.76,35877.599
301348.SZ,20240124,38.27,38.76,36.28,38.0,40942.69,152648.877
003015.SZ,20240124,11.84,12.55,11.84,12.18,588127.29,716151.585
301323.SZ,20240124,30.35,30.79,29.25,30.46,9569.67,28773.98
688010.SH,20240124,20.27,20.4,19.2,19.98,21574.98,42523.193
600120.SH,20240124,3.4,3.65,3.38,3.61,406088.64,142622.546
603903.SH,20240124,8.73,8.96,8.55,8.95,55554.36,48733.13
600403.SH,20240124,3.48,3.55,3.41,3.55,87679.78,30646.076
301158.SZ,20240124,13.73,14.04,13.41,14.04,18122.0,24960.104
603585.SH,20240124,12.58,12.79,12.18,12.61,11905.4,14902.341
688306.SH,20240124,4.44,4.51,4.29,4.43,68465.52,30154.343
920491.BJ,20240124,16.51,16.6,15.75,16.16,30272.1,48671.559
600322.SH,20240124,1.91,2.0,1.89,1.99,431999.3,84284.278
688115.SH,20240124,25.26,25.59,24.08,25.16,11893.53,29587.98
000517.SZ,20240124,2.26,2.37,2.25,2.36,279067.0,64449.916
920152.BJ,20240124,14.72,14.98,14.21,14.45,6864.46,9950.427
301013.SZ,20240124,12.05,12.21,11.45,11.89,62160.58,73393.232
000416.SZ,20240124,1.93,1.98,1.91,1.98,53657.0,10467.52
000060.SZ,20240124,3.86,3.99,3.82,3.98,391624.22,152850.283
301516.SZ,20240124,17.84,19.4,17.72,19.2,167729.89,311141.598
301071.SZ,20240124,27.42,27.56,26.19,27.52,39525.69,105842.437
001227.SZ,20240124,2.52,2.59,2.5,2.58,555497.44,141403.105
920519.BJ,20240124,9.3,9.7,8.82,9.38,11394.84,10420.886
600546.SH,20240124,16.42,16.8,16.27,16.79,209786.5,347652.913
603096.SH,20240124,16.88,17.08,16.25,16.95,22058.51,36733.242
688656.SH,20240124,28.0,29.0,27.07,28.09,6380.57,17869.49
002981.SZ,20240124,29.38,29.38,28.02,28.9,23747.0,67967.868
000912.SZ,20240124,3.96,4.05,3.87,4.05,152442.92,60524.671
301190.SZ,20240124,16.82,17.09,16.22,16.9,10918.27,18242.168
002161.SZ,20240124,4.61,4.7,4.48,4.69,113885.97,52406.544
920885.BJ,20240124,7.71,7.8,7.31,7.53,26330.32,19623.499
002089.SZ,20240124,0.98,0.99,0.96,0.96,189126.0,18298.869
688502.SH,20240124,131.99,132.62,123.66,128.35,6573.76,83647.194
603816.SH,20240124,33.47,34.05,32.88,33.58,30265.02,100863.916
300084.SZ,20240124,6.33,6.53,6.17,6.44,82614.0,52579.619
301121.SZ,20240124,33.21,34.6,32.02,33.05,7444.44,24393.03
688345.SH,20240124,25.89,26.19,24.24,25.59,4883.73,12380.324
600198.SH,20240124,5.61,5.73,5.45,5.7,86398.0,48341.683
600018.SH,20240124,5.21,5.39,5.21,5.38,353352.74,188047.685
001229.SZ,20240124,30.42,30.75,28.42,30.53,16258.2,48544.326
688548.SH,20240124,10.95,11.05,10.33,10.74,58581.7,62419.5
600228.SH,20240124,6.4,6.59,6.29,6.58,100744.8,65142.335
600839.SH,20240124,4.53,4.55,4.36,4.55,1051389.14,471164.228
600381.SH,20240124,6.69,6.94,6.57,6.87,83594.48,56720.01
300756.SZ,20240124,14.16,14.49,13.58,14.26,24394.02,34276.25
603196.SH,20240124,11.51,11.98,11.42,11.92,49607.8,58358.455
002209.SZ,20240124,8.94,9.26,8.77,9.21,71306.5,64532.982
688096.SH,20240124,7.87,8.13,7.7,8.0,24953.09,19784.627
688015.SH,20240124,15.42,15.51,14.75,15.41,10897.76,16489.782
688108.SH,20240124,9.75,9.89,9.26,9.71,88875.47,85294.08
688249.SH,20240124,17.0,17.06,15.71,16.38,103857.14,168844.208
600446.SH,20240124,11.1,11.45,10.69,11.45,736332.17,813277.812
300143.SZ,20240124,8.63,8.79,8.3,8.63,53320.3,45370.376
301207.SZ,20240124,23.55,23.83,23.1,23.81,43114.37,101414.846
920058.BJ,20240124,26.08,27.48,25.29,26.95,16691.43,44627.398
688302.SH,20240124,40.89,40.89,37.8,39.47,3856.75,15124.342
688155.SH,20240124,45.91,46.51,43.89,45.75,3563.04,16091.411
300692.SZ,20240124,5.53,5.71,5.49,5.71,43278.17,24195.459
600495.SH,20240124,3.68,3.85,3.65,3.84,194064.54,72670.759
920023.BJ,20240124,3.41,3.41,3.3,3.39,58103.66,19491.652
600666.SH,20240124,2.06,2.07,2.0,2.02,144096.58,29255.278
002352.SZ,20240124,37.59,37.79,36.45,37.73,159991.5,595851.003
600966.SH,20240124,5.38,5.51,5.25,5.45,84321.08,45485.176
603987.SH,20240124,7.97,8.05,7.67,8.0,61492.3,48427.063
600744.SH,20240124,3.13,3.22,3.1,3.21,511627.98,162123.329
300871.SZ,20240124,12.03,12.13,11.5,12.1,26075.1,30887.311
688093.SH,20240124,14.38,14.82,13.81,14.33,13886.78,19763.755
600229.SH,20240124,6.58,6.73,6.42,6.71,80897.59,53236.209
000576.SZ,20240124,7.71,7.84,7.46,7.83,32748.1,25094.619
688205.SH,20240124,44.71,45.13,41.7,44.35,17415.29,75401.646
301297.SZ,20240124,22.06,22.07,21.07,21.98,42974.29,92792.779
300889.SZ,20240124,13.19,13.72,12.95,13.57,38496.19,51497.203
300451.SZ,20240124,4.93,4.97,4.71,4.92,386647.76,187098.577
301468.SZ,20240124,25.26,25.57,24.1,25.1,24193.01,60244.481
002581.SZ,20240124,12.09,12.35,11.77,12.18,41658.0,50195.221
920445.BJ,20240124,6.63,6.84,6.4,6.63,20481.51,13527.361
603888.SH,20240124,20.7,21.12,20.02,21.04,93271.27,192254.726
301218.SZ,20240124,35.0,36.35,34.11,34.82,237854.8,841878.621
603988.SH,20240124,9.56,9.76,9.27,9.55,30829.28,29131.77
600327.SH,20240124,4.36,4.47,4.29,4.45,170479.76,74945.751
920415.BJ,20240124,6.0,6.18,5.81,6.12,50684.72,30508.954
920873.BJ,20240124,3.83,4.12,3.69,3.94,67880.88,26513.75
000792.SZ,20240124,14.8,14.91,14.36,14.9,255092.56,374196.813
000591.SZ,20240124,5.04,5.12,4.95,5.1,282497.14,142393.336
001308.SZ,20240124,26.18,28.18,26.15,27.98,55607.89,153897.896
688333.SH,20240124,79.97,80.05,75.77,78.5,22823.9,177460.025
603043.SH,20240124,17.96,18.37,17.5,18.18,29262.8,52678.443
002441.SZ,20240124,8.03,8.16,7.81,8.16,52106.0,41804.0
001324.SZ,20240124,20.18,20.57,19.66,20.42,17471.11,35326.809
920403.BJ,20240124,15.46,15.58,14.52,15.15,37594.79,56766.928
600746.SH,20240124,6.22,6.31,6.02,6.26,49562.5,30696.285
300939.SZ,20240124,27.96,28.44,27.0,28.14,23407.48,65076.812
000421.SZ,20240124,5.91,6.04,5.78,6.02,174374.16,103188.181
688523.SH,20240124,20.16,20.26,19.15,20.0,25667.78,50472.252
002169.SZ,20240124,5.96,6.03,5.76,5.99,72639.0,42746.127
920175.BJ,20240124,10.19,10.27,9.7,10.09,20166.1,20138.201
600594.SH,20240124,4.96,5.02,4.79,5.01,142642.05,70364.555
001234.SZ,20240124,20.43,21.12,20.16,20.95,23350.0,48365.923
600854.SH,20240124,4.75,4.93,4.61,4.82,109974.2,52461.829
300468.SZ,20240124,8.9,9.01,8.59,8.97,120309.59,106220.162
300252.SZ,20240124,7.47,7.54,7.19,7.52,95402.5,70560.828
301115.SZ,20240124,15.95,16.2,15.54,16.15,7083.3,11302.731
600996.SH,20240124,7.39,7.49,7.2,7.47,119310.17,87833.145
300679.SZ,20240124,34.63,34.66,32.12,33.3,48107.59,159127.554
002826.SZ,20240124,9.98,10.21,9.63,10.14,52322.0,51977.302
600420.SH,20240124,8.63,8.75,8.41,8.75,87772.19,75570.976
601989.SH,20240124,4.01,4.12,4.0,4.12,1018205.78,413041.505
600702.SH,20240124,88.95,89.49,84.53,87.61,104376.93,904659.471
002727.SZ,20240124,19.84,20.09,19.06,19.71,56182.0,109627.368
002590.SZ,20240124,11.8,11.95,11.41,11.75,213251.99,249526.489
300894.SZ,20240124,13.7,14.3,13.47,14.09,38111.52,52963.455
002722.SZ,20240124,13.08,13.23,12.64,13.22,27868.51,36223.62
300383.SZ,20240124,8.26,8.34,7.98,8.34,156856.78,128249.417
688698.SH,20240124,31.76,31.76,29.24,30.48,11079.24,33512.103
300603.SZ,20240124,8.55,8.73,8.28,8.67,88639.1,75679.093
603967.SH,20240124,8.9,9.34,8.74,9.26,92748.3,83886.741
000012.SZ,20240124,5.35,5.47,5.29,5.47,132908.55,71491.296
600391.SH,20240124,15.65,16.0,15.27,16.0,43004.36,67173.157
920478.BJ,20240124,22.58,22.79,21.3,22.1,10919.24,24004.433
002930.SZ,20240124,17.55,17.9,16.94,17.4,13846.12,24160.42
600621.SH,20240124,14.1,15.47,14.01,15.47,1139274.9,1689416.674
688628.SH,20240124,31.95,32.98,30.44,31.5,7715.82,24141.669
605218.SH,20240124,19.13,19.28,18.28,18.91,58027.01,108606.395
301141.SZ,20240124,38.72,39.3,37.6,39.3,13105.01,50311.749
300529.SZ,20240124,18.29,18.56,17.87,18.54,44293.04,80684.151
002040.SZ,20240124,6.3,6.58,6.3,6.58,67851.6,43932.443
601860.SH,20240124,2.5,2.61,2.49,2.59,789445.29,201218.102
301111.SZ,20240124,20.22,20.6,19.64,20.32,23873.09,48116.513
600200.SH,20240124,9.87,9.87,9.87,9.87,39729.89,39213.401
300137.SZ,20240124,4.83,4.9,4.67,4.88,81508.0,39029.928
300788.SZ,20240124,24.2,25.33,23.63,25.28,53398.87,131300.498
000599.SZ,20240124,4.09,4.21,3.98,4.19,160542.89,66084.622
300299.SZ,20240124,5.01,5.03,4.75,4.99,184296.87,90177.282
688020.SH,20240124,37.71,37.71,35.07,36.77,10810.89,39203.152
002638.SZ,20240124,2.22,2.28,2.16,2.27,188188.0,42037.749
600032.SH,20240124,7.18,7.29,6.98,7.28,71071.24,50990.43
688045.SH,20240124,32.8,32.8,30.58,31.92,8133.81,25675.019
600718.SH,20240124,7.7,7.85,7.47,7.85,141276.14,108166.275
300717.SZ,20240124,13.85,14.34,13.45,14.09,22585.0,31402.315
688410.SH,20240124,28.5,28.5,26.5,28.0,22001.67,60517.228
605365.SH,20240124,16.57,17.02,16.03,16.62,51534.58,85162.953
002470.SZ,20240124,1.58,1.62,1.56,1.61,306976.87,48771.492
002208.SZ,20240124,5.82,6.05,5.74,6.04,107669.2,63698.55
301208.SZ,20240124,33.31,34.78,31.51,34.59,26238.27,86669.009
002189.SZ,20240124,14.9,16.0,14.5,15.61,171531.04,262693.04
603365.SH,20240124,14.75,15.5,14.56,15.1,75338.06,113618.248
000507.SZ,20240124,4.73,4.95,4.73,4.94,108750.98,52606.961
000905.SZ,20240124,6.28,6.53,6.27,6.52,131670.74,84568.306
300337.SZ,20240124,6.49,6.63,6.27,6.54,151401.53,97636.139
603086.SH,20240124,5.05,5.14,4.88,5.07,51611.52,25914.921
688196.SH,20240124,30.93,30.95,29.37,30.67,3910.23,11808.583
300920.SZ,20240124,17.51,17.75,16.71,17.34,12980.0,22397.377
000789.SZ,20240124,6.3,6.47,6.19,6.44,57380.46,36505.0
603335.SH,20240124,5.74,5.95,5.56,5.83,52916.0,30445.102
688576.SH,20240124,86.5,87.75,80.57,84.42,4967.77,41610.485
920030.BJ,20240124,3.89,3.89,3.72,3.8,30982.47,11728.829
600039.SH,20240124,7.15,7.45,7.11,7.45,278875.96,203608.033
301252.SZ,20240124,34.08,35.0,33.01,34.7,6863.8,23389.086
603223.SH,20240124,9.26,9.35,9.07,9.27,25220.28,23285.718
000546.SZ,20240124,7.16,7.24,6.6,7.0,440226.8,302897.479
605298.SH,20240124,13.0,13.5,12.57,13.14,16740.2,21660.619
002883.SZ,20240124,10.39,10.91,10.31,10.77,67924.0,71776.936
002108.SZ,20240124,3.57,3.62,3.51,3.62,151197.16,54143.876
605399.SH,20240124,16.61,16.79,15.42,16.15,316285.37,507333.631
600871.SH,20240124,1.71,1.75,1.68,1.74,578307.78,99365.411
688626.SH,20240124,44.6,44.6,42.35,43.55,8962.05,38957.142
920075.BJ,20240124,12.8,12.99,12.05,12.74,18565.04,23265.2
601512.SH,20240124,7.53,7.75,7.47,7.75,48377.78,36947.639
300465.SZ,20240124,8.24,8.58,8.01,8.48,76434.2,63290.925
600639.SH,20240124,10.56,11.14,10.56,11.14,344514.79,379088.543
300930.SZ,20240124,18.79,19.1,17.89,18.7,10959.0,20230.706
000831.SZ,20240124,23.11,23.87,22.69,23.77,85448.97,199208.367
002840.SZ,20240124,17.27,17.51,16.7,17.3,57150.23,97938.705
600008.SH,20240124,2.56,2.63,2.54,2.63,470921.32,121560.435
688479.SH,20240124,19.12,19.49,18.63,19.34,9343.27,17920.339
300183.SZ,20240124,12.23,12.34,11.74,12.27,37134.65,44786.712
600345.SH,20240124,15.74,15.84,15.11,15.78,24233.03,37583.723
002275.SZ,20240124,12.9,13.13,12.61,13.08,22553.01,29122.121
600612.SH,20240124,66.0,66.6,64.23,65.8,13777.0,90417.925
300601.SZ,20240124,23.44,23.66,22.67,23.36,100060.99,232297.545
688386.SH,20240124,33.77,35.49,33.31,34.66,10389.17,35721.429
300323.SZ,20240124,5.57,5.65,5.36,5.65,104467.77,57569.71
300260.SZ,20240124,23.55,23.79,22.28,23.23,63979.42,146439.081
688266.SH,20240124,45.34,45.7,42.8,44.39,26415.2,116064.681
002682.SZ,20240124,5.26,5.51,5.26,5.44,507782.84,274238.36
002201.SZ,20240124,5.96,6.05,5.69,5.96,102402.14,60087.982
301072.SZ,20240124,21.51,21.73,20.52,21.38,10737.0,22736.112
002395.SZ,20240124,15.91,16.22,15.55,16.06,161080.5,255584.531
301388.SZ,20240124,19.89,20.25,19.13,19.94,11041.92,21713.587
000601.SZ,20240124,3.88,4.01,3.84,4.0,117914.96,46271.621
002959.SZ,20240124,47.3,49.13,47.3,49.05,16115.73,77801.272
002558.SZ,20240124,9.91,9.96,9.5,9.93,473410.29,462716.616
688391.SH,20240124,38.58,38.58,36.38,37.98,8925.7,33316.741
001380.SZ,20240124,28.35,28.4,27.27,28.35,13871.07,38699.948
688025.SH,20240124,64.6,65.5,59.45,60.97,43669.43,266500.78
301259.SZ,20240124,16.23,16.44,15.28,16.03,25175.2,39972.324
002129.SZ,20240124,15.86,15.99,14.8,15.33,2599889.8,3977616.607
000880.SZ,20240124,8.6,8.85,8.4,8.81,66188.2,57297.215
603127.SH,20240124,19.29,19.65,18.09,18.9,154817.55,289650.96
600308.SH,20240124,3.22,3.3,3.17,3.28,105268.48,34197.58
300515.SZ,20240124,9.58,9.86,9.34,9.7,38420.0,36863.183
605288.SH,20240124,39.11,39.76,37.79,39.19,9735.2,37752.539
603192.SH,20240124,17.36,17.78,16.66,17.34,32347.2,55649.23
603093.SH,20240124,10.61,11.67,10.34,11.67,170155.27,186315.813
002496.SZ,20240124,1.75,1.84,1.74,1.79,145986.6,26016.173
300775.SZ,20240124,23.81,23.94,22.82,23.92,56107.14,131467.054
301048.SZ,20240124,9.05,9.47,8.92,9.42,62037.85,56825.468
300314.SZ,20240124,12.04,12.34,11.78,12.18,37013.24,44753.591
300823.SZ,20240124,17.91,18.56,17.37,18.24,27797.0,50033.007
002702.SZ,20240124,5.1,5.2,4.94,5.14,108339.9,54934.283
603505.SH,20240124,24.3,25.36,24.29,25.26,59114.49,147025.934
688209.SH,20240124,15.67,15.85,14.6,15.61,40699.41,61867.703
600846.SH,20240124,9.25,9.4,9.12,9.4,112082.47,103915.542
920792.BJ,20240124,7.18,7.33,6.92,7.19,11614.3,8246.413
600956.SH,20240124,7.58,7.64,7.36,7.64,45883.0,34577.68
688505.SH,20240124,7.78,7.92,7.5,7.86,25889.55,19965.121
600421.SH,20240124,9.0,9.33,8.72,8.98,25863.0,23179.072
300699.SZ,20240124,22.88,23.03,21.88,22.77,76530.03,171616.446
603279.SH,20240124,18.63,18.88,17.94,18.62,47171.91,87148.341
600366.SH,20240124,6.5,6.57,6.21,6.45,75753.41,48372.205
301396.SZ,20240124,23.75,24.1,22.81,23.98,32849.19,77060.112
603336.SH,20240124,4.52,4.66,4.41,4.65,104670.85,47482.177
920392.BJ,20240124,13.7,13.93,13.05,13.86,7591.14,10289.675
300278.SZ,20240124,3.29,3.33,3.13,3.31,198538.35,64463.295
300411.SZ,20240124,6.16,6.48,6.08,6.34,120107.6,75554.946
600704.SH,20240124,4.12,4.24,4.08,4.24,289727.84,120523.767
300135.SZ,20240124,2.68,2.74,2.6,2.73,307660.0,82673.07
920419.BJ,20240124,12.1,12.15,11.34,11.69,21917.26,25418.425
002786.SZ,20240124,12.7,13.14,12.7,13.08,430937.0,556811.038
002719.SZ,20240124,8.99,9.48,8.95,9.3,111296.4,102327.457
688373.SH,20240124,5.15,5.2,4.93,5.14,78604.17,39798.363
000598.SZ,20240124,5.54,5.72,5.53,5.69,269977.28,152169.74
688586.SH,20240124,9.19,9.27,8.81,9.22,40115.64,36179.18
688262.SH,20240124,23.43,23.55,22.0,22.96,48344.28,109526.827
688055.SH,20240124,4.03,4.09,3.93,4.09,59357.41,23863.603
920469.BJ,20240124,14.49,14.56,13.21,13.84,30497.89,42226.296
300868.SZ,20240124,17.31,17.58,16.6,17.3,22789.11,39024.976
003010.SZ,20240124,17.03,18.11,16.84,17.74,52915.0,92715.633
603486.SH,20240124,37.09,37.45,35.9,37.02,43224.83,158157.893
300670.SZ,20240124,6.39,6.64,6.24,6.51,62330.5,40146.707
600706.SH,20240124,13.57,13.9,13.25,13.83,100921.0,137598.767
002595.SZ,20240124,27.66,27.89,26.8,27.63,28137.57,76734.581
301215.SZ,20240124,5.19,5.47,5.13,5.44,320326.73,169931.822
002469.SZ,20240124,5.52,5.65,5.33,5.55,118085.8,64829.245
688486.SH,20240124,91.6,93.49,86.67,91.16,3908.19,34980.302
000550.SZ,20240124,22.06,22.44,21.08,21.91,162726.83,353624.549
688360.SH,20240124,17.45,17.45,16.51,17.33,12006.62,20399.283
601998.SH,20240124,5.65,5.76,5.62,5.75,501790.96,284939.139
603507.SH,20240124,22.84,23.2,21.68,22.46,78374.55,175106.873
688539.SH,20240124,39.67,40.35,39.0,40.35,4754.18,18879.709
600189.SH,20240124,8.35,8.57,8.15,8.43,103640.22,86790.867
600436.SH,20240124,224.88,226.08,220.89,225.23,21249.92,475843.444
603926.SH,20240124,9.89,10.1,9.59,9.99,27519.79,27107.012
601579.SH,20240124,9.51,9.65,9.25,9.6,32480.11,30781.742
603725.SH,20240124,9.25,9.55,9.08,9.45,57026.0,53215.703
300550.SZ,20240124,12.2,12.37,11.48,12.18,34528.36,41057.109
600358.SH,20240124,4.54,4.66,4.45,4.61,113488.0,51824.182
002033.SZ,20240124,9.1,9.34,8.9,9.31,655155.72,599862.932
002181.SZ,20240124,4.12,4.2,4.03,4.19,121489.69,50107.414
000970.SZ,20240124,8.88,8.92,8.58,8.91,79366.45,69740.261
300648.SZ,20240124,21.37,21.63,20.57,21.26,17342.01,36576.513
002361.SZ,20240124,3.38,3.45,3.3,3.43,117027.58,39683.155
002127.SZ,20240124,3.15,3.22,3.08,3.19,318965.75,100648.871
000776.SZ,20240124,13.61,14.04,13.38,13.93,465180.33,638700.309
300298.SZ,20240124,26.4,27.39,26.25,27.29,18894.47,50739.649
920576.BJ,20240124,21.74,21.95,20.0,21.5,12510.71,26518.984
600105.SH,20240124,4.71,4.73,4.5,4.71,229454.56,106218.903
300715.SZ,20240124,10.28,10.57,10.06,10.44,12995.0,13397.028
300149.SZ,20240124,6.13,6.21,5.92,6.16,71497.78,43422.631
002708.SZ,20240124,8.55,9.06,8.52,8.9,603709.0,532575.792
002095.SZ,20240124,15.61,16.58,15.39,16.19,71199.66,113125.353
301279.SZ,20240124,19.91,20.56,19.44,20.25,8877.21,17804.443
003003.SZ,20240124,9.68,9.95,9.07,9.86,60299.0,58558.64
002132.SZ,20240124,2.8,2.88,2.71,2.86,275841.64,76923.378
002706.SZ,20240124,7.75,7.75,7.37,7.63,149220.61,112556.906
688578.SH,20240124,40.42,41.47,39.33,40.86,38357.19,154983.879
603203.SH,20240124,22.57,22.68,21.3,22.26,18640.83,40907.874
605199.SH,20240124,13.0,13.25,12.67,13.14,18921.12,24582.033
002963.SZ,20240124,12.78,13.1,12.51,13.03,18218.0,23430.443
601228.SH,20240124,2.91,3.02,2.9,3.02,325217.2,96456.346
688819.SH,20240124,25.95,26.24,25.07,25.9,22393.06,57410.75
688119.SH,20240124,4.23,4.5,4.19,4.44,73977.06,32156.824
002474.SZ,20240124,5.54,5.61,5.35,5.6,91598.0,50392.942
002630.SZ,20240124,2.23,2.28,2.18,2.27,323157.0,72155.247
300304.SZ,20240124,5.6,5.72,5.48,5.71,139403.0,78229.563
600926.SH,20240124,10.43,10.61,10.36,10.56,219446.69,230080.323
002512.SZ,20240124,4.66,4.75,4.5,4.71,411681.38,191503.217
600783.SH,20240124,10.69,11.38,10.57,11.28,68339.06,74794.767
603698.SH,20240124,12.19,12.73,12.08,12.67,27634.28,34143.534
301078.SZ,20240124,7.1,7.24,6.97,7.19,93726.3,66855.102
300881.SZ,20240124,21.82,22.33,21.0,21.88,14388.1,31197.96
688298.SH,20240124,31.0,31.39,29.81,31.0,12394.66,38002.327
301169.SZ,20240124,42.4,42.49,40.24,41.8,16819.29,69557.69
300671.SZ,20240124,26.19,26.25,24.65,25.72,29650.88,75306.199
002731.SZ,20240124,12.23,13.61,12.23,13.61,357675.3,482031.884
000731.SZ,20240124,6.62,6.73,6.47,6.72,53516.0,35380.245
600467.SH,20240124,2.16,2.22,2.13,2.21,252948.92,55250.16
002716.SZ,20240124,2.44,2.48,2.39,2.47,129713.88,31685.489
605499.SH,20240124,166.83,168.92,161.0,162.7,8801.96,144042.167
600313.SH,20240124,6.3,6.38,6.14,6.36,109460.23,68870.557
301122.SZ,20240124,28.31,28.89,26.74,27.56,15243.7,41911.364
001316.SZ,20240124,30.27,30.78,29.23,30.55,6899.0,20778.76
300525.SZ,20240124,13.47,13.6,13.04,13.53,99228.16,132244.492
002152.SZ,20240124,9.81,10.01,9.57,9.97,158636.85,155635.177
301209.SZ,20240124,20.56,20.98,19.9,20.76,8793.0,18011.772
601608.SH,20240124,3.41,3.56,3.35,3.54,282073.45,97182.627
600537.SH,20240124,4.99,5.03,4.72,4.94,480173.84,234642.676
002077.SZ,20240124,14.48,14.65,13.99,14.56,178300.27,256474.591
600571.SH,20240124,11.59,11.77,11.16,11.7,271639.28,312672.826
603960.SH,20240124,11.64,12.0,11.3,11.98,48355.74,56452.636
002270.SZ,20240124,14.85,14.96,13.83,14.26,188214.35,267702.394
603937.SH,20240124,10.61,10.98,10.36,10.81,45069.05,48047.186
300599.SZ,20240124,6.81,6.96,6.66,6.92,37273.0,25403.67
002241.SZ,20240124,17.84,17.95,16.71,17.34,1083337.11,1859350.214
603062.SH,20240124,48.7,49.07,47.21,48.54,10169.26,48871.006
300800.SZ,20240124,11.18,11.37,10.8,11.31,23573.5,26160.757
002736.SZ,20240124,7.85,8.19,7.79,8.14,321347.5,256233.423
300227.SZ,20240124,6.27,6.36,6.06,6.33,83708.0,52116.797
000723.SZ,20240124,5.65,5.81,5.52,5.74,345159.9,196170.253
603215.SH,20240124,17.2,18.15,17.02,17.9,52239.99,92053.568
301317.SZ,20240124,16.28,16.5,15.67,16.36,7853.74,12650.356
688123.SH,20240124,47.89,48.14,44.5,45.97,43788.38,200023.988
000917.SZ,20240124,4.84,4.9,4.68,4.89,198298.23,95337.601
301110.SZ,20240124,35.49,39.0,35.49,37.18,13871.26,51581.736
000008.SZ,20240124,2.15,2.22,2.14,2.22,278952.67,60798.608
301295.SZ,20240124,27.38,28.46,27.06,28.2,8855.49,24590.176
603032.SH,20240124,19.54,19.64,17.93,18.72,165917.05,309072.646
002695.SZ,20240124,8.93,9.17,8.77,9.15,39510.4,35633.255
300721.SZ,20240124,12.42,12.62,11.87,12.41,28376.89,34749.872
003019.SZ,20240124,18.13,18.33,17.3,18.02,24350.38,43350.024
301180.SZ,20240124,14.27,14.46,13.68,14.22,16529.5,23326.089
300167.SZ,20240124,2.81,3.13,2.79,3.02,185960.05,55669.984
600779.SH,20240124,49.98,50.75,48.01,49.56,36911.69,181771.959
300641.SZ,20240124,4.83,4.92,4.69,4.88,43756.3,21099.41
002726.SZ,20240124,7.41,7.52,7.1,7.43,77710.28,56863.697
600960.SH,20240124,3.46,3.53,3.37,3.52,128863.0,44714.323
301398.SZ,20240124,41.27,42.8,40.52,41.79,20980.73,87785.689
688357.SH,20240124,43.69,44.0,41.24,42.97,5247.9,22345.611
300703.SZ,20240124,9.75,9.99,9.48,9.86,47828.0,46571.695
002282.SZ,20240124,6.58,6.71,6.41,6.68,66016.0,43416.229
603390.SH,20240124,8.12,8.29,7.85,8.22,83948.0,67983.079
601798.SH,20240124,6.43,6.99,6.39,6.78,119587.01,79608.329
688799.SH,20240124,40.18,40.49,37.0,38.65,22955.51,87944.994
600383.SH,20240124,3.99,4.12,3.92,4.11,1019334.37,410559.738
300105.SZ,20240124,5.53,5.7,5.46,5.69,94103.5,52318.188
002812.SZ,20240124,49.35,49.5,47.08,48.76,130937.57,631400.981
002374.SZ,20240124,3.25,3.29,3.17,3.28,77761.0,25228.803
300923.SZ,20240124,19.7,20.47,19.31,20.14,10985.0,21951.606
688163.SH,20240124,15.92,16.24,15.39,16.04,12270.8,19447.121
603177.SH,20240124,10.17,10.21,9.32,9.96,51277.74,50160.381
601121.SH,20240124,6.15,6.33,6.06,6.33,49256.0,30629.146
300787.SZ,20240124,13.4,13.55,12.73,13.31,23052.25,30264.733
300379.SZ,20240124,14.36,14.4,13.65,14.29,115258.58,161909.401
688630.SH,20240124,68.27,68.28,64.42,65.6,13155.4,86226.347
002250.SZ,20240124,6.81,7.36,6.69,7.2,502576.76,357645.889
300559.SZ,20240124,12.87,13.14,12.37,12.8,91329.65,116104.228
920001.BJ,20240124,13.75,14.98,13.07,14.52,108062.01,152809.705
603665.SH,20240124,21.2,21.4,20.38,21.38,22248.68,46496.087
600531.SH,20240124,5.4,5.49,5.25,5.48,160001.0,86130.238
600303.SH,20240124,3.64,3.66,3.46,3.59,63264.0,22543.873
603111.SH,20240124,5.15,5.43,5.07,5.28,186123.0,97246.658
300349.SZ,20240124,11.36,11.49,10.82,11.3,65910.0,73606.287
002194.SZ,20240124,8.49,8.54,8.11,8.51,130924.31,109397.654
600232.SH,20240124,5.14,5.38,5.12,5.32,76094.0,40027.06
688685.SH,20240124,30.85,34.86,28.5,34.8,66387.84,209834.811
688766.SH,20240124,73.86,73.86,68.51,70.87,11241.49,78785.252
002435.SZ,20240124,3.65,3.74,3.53,3.69,229537.98,83756.568
688631.SH,20240124,28.35,29.32,27.77,29.01,13374.73,38163.948
920346.BJ,20240124,16.0,17.4,14.74,15.36,116200.48,184905.594
002565.SZ,20240124,2.98,3.09,2.95,3.07,280429.72,85063.633
002144.SZ,20240124,9.84,10.31,9.7,10.18,51120.0,51280.439
688269.SH,20240124,30.13,30.21,28.12,29.16,21873.13,62951.452
603956.SH,20240124,7.38,7.45,7.03,7.33,68134.2,49166.135
603197.SH,20240124,49.5,50.16,47.32,48.92,21820.16,106097.19
301318.SZ,20240124,26.43,26.69,25.11,26.23,18537.84,48110.389
000997.SZ,20240124,17.04,17.14,16.43,17.08,109101.55,183723.19
002778.SZ,20240124,13.01,13.31,12.69,12.98,28159.2,36539.931
601500.SH,20240124,4.37,4.42,4.18,4.36,322546.4,138888.405
000661.SZ,20240124,122.49,123.38,117.66,123.35,71505.39,862557.408
600115.SH,20240124,3.71,3.83,3.69,3.8,635125.74,239208.537
001267.SZ,20240124,4.87,4.94,4.66,4.84,83423.5,40027.318
300494.SZ,20240124,13.84,13.97,13.19,13.77,431596.6,587816.288
601877.SH,20240124,20.04,20.27,19.58,20.12,100897.48,201075.812
000301.SZ,20240124,9.71,9.83,9.58,9.82,284652.82,275709.182
300766.SZ,20240124,12.15,12.34,11.68,12.23,75897.0,91256.173
300221.SZ,20240124,4.92,5.02,4.75,4.94,140547.54,68779.266
603318.SH,20240124,6.55,6.63,6.38,6.61,37164.78,24299.949
688338.SH,20240124,25.95,26.06,24.53,25.35,6257.74,15739.709
002066.SZ,20240124,9.37,10.31,9.15,10.31,73983.45,71670.689
920810.BJ,20240124,9.35,9.5,9.01,9.36,7367.57,6838.583
605228.SH,20240124,9.68,9.87,9.37,9.75,30820.0,29696.268
301308.SZ,20240124,72.92,73.3,70.18,72.3,27981.16,200173.906
603516.SH,20240124,17.66,17.74,16.4,17.15,46011.98,77884.436
002458.SZ,20240124,9.94,10.05,9.76,10.04,99370.63,98702.986
688598.SH,20240124,56.6,57.57,53.86,56.2,20626.06,114166.201
300117.SZ,20240124,2.43,2.51,2.4,2.49,173832.0,42887.067
603666.SH,20240124,23.06,23.52,22.0,23.11,27184.0,62034.629
300266.SZ,20240124,2.3,2.36,2.24,2.36,168528.0,38874.974
603387.SH,20240124,9.38,9.48,9.0,9.36,33824.12,31237.952
301272.SZ,20240124,45.04,46.8,44.24,45.71,12080.11,55038.409
300733.SZ,20240124,9.69,9.87,9.35,9.72,31365.44,30113.945
688389.SH,20240124,18.21,18.4,17.12,17.87,32919.08,58162.645
603309.SH,20240124,11.88,12.02,11.38,11.87,41105.2,48130.872
688285.SH,20240124,7.57,7.9,7.43,7.88,33193.21,25399.201
301007.SZ,20240124,13.75,13.99,13.27,13.8,53158.53,72516.217
002124.SZ,20240124,3.17,3.2,3.06,3.2,251058.83,78745.018
002674.SZ,20240124,10.73,11.09,10.46,10.91,34940.0,37593.691
600827.SH,20240124,8.58,9.08,8.57,9.06,142487.6,126488.897
000883.SZ,20240124,4.08,4.17,4.01,4.17,189114.84,77482.501
300922.SZ,20240124,13.71,14.01,13.37,13.89,39629.6,54357.272
603955.SH,20240124,15.1,16.18,15.1,15.53,143887.61,225557.419
603266.SH,20240124,21.83,22.1,21.14,21.87,60782.0,131531.326
301363.SZ,20240124,30.73,30.87,29.51,29.92,8359.2,25212.937
600807.SH,20240124,3.02,3.11,2.95,3.08,142460.0,43361.451
002244.SZ,20240124,6.56,6.64,6.39,6.64,200895.66,131396.22
300269.SZ,20240124,5.53,5.56,5.21,5.38,878845.62,471143.198
002199.SZ,20240124,7.56,7.62,7.18,7.48,50685.11,37472.097
002307.SZ,20240124,3.87,4.0,3.85,3.99,119042.68,46666.625
300509.SZ,20240124,5.82,6.07,5.71,5.97,54989.0,32368.941
000595.SZ,20240124,4.44,4.59,4.4,4.57,244962.54,110294.071
920950.BJ,20240124,21.0,21.5,20.13,21.3,6728.81,14079.503
300037.SZ,20240124,42.35,42.57,40.9,41.85,37516.23,155822.853
001222.SZ,20240124,13.81,14.47,13.54,14.1,33238.47,46616.251
603655.SH,20240124,17.63,17.88,16.55,17.41,41350.5,71708.977
688575.SH,20240124,22.35,23.3,21.85,22.68,31581.25,71232.621
600763.SH,20240124,66.88,67.0,63.72,66.4,46571.71,304078.531
002341.SZ,20240124,3.18,3.27,3.11,3.21,237112.18,75678.428
601789.SH,20240124,3.69,3.83,3.65,3.83,180777.95,67601.273
688331.SH,20240124,44.45,45.21,42.3,43.37,33147.67,143469.497
002318.SZ,20240124,19.55,20.26,19.46,20.1,66403.98,132289.68
002001.SZ,20240124,15.93,16.33,15.74,16.32,126293.72,203033.457
002229.SZ,20240124,22.23,22.34,21.21,21.81,358943.97,780527.754
603360.SH,20240124,9.46,9.58,9.09,9.53,25404.86,23727.083
000619.SZ,20240124,5.76,5.94,5.63,5.83,186674.0,108160.258
002948.SZ,20240124,2.99,3.08,2.98,3.07,282631.8,85550.481
301335.SZ,20240124,18.53,19.35,18.39,18.99,4607.4,8728.145
301246.SZ,20240124,22.19,22.43,21.59,22.33,7137.5,15745.432
301203.SZ,20240124,32.69,33.23,31.75,33.17,7294.54,23832.496
603306.SH,20240124,21.06,21.23,19.9,20.69,69504.6,142149.314
688793.SH,20240124,29.85,30.13,28.18,29.19,8308.12,24158.835
002782.SZ,20240124,11.54,11.61,11.0,11.47,66196.2,74871.793
300359.SZ,20240124,4.65,4.77,4.57,4.76,118584.76,55303.413
600540.SH,20240124,4.23,4.32,4.13,4.32,88152.0,37343.743
300656.SZ,20240124,19.38,20.59,19.33,20.32,26850.56,53584.666
603681.SH,20240124,12.77,12.86,12.14,12.71,36060.86,45142.191
002079.SZ,20240124,9.53,9.6,9.14,9.57,106910.03,100440.927
603022.SH,20240124,8.82,9.27,8.73,9.15,42752.0,38585.443
300785.SZ,20240124,17.66,18.18,17.2,17.91,51901.0,92368.582
301042.SZ,20240124,31.86,32.36,30.6,31.65,9917.97,31204.04
002637.SZ,20240124,9.79,9.88,9.45,9.78,30547.19,29404.878
003007.SZ,20240124,35.0,37.52,34.87,35.62,187835.7,677506.555
603693.SH,20240124,10.03,10.09,9.62,9.95,21608.7,21317.061
688371.SH,20240124,13.38,13.68,12.76,13.23,21796.58,28540.298
601377.SH,20240124,5.42,5.63,5.33,5.59,788851.29,431786.047
688056.SH,20240124,26.65,27.03,25.65,26.73,4889.43,12917.678
002431.SZ,20240124,2.23,2.29,2.2,2.28,176883.39,39792.308
300103.SZ,20240124,5.42,5.5,5.18,5.41,86886.27,46466.778
601001.SH,20240124,11.59,11.85,11.5,11.8,142021.75,166141.543
002679.SZ,20240124,10.77,11.19,10.69,11.13,39474.0,43403.885
300195.SZ,20240124,5.4,5.56,5.26,5.52,110715.0,60156.563
600837.SH,20240124,8.9,9.26,8.77,9.2,527225.42,474503.608
002439.SZ,20240124,20.48,20.58,19.66,20.54,87980.71,176965.516
000738.SZ,20240124,16.09,16.15,15.44,16.1,122964.17,193640.737
688571.SH,20240124,6.13,6.34,5.98,6.22,51102.96,31476.687
688146.SH,20240124,27.8,28.2,26.84,27.98,15424.0,42430.632
600908.SH,20240124,5.05,5.12,4.9,5.11,183171.76,92543.933
002639.SZ,20240124,6.39,6.65,6.29,6.51,139376.07,90356.022
603031.SH,20240124,44.43,44.8,42.39,44.15,3641.0,15819.33
920974.BJ,20240124,8.9,9.63,8.82,9.07,78003.5,71612.291
600875.SH,20240124,13.8,14.06,13.53,14.05,153005.41,211510.462
300401.SZ,20240124,10.09,10.25,9.7,10.12,53650.29,53572.73
000783.SZ,20240124,4.92,5.12,4.83,5.09,435888.72,216748.7
603779.SH,20240124,8.33,8.35,7.99,8.23,90002.73,73695.435
300191.SZ,20240124,12.56,12.88,12.3,12.84,25843.05,32716.227
600800.SH,20240124,3.21,3.28,3.14,3.27,82315.17,26517.357
002888.SZ,20240124,18.61,18.97,18.08,18.87,50430.0,93844.453
002249.SZ,20240124,4.44,4.48,4.3,4.47,197115.73,86970.123
002931.SZ,20240124,11.69,11.94,11.3,11.78,49818.62,58155.73
301057.SZ,20240124,13.86,14.37,13.54,14.11,28261.11,39531.421
002625.SZ,20240124,12.83,12.92,12.29,12.77,160063.77,201945.137
688112.SH,20240124,32.0,32.64,30.16,31.4,9721.47,30076.41
300978.SZ,20240124,11.36,11.56,10.99,11.45,44560.91,50258.394
600084.SH,20240124,6.55,6.61,6.23,6.47,67505.0,43090.874
603958.SH,20240124,15.78,17.69,15.78,17.69,225864.68,384867.366
688549.SH,20240124,7.0,7.04,6.73,7.02,98867.6,68146.467
688388.SH,20240124,18.74,18.93,17.55,18.64,49599.86,90477.26
688138.SH,20240124,17.95,17.95,16.74,17.53,26752.98,46136.397
002690.SZ,20240124,16.35,16.42,15.9,16.38,37768.39,61067.558
002890.SZ,20240124,12.52,12.99,12.4,12.77,22809.35,28990.421
605369.SH,20240124,44.51,44.51,42.01,43.94,4413.7,19030.668
300476.SZ,20240124,17.32,17.51,16.07,16.89,314608.99,526058.96
600110.SH,20240124,4.8,4.85,4.6,4.79,176850.02,83687.344
301339.SZ,20240124,16.01,16.23,15.56,16.19,25472.11,40588.305
600543.SH,20240124,5.6,5.68,5.5,5.67,33321.02,18653.793
601156.SH,20240124,16.85,17.38,16.5,17.28,335747.23,569332.005
002987.SZ,20240124,15.14,15.4,14.54,15.34,57500.08,86224.949
301309.SZ,20240124,25.33,25.76,24.68,25.48,4038.0,10200.526
000988.SZ,20240124,27.8,28.04,26.88,27.84,421799.89,1163333.488
603466.SH,20240124,11.67,12.0,11.25,11.95,189766.06,219847.151
000035.SZ,20240124,4.22,4.26,4.03,4.2,237348.85,98359.704
920857.BJ,20240124,15.37,15.65,14.21,14.89,21169.04,31508.223
600328.SH,20240124,6.88,7.05,6.76,7.05,96252.88,66528.57
688095.SH,20240124,54.7,55.8,52.0,53.58,24935.87,132686.441
603098.SH,20240124,12.29,12.65,11.69,12.18,123914.5,150375.745
600743.SH,20240124,1.43,1.48,1.4,1.47,391610.22,56801.339
688232.SH,20240124,26.17,26.34,24.74,25.74,16035.43,40773.658
600778.SH,20240124,5.41,5.86,5.38,5.66,142705.0,80492.246
002928.SZ,20240124,6.12,6.27,5.98,6.25,185457.79,113875.472
300684.SZ,20240124,15.43,15.54,14.58,15.3,49688.0,74596.28
000839.SZ,20240124,2.11,2.17,2.1,2.17,118214.0,25206.784
000902.SZ,20240124,10.64,10.8,10.34,10.8,83950.77,89279.73
300533.SZ,20240124,26.0,26.15,24.62,25.7,102666.16,261051.277
601058.SH,20240124,11.55,11.6,11.44,11.6,255367.33,294620.318
688396.SH,20240124,39.81,40.77,38.83,40.6,41843.52,166593.877
920195.BJ,20240124,14.1,14.31,13.37,13.9,45434.31,62610.11
600096.SH,20240124,15.12,15.44,14.81,15.32,182794.78,277443.341
002500.SZ,20240124,4.97,5.18,4.88,5.14,320932.16,161714.277
301399.SZ,20240124,30.8,31.12,29.47,30.78,8493.44,25726.24
603198.SH,20240124,56.8,57.0,54.0,55.55,38382.32,212643.714
688612.SH,20240124,36.05,37.32,34.9,36.0,23820.47,85933.956
300564.SZ,20240124,11.2,11.54,10.99,11.47,27556.16,31127.127
300844.SZ,20240124,29.45,30.28,28.79,29.89,12602.0,37391.561
605162.SH,20240124,8.03,8.11,7.7,8.01,31714.77,25148.966
002306.SZ,20240124,3.81,3.86,3.63,3.75,381783.04,142856.466
301133.SZ,20240124,22.75,23.4,22.23,23.22,14285.0,32751.644
300624.SZ,20240124,93.5,93.86,88.88,92.84,139487.67,1280530.507
002003.SZ,20240124,9.93,10.15,9.81,10.12,62622.18,62662.768
688718.SH,20240124,12.16,12.45,11.81,12.42,10319.94,12527.305
300553.SZ,20240124,26.1,26.49,24.71,25.65,15789.5,40081.267
002743.SZ,20240124,5.08,5.15,4.92,5.14,144728.55,72930.458
920946.BJ,20240124,8.62,8.64,8.08,8.41,38919.05,32362.508
600126.SH,20240124,4.54,4.63,4.42,4.61,289153.98,131127.873
300674.SZ,20240124,13.28,13.52,12.83,13.52,100408.76,132685.875
601878.SH,20240124,9.71,10.07,9.48,10.0,546052.12,535463.57
600533.SH,20240124,2.7,2.84,2.7,2.82,125208.97,34668.195
300098.SZ,20240124,3.42,3.47,3.33,3.46,274255.94,93819.371
000651.SZ,20240124,33.16,33.7,32.96,33.65,324248.07,1081791.12
301373.SZ,20240124,24.68,25.35,23.77,24.79,6200.37,15159.393
002081.SZ,20240124,3.42,3.57,3.41,3.56,172199.51,60107.619
600663.SH,20240124,8.1,8.83,8.05,8.83,242351.59,207916.037
600513.SH,20240124,9.45,9.62,9.15,9.5,64671.13,60887.816
603758.SH,20240124,9.29,9.43,8.91,9.18,49195.0,44928.391
300545.SZ,20240124,26.83,27.23,25.66,26.92,43545.77,114869.995
688485.SH,20240124,10.45,10.66,10.11,10.59,15848.08,16550.255
002886.SZ,20240124,16.11,16.3,15.39,15.99,32740.7,51760.784
603636.SH,20240124,10.31,10.42,9.86,10.37,91669.04,92962.783
688503.SH,20240124,57.7,58.16,51.47,53.0,62616.95,337555.438
300029.SZ,20240124,5.89,6.23,5.86,6.02,49135.0,29661.3
300948.SZ,20240124,12.41,12.72,12.19,12.71,22371.77,28013.167
301049.SZ,20240124,19.33,19.91,18.68,19.53,13785.98,26564.056
600165.SH,20240124,2.79,2.86,2.7,2.83,170274.73,47404.731
002548.SZ,20240124,4.61,4.62,4.41,4.61,174658.9,79107.584
920344.BJ,20240124,17.98,18.15,17.51,18.08,2647.91,4712.674
002906.SZ,20240124,24.86,25.03,23.66,24.56,54694.29,132952.794
600643.SH,20240124,5.04,5.28,4.9,5.28,368960.56,187446.759
300153.SZ,20240124,6.73,6.83,6.44,6.75,59055.0,39235.933
002117.SZ,20240124,7.57,7.71,7.27,7.69,83571.26,62402.291
603515.SH,20240124,16.15,16.48,15.7,16.23,25373.33,40923.782
600865.SH,20240124,7.37,7.67,7.28,7.63,34037.0,25620.881
605599.SH,20240124,12.84,13.27,12.77,13.14,20865.0,27115.915
300059.SZ,20240124,12.8,13.38,12.55,13.27,3567731.43,4621885.112
603116.SH,20240124,5.67,6.29,5.64,6.22,289333.76,174476.714
002202.SZ,20240124,7.2,7.32,7.03,7.3,193771.61,139279.282
000899.SZ,20240124,6.88,6.97,6.73,6.96,51195.0,35208.3
600138.SH,20240124,10.18,10.4,9.99,10.37,157065.99,159959.24
301577.SZ,20240124,80.0,82.49,67.82,68.93,85657.39,645161.454
002344.SZ,20240124,3.68,3.83,3.65,3.83,151789.86,56969.311
000589.SZ,20240124,5.73,5.79,5.5,5.75,204874.23,116091.671
605183.SH,20240124,12.79,12.95,12.37,12.81,17633.9,22360.325
603727.SH,20240124,10.93,11.23,10.67,11.05,47606.0,52378.192
002877.SZ,20240124,8.88,8.89,8.25,8.72,132971.89,114257.604
002633.SZ,20240124,8.99,9.54,8.92,9.4,58969.45,54423.45
600803.SH,20240124,17.2,17.35,16.8,17.28,86454.67,147655.031
605111.SH,20240124,40.0,41.43,38.75,41.17,212618.35,849369.731
301019.SZ,20240124,20.18,20.5,19.69,20.46,10900.0,21967.826
300798.SZ,20240124,8.27,8.39,7.97,8.26,95718.49,78374.179
002808.SZ,20240124,4.35,4.48,4.28,4.43,28519.84,12503.739
000900.SZ,20240124,3.61,3.74,3.57,3.74,112222.1,41074.113
688508.SH,20240124,38.3,38.48,36.35,38.02,12863.91,47986.532
300718.SZ,20240124,15.17,16.22,15.08,15.49,63522.96,98518.591
601388.SH,20240124,2.27,2.34,2.22,2.34,230922.28,52831.103
002452.SZ,20240124,6.19,6.39,5.99,6.25,159926.48,98808.781
603038.SH,20240124,13.01,13.39,12.58,12.95,370976.18,481529.201
301073.SZ,20240124,22.54,23.49,22.5,23.32,69186.84,159547.839
603739.SH,20240124,11.4,11.57,11.07,11.56,34760.6,39510.482
000921.SZ,20240124,23.88,25.52,23.85,25.45,107237.2,266111.218
002211.SZ,20240124,3.59,3.92,3.56,3.74,672320.68,250773.505
603982.SH,20240124,11.53,11.73,11.1,11.52,44606.74,51023.746
300572.SZ,20240124,12.92,12.98,12.25,12.76,47458.0,59584.281
603416.SH,20240124,28.6,28.72,27.2,28.53,20796.04,58309.058
002561.SZ,20240124,8.94,9.66,8.91,9.55,423296.31,400058.227
000910.SZ,20240124,7.4,7.58,7.15,7.42,98673.37,72573.615
300151.SZ,20240124,14.36,14.48,13.3,14.19,61357.49,84601.974
688029.SH,20240124,82.02,82.77,78.95,81.67,11542.54,93273.733
300859.SZ,20240124,26.32,27.46,26.15,26.82,40281.0,107475.1
300177.SZ,20240124,5.84,5.94,5.65,5.92,105603.0,61368.878
688244.SH,20240124,42.52,42.98,40.35,42.0,3929.5,16295.913
603607.SH,20240124,14.1,14.2,13.44,14.0,47415.8,65785.609
600547.SH,20240124,20.08,20.33,19.72,20.29,139425.22,280096.921
002438.SZ,20240124,9.87,10.2,9.71,10.17,58339.0,57767.049
301160.SZ,20240124,34.96,35.34,33.46,34.8,17772.18,60932.159
002157.SZ,20240124,2.46,2.48,2.42,2.46,172313.03,42107.668
600489.SH,20240124,8.74,8.96,8.68,8.95,409786.97,361872.059
001323.SZ,20240124,28.94,29.59,28.53,29.35,7233.94,21075.453
688409.SH,20240124,56.92,57.12,53.7,55.85,16246.64,89873.657
605398.SH,20240124,24.74,24.87,23.62,24.79,13312.68,32324.321
600167.SH,20240124,5.3,5.41,5.19,5.4,83192.38,44175.619
002024.SZ,20240124,1.68,1.71,1.66,1.7,154959.77,26117.956
600116.SH,20240124,7.05,7.12,6.91,7.09,61335.0,43147.477
000985.SZ,20240124,14.51,15.93,14.31,15.93,44976.67,69695.227
301366.SZ,20240124,26.18,26.46,25.18,26.19,12939.58,33519.9
600844.SH,20240124,3.28,3.37,3.2,3.35,326179.0,107651.25
000519.SZ,20240124,11.73,11.89,11.43,11.88,123938.18,144834.169
002451.SZ,20240124,6.19,6.78,6.19,6.7,573080.9,376979.214
601609.SH,20240124,5.83,5.9,5.64,5.9,91720.94,53121.626
920925.BJ,20240124,10.93,11.1,10.41,11.1,12036.63,13058.356
001317.SZ,20240124,29.7,30.64,29.42,30.51,12668.62,38308.781
688613.SH,20240124,18.37,18.49,17.77,18.45,16856.21,30606.602
002008.SZ,20240124,17.87,18.06,17.4,17.99,104485.4,185781.504
300846.SZ,20240124,12.02,12.15,11.5,12.05,128281.0,151786.153
600026.SH,20240124,12.65,13.28,12.53,13.22,271740.0,353663.359
600076.SH,20240124,2.34,2.41,2.31,2.4,102877.0,24341.502
002042.SZ,20240124,3.66,3.71,3.36,3.41,973849.04,335752.941
002339.SZ,20240124,6.16,6.25,5.97,6.19,86139.41,52798.943
300418.SZ,20240124,36.01,36.45,34.51,35.53,741641.16,2615270.365
600561.SH,20240124,5.68,5.98,5.67,5.91,75399.0,43903.089
002698.SZ,20240124,12.27,12.3,11.67,12.18,78894.6,94213.975
002875.SZ,20240124,11.92,12.44,11.81,12.25,67316.7,81700.908
003011.SZ,20240124,18.28,18.77,17.79,18.55,19943.64,36616.274
603399.SH,20240124,8.07,8.16,7.6,8.01,131242.51,103251.637
002308.SZ,20240124,2.93,3.04,2.89,3.04,257749.01,76407.221
300652.SZ,20240124,22.24,22.8,21.39,22.13,16792.07,37010.9
603801.SH,20240124,14.89,15.49,14.49,15.03,66756.07,99950.221
300136.SZ,20240124,18.86,19.08,18.18,18.84,166607.8,310814.293
603628.SH,20240124,22.4,24.84,21.91,24.4,738899.94,1762117.867
002564.SZ,20240124,4.14,4.2,4.08,4.18,127577.0,52960.572
688358.SH,20240124,28.6,28.9,27.02,28.04,18182.73,50434.557
688349.SH,20240124,24.28,24.54,23.6,24.47,14516.05,34902.618
688657.SH,20240124,70.1,70.29,67.21,70.1,2150.57,14806.296
002799.SZ,20240124,8.73,8.85,8.51,8.85,62843.68,54857.012
301051.SZ,20240124,53.55,53.97,51.8,53.36,4963.0,26332.46
002022.SZ,20240124,8.22,8.38,7.89,8.17,86178.1,69917.421
000430.SZ,20240124,6.31,6.46,6.1,6.31,91372.0,57089.214
002850.SZ,20240124,72.65,73.24,69.39,71.2,21814.91,154222.884
300536.SZ,20240124,19.21,19.91,18.79,19.88,53503.0,103751.575
300904.SZ,20240124,51.65,52.5,50.08,51.88,13689.29,70531.587
301322.SZ,20240124,34.26,34.7,33.15,34.46,8753.9,29731.2
600774.SH,20240124,8.16,8.33,7.93,8.28,52112.0,42469.992
300025.SZ,20240124,8.16,8.35,7.95,8.26,64403.0,52356.83
002660.SZ,20240124,8.5,8.65,8.32,8.65,141451.18,120232.949
002788.SZ,20240124,7.74,7.88,7.55,7.87,66354.38,51270.955
300803.SZ,20240124,44.56,47.98,43.35,46.99,194547.52,887691.342
002976.SZ,20240124,25.53,25.98,24.92,25.93,16058.11,41055.913
002099.SZ,20240124,5.9,6.03,5.77,6.03,96702.07,57168.363
300332.SZ,20240124,7.18,7.19,6.85,7.08,81328.82,57191.451
301395.SZ,20240124,16.1,16.49,15.7,16.45,13808.51,22291.387
601138.SH,20240124,14.62,14.76,14.06,14.5,1416357.78,2039889.528
600810.SH,20240124,6.58,6.65,6.36,6.62,56162.11,36640.468
600335.SH,20240124,7.27,7.66,7.13,7.53,149558.16,110100.597
603278.SH,20240124,9.85,10.14,9.56,9.9,61706.66,60565.549
600705.SH,20240124,2.87,3.15,2.87,3.15,1848304.85,563709.179
002539.SZ,20240124,7.51,7.67,7.32,7.64,69885.48,52630.263
600970.SH,20240124,9.78,10.57,9.7,10.48,294914.46,298361.0
002818.SZ,20240124,12.29,12.49,12.04,12.48,22522.12,27748.173
002105.SZ,20240124,5.5,5.7,5.36,5.63,80886.0,44875.816
601126.SH,20240124,14.0,14.06,13.6,13.91,65189.19,89939.3
600526.SH,20240124,4.36,4.46,4.25,4.46,95397.0,41648.714
002203.SZ,20240124,9.19,9.3,8.93,9.27,76878.24,70307.409
300493.SZ,20240124,6.95,6.98,6.63,6.9,70358.38,47868.935
301518.SZ,20240124,19.59,19.94,18.98,19.79,11274.49,21986.508
600135.SH,20240124,6.77,6.93,6.53,6.9,79617.19,53669.395
603709.SH,20240124,15.42,16.22,15.38,15.99,25089.1,39682.158
603985.SH,20240124,19.09,19.28,18.32,18.95,103200.26,193916.931
002713.SZ,20240124,5.51,5.7,5.42,5.61,71360.6,39806.825
000402.SZ,20240124,3.24,3.39,3.22,3.39,232849.12,76913.37
600350.SH,20240124,7.22,7.39,7.2,7.39,93914.94,68687.322
300003.SZ,20240124,13.4,13.66,13.13,13.59,140908.83,189545.098
600905.SH,20240124,4.26,4.37,4.24,4.36,1132705.68,487163.601
688347.SH,20240124,35.98,36.1,34.59,35.95,26444.22,93559.525
603939.SH,20240124,38.51,39.0,37.78,38.7,60243.56,230809.791
605081.SH,20240124,12.62,12.85,12.42,12.71,43860.35,55347.149
002567.SZ,20240124,6.54,6.59,6.21,6.39,383317.36,242836.079
002703.SZ,20240124,11.48,11.69,11.1,11.53,142039.5,161807.06
600208.SH,20240124,2.1,2.17,2.09,2.16,552206.01,117732.637
603272.SH,20240124,14.75,15.25,14.46,15.06,16926.88,25207.48
603608.SH,20240124,5.22,5.68,5.22,5.57,308408.0,171188.145
002085.SZ,20240124,5.47,5.74,5.43,5.62,1181150.41,660618.983
002405.SZ,20240124,7.5,7.58,7.23,7.49,241132.84,178173.754
002356.SZ,20240124,4.67,4.85,4.59,4.78,127820.6,60615.943
300237.SZ,20240124,1.83,1.87,1.81,1.87,250405.0,46174.14
603602.SH,20240124,12.39,12.5,11.9,12.17,55507.1,67251.457
300398.SZ,20240124,12.79,12.86,12.1,12.72,115021.88,143294.834
002568.SZ,20240124,22.39,22.63,21.69,22.43,72810.45,160801.63
300005.SZ,20240124,5.35,5.54,5.24,5.45,223918.16,120880.816
002508.SZ,20240124,19.89,20.6,19.84,20.56,101453.51,205437.218
605286.SH,20240124,22.09,22.39,20.96,21.76,38857.01,83701.599
688450.SH,20240124,29.02,29.56,27.8,28.94,10300.39,29488.282
000809.SZ,20240124,2.75,2.84,2.68,2.8,84416.0,23350.531
920061.BJ,20240124,23.18,23.29,20.64,21.84,19472.95,42237.024
002747.SZ,20240124,14.6,14.78,14.0,14.7,149685.2,215834.111
002966.SZ,20240124,6.93,7.01,6.86,7.0,285671.65,198782.414
000530.SZ,20240124,4.5,4.64,4.41,4.63,164973.42,74850.812
002011.SZ,20240124,11.91,12.06,11.5,11.9,85736.02,101276.036
603535.SH,20240124,15.9,16.29,15.53,16.04,21371.6,34138.149
600731.SH,20240124,5.77,5.91,5.67,5.89,59763.02,34707.882
300990.SZ,20240124,33.91,34.04,32.01,33.3,23031.22,76011.756
300085.SZ,20240124,12.1,12.5,11.45,12.33,278098.59,331275.804
688150.SH,20240124,17.05,17.85,16.9,17.61,26404.36,45908.357
920271.BJ,20240124,14.28,14.33,13.22,13.85,14919.02,20313.362
300916.SZ,20240124,20.0,20.07,18.79,19.55,14057.0,27122.409
002982.SZ,20240124,18.08,18.29,17.5,18.26,16311.01,29284.72
002707.SZ,20240124,6.62,6.79,6.5,6.76,120016.99,79874.456
600751.SH,20240124,2.36,2.42,2.31,2.41,284233.98,67574.977
920402.BJ,20240124,15.19,15.23,14.49,14.96,65421.98,97266.741
301269.SZ,20240124,86.85,87.58,83.73,87.12,24466.82,209659.701
000800.SZ,20240124,7.77,7.96,7.68,7.95,188225.11,147339.632
600277.SH,20240124,2.43,2.47,2.38,2.46,234400.9,56940.714
603211.SH,20240124,16.68,17.7,16.61,17.3,120421.51,207559.588
002689.SZ,20240124,3.65,3.76,3.57,3.74,169614.55,62314.532
603949.SH,20240124,15.17,15.31,14.5,15.04,40883.0,61152.575
300631.SZ,20240124,27.03,27.33,25.42,26.45,11875.84,31138.318
301001.SZ,20240124,22.4,25.55,21.35,25.55,30394.07,75824.065
300112.SZ,20240124,9.03,9.13,8.33,9.01,174176.2,151972.025
600679.SH,20240124,10.29,10.29,10.29,10.29,25279.0,26012.091
688016.SH,20240124,171.5,172.99,168.67,172.86,3854.09,66028.603
920145.BJ,20240124,7.32,7.32,7.02,7.19,10052.26,7173.935
600255.SH,20240124,1.83,1.85,1.76,1.84,202677.37,36783.766
002107.SZ,20240124,5.28,5.36,5.16,5.33,56604.4,29848.44
000609.SZ,20240124,5.46,5.88,5.46,5.84,221774.0,125313.763
000726.SZ,20240124,6.24,6.46,6.12,6.4,57786.08,36438.419
002732.SZ,20240124,17.29,19.0,17.16,19.0,47397.16,85393.899
600007.SH,20240124,16.89,17.19,16.64,17.19,21617.51,36711.652
000659.SZ,20240124,2.16,2.21,2.11,2.2,142213.0,30955.575
688435.SH,20240124,36.94,37.29,35.1,37.23,11433.04,41469.816
000898.SZ,20240124,2.26,2.35,2.25,2.35,368525.4,84519.344
300209.SZ,20240124,2.44,2.63,2.42,2.52,83811.19,21171.288
600497.SH,20240124,4.57,4.66,4.49,4.65,470881.67,216043.837
002187.SZ,20240124,5.6,5.84,5.59,5.84,94988.0,54577.909
600589.SH,20240124,3.26,3.3,3.11,3.23,120610.0,38802.93
300946.SZ,20240124,26.38,26.89,25.54,26.5,6606.6,17349.932
603650.SH,20240124,27.52,27.52,26.02,26.97,41872.23,111999.611
300169.SZ,20240124,7.27,8.55,7.24,7.99,802936.56,614420.488
603061.SH,20240124,70.12,70.75,66.1,68.37,8906.58,60493.666
002868.SZ,20240124,20.74,20.97,19.5,20.25,62094.63,125711.588
688622.SH,20240124,26.86,27.71,25.69,26.64,5571.67,14855.044
300233.SZ,20240124,13.67,13.91,13.23,13.72,32005.02,43527.076
301503.SZ,20240124,28.77,29.08,27.77,28.77,30503.79,86763.644
300660.SZ,20240124,24.65,24.9,23.5,24.53,42710.83,103457.75
603889.SH,20240124,7.45,7.63,7.26,7.44,50444.6,37647.122
600106.SH,20240124,5.54,5.62,5.31,5.59,253730.72,138995.588
300639.SZ,20240124,7.48,7.56,7.19,7.48,49934.57,36826.037
600979.SH,20240124,3.08,3.18,3.04,3.17,276237.34,85904.268
000727.SZ,20240124,2.25,2.28,2.19,2.27,498559.0,111644.415
003032.SZ,20240124,12.6,12.93,12.1,12.6,223866.0,279638.658
688468.SH,20240124,8.72,8.77,8.32,8.5,45315.42,38422.218
688022.SH,20240124,17.19,17.28,16.37,17.13,26721.38,45084.436
603885.SH,20240124,12.38,12.68,12.08,12.68,118324.12,146910.887
300129.SZ,20240124,8.45,8.81,8.08,8.37,254867.67,213914.377
301210.SZ,20240124,35.43,36.06,33.9,35.47,5924.02,20919.152
920395.BJ,20240124,10.39,10.39,9.65,9.97,12067.52,11982.111
000635.SZ,20240124,8.57,9.34,8.56,9.07,410910.4,368769.573
600221.SH,20240124,1.36,1.38,1.34,1.38,937634.06,127340.39
688300.SH,20240124,41.75,42.1,39.6,41.0,14395.89,58476.381
000615.SZ,20240124,4.01,4.05,3.85,4.01,171707.04,68092.522
000528.SZ,20240124,6.55,6.72,6.46,6.68,100106.26,66131.817
301281.SZ,20240124,28.47,28.78,27.66,28.69,10340.25,29266.531
600749.SH,20240124,11.41,11.49,10.82,11.26,50646.0,56313.746
603063.SH,20240124,23.96,24.16,22.8,23.49,50066.53,116977.196
002086.SZ,20240124,2.5,2.59,2.48,2.55,38262.0,9724.213
688719.SH,20240124,54.0,54.19,51.3,53.31,8127.36,42854.231
002036.SZ,20240124,7.75,7.85,7.35,7.69,282360.18,213691.919
300612.SZ,20240124,15.5,15.77,15.0,15.68,51239.53,78990.514
000955.SZ,20240124,5.02,5.35,4.98,5.35,389961.36,204634.237
002541.SZ,20240124,17.42,17.42,16.66,17.36,37821.13,64653.228
600906.SH,20240124,7.6,8.19,7.5,7.95,1058293.36,822875.832
603358.SH,20240124,21.6,21.8,20.49,21.58,36041.5,76259.589
002947.SZ,20240124,27.18,27.28,25.93,26.95,34220.28,90896.725
002721.SZ,20240124,2.77,2.85,2.75,2.82,42137.72,11768.215
002448.SZ,20240124,5.85,5.98,5.7,5.93,127017.5,74554.381
301070.SZ,20240124,34.17,34.74,32.7,33.87,8056.11,27061.655
300371.SZ,20240124,10.41,10.5,9.86,10.32,25314.7,25732.103
300888.SZ,20240124,34.7,35.25,33.6,34.7,23418.0,80502.647
300541.SZ,20240124,12.82,13.09,12.47,13.03,81099.3,103787.091
600259.SH,20240124,28.2,28.83,27.62,28.7,30467.86,86212.975
603890.SH,20240124,8.9,8.97,8.5,8.81,72168.29,62868.025
300786.SZ,20240124,15.22,15.48,14.56,15.05,26304.68,39430.285
688392.SH,20240124,61.95,62.6,57.11,58.83,9663.26,57086.417
688019.SH,20240124,132.6,133.9,128.7,133.6,12519.16,164648.556
001332.SZ,20240124,28.85,28.97,27.66,28.7,11393.25,32344.709
002852.SZ,20240124,9.49,9.66,9.16,9.63,46406.39,43956.243
000975.SZ,20240124,13.19,13.85,13.19,13.78,277184.78,375015.996
300552.SZ,20240124,21.82,22.17,21.0,21.83,49480.0,106498.941
300475.SZ,20240124,29.39,29.49,27.7,28.87,98603.58,280460.821
002426.SZ,20240124,2.0,2.04,1.96,2.03,311335.0,62387.559
603444.SH,20240124,206.0,207.0,195.57,201.63,16086.03,321568.536
301100.SZ,20240124,16.32,16.63,15.8,16.35,12886.0,20888.64
601921.SH,20240124,7.19,7.24,7.0,7.23,88555.84,63312.869
603991.SH,20240124,39.83,40.16,38.51,39.4,10893.0,42609.884
601229.SH,20240124,6.2,6.31,6.19,6.3,385564.45,241139.467
688610.SH,20240124,35.63,36.29,33.9,35.33,6846.99,23857.824
002536.SZ,20240124,11.4,11.56,10.94,11.44,140644.01,159344.761
600320.SH,20240124,2.99,3.12,2.98,3.11,326104.88,99657.844
000407.SZ,20240124,3.29,3.35,3.21,3.34,118615.91,39068.025
688506.SH,20240124,119.01,119.01,114.1,116.56,6320.31,73583.029
301421.SZ,20240124,49.28,49.8,46.72,48.75,22967.29,110478.716
300848.SZ,20240124,15.54,15.61,14.6,15.38,22291.75,33626.708
688323.SH,20240124,15.99,16.25,15.05,15.74,18712.68,29188.872
600668.SH,20240124,9.9,10.05,9.65,10.03,20947.36,20686.124
002440.SZ,20240124,5.63,5.71,5.51,5.69,48125.81,27042.98
603696.SH,20240124,8.56,8.78,8.37,8.71,56402.76,48476.579
301039.SZ,20240124,8.64,8.95,8.52,8.88,168316.19,147016.249
000590.SZ,20240124,7.95,8.11,7.76,8.06,60567.0,48266.968
688197.SH,20240124,44.03,44.5,41.4,42.39,5314.81,22427.4
688202.SH,20240124,53.61,54.2,49.68,52.11,25568.78,131381.225
300463.SZ,20240124,12.58,12.79,12.27,12.73,48596.14,61152.917
920748.BJ,20240124,20.66,24.28,20.21,22.73,57195.46,124710.934
600340.SH,20240124,1.5,1.56,1.49,1.56,561502.9,86247.622
600959.SH,20240124,2.82,2.9,2.79,2.9,358977.35,102027.362
300760.SZ,20240124,278.21,284.36,275.15,283.0,35999.03,1005059.155
000810.SZ,20240124,12.2,12.29,11.6,12.1,239690.37,285756.399
605050.SH,20240124,10.88,10.96,10.41,10.87,41375.0,44280.416
603383.SH,20240124,39.5,40.09,37.45,39.76,32057.45,123914.37
300879.SZ,20240124,13.81,14.12,13.28,13.69,19875.88,27158.582
003038.SZ,20240124,34.19,36.15,33.96,35.07,58716.39,205631.819
300274.SZ,20240124,91.7,92.39,87.1,89.2,229510.23,2047039.902
002605.SZ,20240124,22.78,24.28,22.55,23.27,486349.66,1131971.164
603611.SH,20240124,16.31,16.77,15.85,16.53,48100.18,78580.676
688337.SH,20240124,36.61,36.9,34.57,35.95,7652.66,27359.35
603738.SH,20240124,13.16,13.29,12.46,12.95,74227.11,95138.959
301096.SZ,20240124,66.58,67.13,64.12,66.49,15988.28,104598.883
920579.BJ,20240124,17.19,19.91,16.28,18.63,60160.93,108665.379
000695.SZ,20240124,9.01,9.32,8.9,9.25,19654.0,17932.689
603037.SH,20240124,16.8,17.06,16.3,16.92,31316.1,52376.373
002215.SZ,20240124,6.95,7.16,6.78,7.03,118349.04,82555.747
601619.SH,20240124,3.25,3.28,3.16,3.26,270328.06,87130.857
600600.SH,20240124,69.26,69.5,67.56,69.19,38517.21,264548.377
603348.SH,20240124,28.74,28.74,27.3,28.25,29987.16,84098.285
600129.SH,20240124,37.2,37.73,36.2,37.44,86950.82,321644.175
920924.BJ,20240124,10.49,10.6,9.9,10.37,13834.28,14207.748
688591.SH,20240124,23.13,23.38,21.94,23.04,22709.41,51391.363
300707.SZ,20240124,14.9,15.23,14.3,14.86,55188.81,81606.764
605488.SH,20240124,14.17,14.27,13.43,13.88,49859.16,68888.809
002862.SZ,20240124,14.32,14.55,13.88,14.33,71815.0,102316.201
601010.SH,20240124,2.23,2.34,2.23,2.34,262340.0,60078.266
603325.SH,20240124,66.67,68.33,64.75,66.72,19656.83,130189.334
300578.SZ,20240124,14.25,14.61,13.89,14.55,26317.2,37679.985
000058.SZ,20240124,7.98,8.48,7.98,8.3,734526.41,606471.789
002866.SZ,20240124,16.8,16.99,16.05,16.68,60653.31,99827.04
003021.SZ,20240124,67.5,67.5,62.49,64.73,38169.02,244788.688
000560.SZ,20240124,1.95,2.02,1.92,2.01,464137.87,91786.21
603833.SH,20240124,62.13,63.25,60.38,62.6,25568.08,158247.614
605123.SH,20240124,68.5,68.76,65.29,68.16,11568.04,77400.299
002410.SZ,20240124,13.74,13.87,13.21,13.85,253420.6,343174.671
002626.SZ,20240124,13.69,13.92,13.25,13.8,29901.46,40712.353
000777.SZ,20240124,12.69,13.53,12.45,13.44,120075.68,155580.13
002823.SZ,20240124,10.68,10.86,10.25,10.72,48116.36,50809.241
300602.SZ,20240124,13.42,13.56,12.65,13.29,101341.21,132234.779
600098.SH,20240124,5.21,5.33,5.14,5.32,160906.78,84215.451
688052.SH,20240124,127.32,128.59,121.2,125.68,15302.89,189488.412
600216.SH,20240124,9.43,9.56,9.16,9.52,63589.71,59544.391
003005.SZ,20240124,25.47,25.59,24.38,25.18,26359.0,65951.28
920375.BJ,20240124,17.39,17.4,16.29,16.89,17012.2,28477.027
920493.BJ,20240124,45.76,46.24,43.3,44.78,9562.59,42419.09
920570.BJ,20240124,48.88,48.88,45.67,46.63,7257.86,33848.363
000885.SZ,20240124,10.9,11.36,10.9,11.32,86359.48,96055.249
002492.SZ,20240124,5.4,5.54,5.25,5.53,119483.03,64813.021
600218.SH,20240124,7.75,8.01,7.64,7.95,88900.0,69760.362
688772.SH,20240124,15.93,16.3,15.22,15.59,190256.22,297584.739
603618.SH,20240124,5.4,5.52,5.22,5.51,133228.82,71608.152
300452.SZ,20240124,12.28,12.33,11.68,12.14,39877.2,47836.795
300240.SZ,20240124,6.22,6.43,6.03,6.33,78770.79,49174.548
002190.SZ,20240124,15.7,16.01,15.27,16.0,35914.38,56320.466
002483.SZ,20240124,4.51,4.62,4.4,4.61,199457.01,90304.157
301068.SZ,20240124,25.73,26.05,24.63,25.6,4455.0,11337.008
002088.SZ,20240124,13.62,13.76,13.0,13.64,34944.4,47004.352
300069.SZ,20240124,13.58,14.15,13.25,13.71,20223.65,27613.051
920167.BJ,20240124,25.68,26.0,24.05,25.38,83855.41,211172.099
002955.SZ,20240124,26.4,27.15,25.76,26.71,32356.4,85912.909
000531.SZ,20240124,5.93,5.99,5.74,5.97,83910.02,49533.225
301102.SZ,20240124,15.33,15.55,14.86,15.41,19330.72,29477.722
688496.SH,20240124,17.43,17.58,16.46,16.9,52629.86,88939.69
002227.SZ,20240124,10.62,10.97,10.42,10.83,39698.0,42558.499
002094.SZ,20240124,3.44,3.53,3.32,3.49,253220.08,86934.669
000066.SZ,20240124,8.61,8.75,8.35,8.72,295155.67,252612.9
002488.SZ,20240124,6.14,6.28,5.9,6.19,121361.5,74058.892
601033.SH,20240124,17.3,18.29,16.94,17.4,391230.63,688918.384
002475.SZ,20240124,29.29,29.49,28.24,29.05,495899.62,1422758.883
002494.SZ,20240124,4.41,4.82,4.24,4.77,484086.11,226027.442
600109.SH,20240124,8.33,8.68,8.14,8.6,419879.35,352675.097
605166.SH,20240124,8.39,8.58,7.95,8.38,44635.0,36956.935
002593.SZ,20240124,3.49,3.6,3.45,3.6,173265.0,61350.501
002320.SZ,20240124,5.36,5.51,5.27,5.5,123390.12,66678.594
002333.SZ,20240124,5.95,6.5,5.9,6.44,726151.56,454392.759
300443.SZ,20240124,21.19,21.84,20.65,21.44,66028.21,139660.192
688169.SH,20240124,300.09,300.49,283.0,288.0,20177.8,584331.099
688425.SH,20240124,3.64,3.77,3.63,3.77,281450.51,104393.069
603359.SH,20240124,6.66,7.0,6.6,6.98,73381.0,49999.841
688217.SH,20240124,29.15,29.52,28.1,29.47,6293.88,18205.623
600660.SH,20240124,37.5,38.18,37.17,37.42,123924.09,465574.597
603301.SH,20240124,20.26,20.75,19.67,20.6,19361.01,39222.918
603125.SH,20240124,29.06,29.47,28.7,29.32,11939.42,34746.693
603520.SH,20240124,11.39,11.6,10.95,11.38,46045.83,51730.77
300140.SZ,20240124,6.44,6.76,6.44,6.74,67727.86,44613.85
300408.SZ,20240124,25.18,25.18,24.23,24.79,95221.32,235135.645
300840.SZ,20240124,16.75,17.04,15.8,16.67,59710.0,97393.673
002929.SZ,20240124,33.75,33.9,32.03,33.52,86461.06,284300.565
601908.SH,20240124,4.12,4.16,3.97,4.14,181753.0,73989.731
002028.SZ,20240124,51.74,52.15,50.0,51.13,49887.63,253056.829
000998.SZ,20240124,12.74,12.87,12.52,12.83,118150.4,150324.747
920274.BJ,20240124,12.73,14.8,12.42,14.8,37904.72,51552.479
301196.SZ,20240124,29.17,29.56,28.28,29.15,5748.47,16626.044
300736.SZ,20240124,12.12,12.43,11.79,12.28,38693.0,46772.475
920932.BJ,20240124,16.02,16.3,15.1,15.72,12804.37,19877.761
920087.BJ,20240124,9.97,10.16,9.45,10.1,41922.06,41409.971
920896.BJ,20240124,10.19,10.31,9.68,9.97,18300.77,18250.228
600035.SH,20240124,3.69,3.83,3.66,3.82,221382.5,82841.066
603131.SH,20240124,12.92,13.88,12.92,13.69,194502.4,261219.758
002978.SZ,20240124,27.55,27.89,26.7,27.67,11778.0,32253.959
600590.SH,20240124,5.33,5.46,5.17,5.42,75515.31,40189.028
688185.SH,20240124,57.78,58.5,55.81,58.28,12278.01,70544.175
000670.SZ,20240124,5.71,5.77,5.46,5.7,139182.5,78316.605
601339.SH,20240124,5.25,5.38,5.13,5.35,134365.0,70775.251
600111.SH,20240124,17.27,17.58,16.88,17.56,206144.72,355772.76
688082.SH,20240124,92.17,92.49,88.41,90.3,11536.25,103831.855
000897.SZ,20240124,2.12,2.24,2.11,2.24,447841.4,97899.09
002838.SZ,20240124,10.55,10.74,10.24,10.64,30311.06,31834.949
002484.SZ,20240124,16.48,16.6,16.04,16.57,93083.63,152367.224
600423.SH,20240124,3.14,3.25,3.08,3.22,77417.85,24521.428
920640.BJ,20240124,16.51,17.35,15.74,17.24,23555.67,39509.423
601665.SH,20240124,3.96,4.01,3.85,4.01,407466.79,160265.177
688400.SH,20240124,19.99,20.1,18.91,19.7,37305.41,72721.769
000050.SZ,20240124,8.77,8.98,8.52,8.95,131918.03,115689.702
600131.SH,20240124,14.37,14.95,14.23,14.85,78210.68,113799.865
600312.SH,20240124,11.89,12.25,11.62,12.15,154263.54,184563.077
002138.SZ,20240124,23.35,23.48,22.49,23.44,79111.8,182096.062
002817.SZ,20240124,7.34,7.54,7.1,7.37,46678.4,34281.14
920770.BJ,20240124,10.32,10.5,9.63,10.08,111306.18,111850.174
600119.SH,20240124,7.4,7.4,7.4,7.4,19869.0,14703.06
603236.SH,20240124,41.27,41.8,39.26,41.07,49536.51,199965.609
300161.SZ,20240124,27.25,27.59,26.05,27.18,38525.64,102884.898
603033.SH,20240124,13.59,13.92,13.1,13.71,37813.65,50992.799
688653.SH,20240124,15.39,15.5,14.73,15.32,24207.87,36651.16
600054.SH,20240124,11.69,11.76,11.22,11.67,72438.0,83484.897
600061.SH,20240124,6.32,6.7,6.22,6.65,608186.7,393624.323
300732.SZ,20240124,7.91,8.07,7.66,8.04,37386.17,29540.906
000099.SZ,20240124,8.12,8.93,8.1,8.93,369778.21,314619.766
300016.SZ,20240124,5.86,6.01,5.71,5.92,65038.5,38152.52
688299.SH,20240124,10.88,11.0,10.42,10.92,37207.69,39924.905
002961.SZ,20240124,13.15,14.17,12.78,13.95,109560.02,147313.778
000753.SZ,20240124,3.61,3.73,3.54,3.73,101476.67,37032.577
601828.SH,20240124,3.44,3.58,3.42,3.58,194204.92,68012.773
300057.SZ,20240124,5.15,5.23,4.99,5.18,88433.11,45383.212
301149.SZ,20240124,10.68,10.99,10.3,10.78,46565.22,49689.853
301337.SZ,20240124,44.78,48.27,43.2,46.5,129644.69,593625.046
688569.SH,20240124,23.3,24.3,22.8,24.13,15165.5,35674.961
000685.SZ,20240124,6.98,7.16,6.86,7.15,126242.48,88754.139
600874.SH,20240124,5.1,5.25,5.03,5.22,96676.92,49753.918
605208.SH,20240124,7.91,8.09,7.6,7.96,54661.9,42962.471
688652.SH,20240124,50.75,50.75,47.32,48.14,22169.3,107012.393
603186.SH,20240124,27.0,27.5,25.81,26.89,25835.39,68686.372
002797.SZ,20240124,5.31,5.54,5.2,5.5,617497.49,332069.702
301157.SZ,20240124,43.96,47.67,43.25,44.69,39107.45,178157.907
603013.SH,20240124,14.79,15.12,14.35,14.98,30846.0,45566.688
003012.SZ,20240124,7.75,8.04,7.54,7.88,77294.0,60136.893
603589.SH,20240124,40.37,40.47,38.86,39.98,57996.16,229848.526
920245.BJ,20240124,12.99,12.99,12.18,12.6,9122.32,11393.366
002956.SZ,20240124,12.62,12.98,12.3,12.79,39306.0,49823.232
688032.SH,20240124,238.6,240.02,224.92,233.05,10771.29,249096.305
601360.SH,20240124,7.64,7.71,7.4,7.7,971260.94,735766.237
002953.SZ,20240124,11.48,12.07,11.36,11.95,78211.69,91753.191
605018.SH,20240124,9.28,9.42,9.01,9.31,33928.2,31210.332
002516.SZ,20240124,4.19,4.29,4.09,4.28,129497.0,54394.138
600929.SH,20240124,5.5,5.58,5.35,5.57,97377.15,53412.19
301193.SZ,20240124,19.44,20.3,19.2,20.0,35257.13,69693.428
300082.SZ,20240124,5.83,5.98,5.64,5.9,37285.71,21690.846
301172.SZ,20240124,38.0,38.51,36.37,37.65,50740.82,190535.419
603075.SH,20240124,20.45,20.84,19.75,20.53,31336.59,63682.698
688697.SH,20240124,15.36,15.68,14.91,15.6,30714.16,47208.67
600824.SH,20240124,3.5,3.84,3.5,3.84,563016.15,212100.957
600869.SH,20240124,3.86,3.91,3.7,3.88,137808.0,52531.477
300223.SZ,20240124,52.59,52.59,49.79,51.93,101389.97,518756.581
002342.SZ,20240124,3.66,3.77,3.61,3.76,187375.32,69282.909
603311.SH,20240124,9.18,9.38,8.96,9.28,20054.5,18446.813
688658.SH,20240124,16.77,16.77,15.95,16.52,26970.57,44133.533
920429.BJ,20240124,12.0,12.1,11.3,11.77,17670.48,20582.657
605378.SH,20240124,21.32,21.85,20.85,21.58,40339.29,86425.927
600676.SH,20240124,3.9,4.19,3.9,4.05,219963.2,88700.983
002574.SZ,20240124,5.7,5.88,5.62,5.83,107487.39,62104.827
603579.SH,20240124,19.5,20.33,18.97,19.9,27079.5,53207.694
688518.SH,20240124,15.44,15.49,14.67,15.25,72741.52,109003.842
600936.SH,20240124,3.15,3.18,3.01,3.14,207966.95,64092.009
002487.SZ,20240124,21.65,22.83,21.6,22.22,165871.19,367498.269
300892.SZ,20240124,20.49,21.28,20.02,21.28,13177.5,27388.039
002802.SZ,20240124,10.45,10.67,9.89,10.36,33693.78,34445.794
000755.SZ,20240124,4.39,4.46,4.2,4.37,158300.24,68533.264
920425.BJ,20240124,23.25,23.5,21.5,22.38,17406.05,38921.557
603706.SH,20240124,14.26,14.52,13.8,14.41,13900.0,19757.01
002345.SZ,20240124,6.79,7.02,6.69,6.88,83269.85,57021.7
600231.SH,20240124,1.91,1.97,1.88,1.97,135550.5,26122.057
002696.SZ,20240124,5.73,5.88,5.6,5.88,67005.8,38615.552
603778.SH,20240124,4.18,4.22,3.95,4.12,210504.0,85606.301
600503.SH,20240124,2.36,2.52,2.36,2.45,316190.5,76887.927
688012.SH,20240124,138.0,138.38,126.32,132.0,113734.11,1480973.175
301280.SZ,20240124,32.8,33.1,31.36,32.89,16433.28,53074.801
002106.SZ,20240124,8.73,8.88,8.46,8.85,75552.9,65701.388
601997.SH,20240124,5.12,5.21,5.05,5.19,374199.15,192094.8
600323.SH,20240124,15.35,15.42,14.88,15.4,45949.0,69886.682
300106.SZ,20240124,7.85,8.7,7.8,8.44,130408.72,106232.09
301159.SZ,20240124,38.08,38.4,36.12,37.76,13165.07,48909.902
688116.SH,20240124,22.32,22.38,20.9,21.82,61466.6,132650.741
688228.SH,20240124,52.54,55.66,50.08,55.54,23392.82,123342.594
000811.SZ,20240124,11.84,12.22,11.52,11.98,81918.62,97096.066
688026.SH,20240124,13.71,13.74,12.84,13.45,25574.85,33961.345
688566.SH,20240124,25.81,26.33,25.21,26.25,13352.55,34477.265
001358.SZ,20240124,38.0,38.47,36.51,37.72,17538.55,65714.458
003013.SZ,20240124,18.45,18.8,17.63,18.15,69814.44,126895.087
920021.BJ,20240124,4.99,5.1,4.75,4.9,158651.62,77569.919
920943.BJ,20240124,13.04,13.19,12.14,12.72,13586.78,17184.382
002027.SZ,20240124,5.71,5.94,5.7,5.93,1071743.0,623868.142
600726.SH,20240124,1.99,2.09,1.98,2.08,219727.0,44815.634
300622.SZ,20240124,18.49,18.49,17.55,18.31,35561.0,64085.008
301188.SZ,20240124,15.91,16.15,15.31,16.03,23447.83,37101.219
600739.SH,20240124,10.31,10.6,10.1,10.58,77959.63,80675.807
000758.SZ,20240124,4.03,4.16,3.98,4.13,205849.78,83894.878
688223.SH,20240124,9.26,9.31,8.92,9.19,515225.29,469282.3
301500.SZ,20240124,18.06,18.48,17.74,18.47,20882.74,37972.541
600458.SH,20240124,7.96,8.1,7.7,8.05,75441.0,59723.314
688295.SH,20240124,25.5,25.89,24.9,25.78,11663.11,29606.11
603228.SH,20240124,18.6,18.67,17.6,18.43,47433.98,86119.618
920275.BJ,20240124,4.19,4.3,4.05,4.3,27241.64,11436.416
603110.SH,20240124,20.56,20.66,19.32,20.12,37634.63,74838.85
605196.SH,20240124,7.6,7.86,7.48,7.74,185742.58,142685.005
301137.SZ,20240124,15.06,16.94,14.87,15.98,43824.89,68538.199
600462.SH,20240124,2.73,2.77,2.69,2.75,35859.0,9792.758
002259.SZ,20240124,3.25,3.27,3.19,3.24,14839.0,4783.573
603128.SH,20240124,7.34,7.72,7.24,7.72,417417.26,312897.868
002761.SZ,20240124,9.03,9.3,8.86,9.29,196593.57,178964.297
000878.SZ,20240124,9.84,10.05,9.67,10.03,178953.03,176782.792
002545.SZ,20240124,6.75,6.84,6.5,6.72,140342.85,93280.148
300940.SZ,20240124,16.26,16.36,15.61,16.19,21876.78,34879.038
603979.SH,20240124,36.21,37.2,35.62,36.86,43473.76,158686.091
000159.SZ,20240124,5.44,5.62,5.34,5.6,64851.0,35540.765
601992.SH,20240124,1.76,1.82,1.74,1.82,484535.21,86331.174
600630.SH,20240124,13.91,15.2,13.83,15.2,1129379.78,1676401.373
001338.SZ,20240124,10.77,11.08,10.43,10.92,124306.09,134106.741
000818.SZ,20240124,25.41,25.65,24.28,25.47,65268.12,163069.118
000953.SZ,20240124,4.62,4.8,4.49,4.74,83518.06,38841.278
300996.SZ,20240124,16.26,16.58,15.49,16.21,55703.4,88785.237
300925.SZ,20240124,9.88,10.05,9.42,10.03,142964.06,139236.315
603170.SH,20240124,16.36,17.78,15.96,17.78,128560.14,222696.967
920262.BJ,20240124,17.09,18.66,17.07,18.37,44129.63,79921.234
603728.SH,20240124,49.52,50.5,47.0,47.91,51402.1,246437.325
002175.SZ,20240124,2.38,2.57,2.35,2.43,324601.65,79187.485
301052.SZ,20240124,37.6,37.95,35.57,36.99,31386.66,114895.867
920146.BJ,20240124,4.85,4.9,4.59,4.77,40325.23,19038.748
688117.SH,20240124,21.89,22.12,20.82,21.55,14395.23,30768.265
601118.SH,20240124,3.95,4.05,3.9,4.05,164742.26,65660.523
600588.SH,20240124,12.96,13.0,12.35,12.67,402201.53,504701.172
301222.SZ,20240124,23.98,24.46,23.14,23.98,10151.32,24142.518
603421.SH,20240124,7.98,8.11,7.8,8.08,25841.64,20577.979
603276.SH,20240124,23.06,23.83,22.49,23.5,62147.77,144456.261
300180.SZ,20240124,3.63,3.78,3.52,3.75,455528.0,166658.082
920718.BJ,20240124,11.42,11.47,10.5,11.28,20112.7,22104.017
002432.SZ,20240124,37.45,38.32,37.23,38.25,95744.03,361952.55
688525.SH,20240124,37.6,37.6,34.75,36.26,107333.56,383457.323
001299.SZ,20240124,13.38,13.7,13.01,13.56,22585.0,30335.761
002741.SZ,20240124,12.17,12.17,11.6,12.1,37905.0,45074.572
603977.SH,20240124,10.0,10.29,9.75,10.08,166043.96,166947.605
920608.BJ,20240124,10.7,10.81,10.07,10.57,7831.21,8173.995
688003.SH,20240124,29.92,30.65,28.58,30.0,19269.25,56630.259
300469.SZ,20240124,11.46,11.78,11.11,11.72,50067.0,57270.454
688581.SH,20240124,114.0,114.78,110.55,113.54,2926.1,33018.867
920110.BJ,20240124,21.12,21.6,20.0,20.79,7178.74,14930.788
603887.SH,20240124,6.61,6.79,6.46,6.77,74995.1,49846.88
603377.SH,20240124,3.84,3.91,3.71,3.89,135586.65,51949.213
600732.SH,20240124,18.35,18.59,17.46,18.16,763516.51,1373406.773
300981.SZ,20240124,12.7,12.84,12.33,12.84,36843.96,46533.175
300088.SZ,20240124,5.27,5.39,5.14,5.35,383756.83,201878.797
002039.SZ,20240124,13.19,13.49,13.08,13.49,35088.1,46657.16
600527.SH,20240124,1.82,1.86,1.78,1.84,222694.8,40688.029
300617.SZ,20240124,25.94,26.18,24.88,25.73,11682.3,29817.646
920476.BJ,20240124,11.65,11.74,11.03,11.32,12985.51,14700.756
688312.SH,20240124,17.1,17.35,16.38,17.01,11004.26,18539.764
002943.SZ,20240124,23.55,23.69,22.38,23.2,19215.4,44063.274
300157.SZ,20240124,3.02,3.11,2.98,3.1,112056.0,34354.752
002827.SZ,20240124,14.7,14.77,14.14,14.61,30477.5,44162.488
601528.SH,20240124,4.89,5.12,4.81,5.08,395318.0,196105.248
002454.SZ,20240124,6.21,6.3,5.97,6.23,112833.3,69209.965
000568.SZ,20240124,153.99,154.33,148.05,151.74,127768.21,1923356.9
002237.SZ,20240124,9.19,9.36,8.94,9.32,105317.55,96638.418
600633.SH,20240124,9.73,9.81,9.37,9.7,185014.45,177666.821
300847.SZ,20240124,13.22,15.02,13.06,14.39,146304.65,206587.09
300818.SZ,20240124,27.38,27.74,26.07,26.9,11451.0,30669.409
002238.SZ,20240124,11.28,11.38,10.78,11.2,274404.58,303597.113
920876.BJ,20240124,17.03,17.36,16.17,16.46,38549.05,64154.632
002847.SZ,20240124,68.22,70.45,66.5,68.84,8121.58,55621.423
688189.SH,20240124,7.78,7.94,7.54,7.88,35720.15,27714.148
300196.SZ,20240124,9.63,9.78,9.3,9.7,20262.0,19374.26
603928.SH,20240124,10.74,11.05,10.46,10.92,18992.0,20429.274
300658.SZ,20240124,5.87,6.22,5.86,6.13,105523.3,63901.228
000925.SZ,20240124,7.28,7.44,7.12,7.41,192456.4,140584.383
002729.SZ,20240124,18.19,18.5,17.42,18.04,32062.0,57544.453
000790.SZ,20240124,4.32,4.44,4.22,4.4,103392.36,44878.541
688168.SH,20240124,28.76,29.06,27.14,28.24,14845.03,41568.276
603659.SH,20240124,18.87,19.0,18.02,18.63,140967.97,259801.397
002896.SZ,20240124,30.31,30.5,28.2,29.5,66924.0,194670.346
300882.SZ,20240124,19.62,19.76,18.68,19.62,23357.0,45031.393
300030.SZ,20240124,6.47,6.63,6.27,6.53,63119.79,40626.645
300693.SZ,20240124,31.55,32.21,30.63,32.02,190242.82,597000.356
002970.SZ,20240124,26.78,27.49,25.7,26.88,15603.0,41234.081
600271.SH,20240124,9.17,9.36,8.94,9.35,132911.2,121400.611
002300.SZ,20240124,7.16,7.28,6.85,7.2,366678.42,258204.112
002608.SZ,20240124,6.39,6.57,6.28,6.56,122982.86,79106.484
301183.SZ,20240124,34.92,37.18,34.66,36.8,47051.79,170367.606
600916.SH,20240124,9.03,9.16,8.86,9.14,74456.79,67232.001
300593.SZ,20240124,11.43,11.58,10.85,11.31,92863.5,103750.299
300613.SZ,20240124,34.75,34.88,33.11,34.55,26645.63,90616.917
603073.SH,20240124,18.18,18.7,17.61,18.29,18904.0,34325.488
301219.SZ,20240124,33.34,33.51,32.1,33.35,21004.3,69015.97
301533.SZ,20240124,29.0,29.6,28.25,29.11,21825.82,63040.283
600867.SH,20240124,9.45,9.53,9.07,9.45,168393.01,156907.726
603363.SH,20240124,5.05,5.12,4.88,5.08,119154.28,59855.529
600021.SH,20240124,7.58,7.79,7.5,7.79,260739.56,199896.319
001376.SZ,20240124,18.13,18.35,17.59,18.29,26489.53,47786.765
301187.SZ,20240124,17.29,19.5,17.15,18.8,106342.6,198016.333
300303.SZ,20240124,4.72,4.8,4.59,4.79,249358.64,117542.631
600053.SH,20240124,17.95,19.12,17.04,19.12,325971.03,593264.254
603898.SH,20240124,9.59,10.0,9.4,9.8,38021.66,36904.761
920090.BJ,20240124,4.85,4.92,4.58,4.74,158131.99,74409.477
000505.SZ,20240124,6.07,6.25,6.02,6.24,40509.0,24924.84
600293.SH,20240124,3.02,3.08,2.94,3.08,164957.27,49856.094
300285.SZ,20240124,18.77,18.95,17.99,18.55,65929.0,121255.576
603577.SH,20240124,8.39,8.57,8.19,8.53,102245.39,86114.448
002285.SZ,20240124,2.15,2.23,2.12,2.23,276324.33,60535.841
002705.SZ,20240124,13.04,13.3,12.74,13.25,60055.67,78614.793
688048.SH,20240124,46.68,47.42,43.6,45.62,33174.0,149184.435
301171.SZ,20240124,18.21,18.77,17.8,18.46,119824.63,219282.0
300591.SZ,20240124,5.17,5.27,4.99,5.23,97686.1,50264.493
301578.SZ,20240124,56.36,56.9,53.98,56.1,18333.76,101871.001
603976.SH,20240124,17.02,17.27,16.37,17.01,10066.0,16969.584
301313.SZ,20240124,25.5,25.96,24.64,25.44,45078.4,114036.045
688383.SH,20240124,79.98,81.59,78.21,80.45,4871.12,38864.774
000999.SZ,20240124,51.34,52.51,49.88,52.15,54042.06,276431.611
688158.SH,20240124,12.89,13.09,12.25,12.94,88691.3,112138.528
600928.SH,20240124,3.21,3.35,3.19,3.33,276067.86,90209.009
600182.SH,20240124,13.6,13.81,13.42,13.79,15312.0,20898.653
688498.SH,20240124,144.99,145.89,135.1,141.56,32392.89,453572.338
300644.SZ,20240124,16.71,17.18,16.18,16.84,20418.0,34037.617
688699.SH,20240124,31.2,31.61,29.78,31.13,10953.58,33546.778
000796.SZ,20240124,3.52,3.54,3.4,3.52,50538.0,17542.164
603883.SH,20240124,29.04,29.29,28.01,28.84,29642.61,85012.363
002242.SZ,20240124,11.09,11.35,10.87,11.23,35715.45,39684.399
603948.SH,20240124,19.14,19.18,18.3,19.15,13076.17,24595.709
605566.SH,20240124,20.39,21.25,19.7,20.53,22190.0,45496.542
000911.SZ,20240124,7.11,7.26,6.98,7.25,40193.0,28709.455
300673.SZ,20240124,12.99,13.29,12.78,13.23,25885.0,33752.192
601717.SH,20240124,12.88,13.26,12.85,13.24,154107.32,201196.429
600268.SH,20240124,6.34,6.52,6.17,6.44,195313.81,124219.733
688258.SH,20240124,42.3,42.3,40.22,41.7,22909.09,93511.072
688089.SH,20240124,14.6,14.81,14.0,14.62,30998.9,44562.231
601799.SH,20240124,131.95,133.29,130.43,132.4,11463.55,151244.735
301056.SZ,20240124,8.41,8.67,8.23,8.55,35922.52,30431.881
600261.SH,20240124,2.84,2.92,2.79,2.9,172720.0,49357.212
002016.SZ,20240124,5.6,5.79,5.53,5.78,79045.0,44859.688
601890.SH,20240124,7.94,8.14,7.75,8.13,222962.28,177532.962
600470.SH,20240124,4.85,4.96,4.73,4.93,87309.0,42466.009
000006.SZ,20240124,4.24,4.55,4.24,4.48,555238.21,246616.087
603915.SH,20240124,12.58,12.73,12.05,12.54,37592.72,46636.245
001228.SZ,20240124,27.58,27.86,26.06,26.9,12698.0,34078.876
605377.SH,20240124,18.38,18.68,17.58,18.35,24805.32,44954.579
002126.SZ,20240124,15.63,15.8,15.1,15.55,82976.0,128251.864
002603.SZ,20240124,21.76,21.99,21.25,21.89,95519.32,207035.358
002616.SZ,20240124,4.8,4.88,4.67,4.88,82674.52,39679.692
002329.SZ,20240124,5.1,5.21,4.95,5.18,203512.61,103819.254
600583.SH,20240124,5.39,5.52,5.3,5.5,197730.03,106973.197
601288.SH,20240124,3.69,3.75,3.68,3.75,4903047.42,1823679.966
002321.SZ,20240124,2.12,2.17,2.07,2.17,171740.8,36542.233
688327.SH,20240124,13.6,13.73,13.0,13.48,201856.02,269461.781
002387.SZ,20240124,8.91,9.01,8.49,8.94,104083.6,91434.093
000977.SZ,20240124,31.98,32.14,30.71,31.93,655764.45,2064598.358
600843.SH,20240124,4.99,5.19,4.92,5.17,133046.0,67318.567
603229.SH,20240124,10.94,11.03,10.42,10.88,47673.05,51188.463
000668.SZ,20240124,10.39,10.73,10.17,10.32,49426.71,51334.028
603968.SH,20240124,12.47,12.58,11.92,12.35,14056.74,17238.108
603989.SH,20240124,17.67,17.89,16.88,17.66,32927.2,57259.457
000798.SZ,20240124,7.84,8.25,7.69,8.22,83658.29,67226.879
600023.SH,20240124,4.9,5.01,4.88,5.0,592966.54,293226.432
688683.SH,20240124,21.0,21.48,20.22,21.0,4928.02,10272.97
002049.SZ,20240124,58.0,58.15,55.27,57.56,122215.91,692839.114
002031.SZ,20240124,3.37,3.44,3.32,3.44,816619.26,277326.166
300938.SZ,20240124,30.14,30.24,28.43,29.9,16077.6,46807.568
300697.SZ,20240124,10.55,10.61,10.08,10.43,36807.8,38063.045
300852.SZ,20240124,30.33,30.78,29.16,30.6,10391.8,31204.667
603030.SH,20240124,2.63,2.67,2.61,2.66,82631.64,21849.2
300999.SZ,20240124,29.6,30.25,29.13,30.16,72486.42,215532.294
002783.SZ,20240124,8.72,8.92,8.52,8.83,143407.59,125250.345
600143.SH,20240124,6.7,6.75,6.51,6.74,106467.71,70893.948
603367.SH,20240124,14.75,15.15,14.31,15.06,55670.0,82317.616
300505.SZ,20240124,13.25,13.52,12.73,13.37,72202.74,95042.511
601949.SH,20240124,7.11,7.37,6.95,7.32,252137.15,180535.808
301139.SZ,20240124,26.3,26.57,25.01,26.01,26338.16,67934.671
600163.SH,20240124,3.97,4.0,3.84,3.99,70318.7,27696.951
300214.SZ,20240124,5.46,5.55,5.3,5.5,40319.0,21899.445
600881.SH,20240124,1.73,1.8,1.7,1.77,207855.5,36275.593
688707.SH,20240124,16.61,16.61,15.6,16.2,36859.66,59062.881
300072.SZ,20240124,2.97,3.04,2.91,3.04,149782.76,44707.099
002993.SZ,20240124,30.46,30.85,28.98,30.3,25530.98,75989.287
601858.SH,20240124,21.31,22.46,20.53,22.14,194314.64,419554.086
002742.SZ,20240124,3.46,3.53,3.43,3.5,41630.0,14470.398
000786.SZ,20240124,26.17,26.73,25.7,26.64,142287.92,373069.585
601601.SH,20240124,21.93,23.07,21.88,22.9,445234.61,996523.286
601888.SH,20240124,81.99,82.68,78.72,81.93,282574.82,2279521.237
601018.SH,20240124,3.4,3.49,3.37,3.47,310279.56,106622.596
301239.SZ,20240124,68.79,70.2,66.06,67.24,17656.41,118836.215
920992.BJ,20240124,11.99,14.5,11.36,13.23,60133.03,77529.201
300807.SZ,20240124,25.51,26.19,24.67,25.66,12523.94,31778.975
300575.SZ,20240124,6.63,6.7,6.38,6.65,45283.12,29693.075
002634.SZ,20240124,5.91,6.04,5.68,5.89,40694.96,23908.392
600082.SH,20240124,3.11,3.26,3.1,3.25,144092.01,45900.648
000404.SZ,20240124,5.37,5.56,5.28,5.53,222140.81,120855.869
002004.SZ,20240124,4.28,4.35,4.19,4.35,90463.85,38700.546
002305.SZ,20240124,1.81,1.93,1.8,1.92,447290.0,83472.647
688448.SH,20240124,28.26,29.92,28.0,29.83,8243.66,23954.79
600207.SH,20240124,5.23,5.36,4.98,5.23,793541.4,408020.644
600517.SH,20240124,4.37,4.69,4.32,4.63,339990.78,152976.231
002059.SZ,20240124,5.78,5.83,5.49,5.74,199045.31,112284.516
688126.SH,20240124,14.98,15.25,14.52,15.19,88443.94,132049.194
002063.SZ,20240124,5.04,5.12,4.87,5.07,175777.28,87760.416
920879.BJ,20240124,9.94,10.16,9.46,9.98,9655.57,9530.422
688325.SH,20240124,28.95,29.29,27.51,28.74,11677.36,33066.584
600692.SH,20240124,5.59,6.02,5.59,5.89,201536.0,116977.172
605100.SH,20240124,14.93,15.82,14.59,15.2,122769.89,184738.176
301360.SZ,20240124,61.15,62.0,58.05,60.9,10649.03,63784.133
002268.SZ,20240124,17.36,17.61,16.8,17.6,107224.95,184754.441
600624.SH,20240124,5.06,5.31,4.98,5.28,131325.28,67838.533
002277.SZ,20240124,3.42,3.57,3.38,3.55,219362.08,76510.646
600380.SH,20240124,11.24,11.35,10.91,11.26,85644.08,95243.439
688137.SH,20240124,42.25,42.67,40.0,42.06,3062.16,12715.597
600188.SH,20240124,20.87,21.63,20.84,21.56,366838.73,784836.076
002805.SZ,20240124,14.99,15.17,14.38,14.73,196201.55,289278.59
688109.SH,20240124,23.01,23.54,22.13,23.19,9075.83,20772.659
603316.SH,20240124,5.73,5.99,5.69,5.9,55961.0,32682.878
300902.SZ,20240124,29.45,29.51,28.0,28.85,12521.03,35956.183
601022.SH,20240124,10.0,10.29,9.79,10.14,218034.37,219207.107
600410.SH,20240124,6.49,6.72,6.4,6.71,577177.51,378180.306
603150.SH,20240124,26.45,27.57,25.98,26.83,18301.98,49188.175
300201.SZ,20240124,4.01,4.12,3.93,4.08,224119.6,90474.219
688376.SH,20240124,34.49,34.85,32.65,34.0,10157.92,34227.126
300706.SZ,20240124,20.6,21.0,19.66,20.71,26648.0,54125.359
300731.SZ,20240124,16.64,16.67,15.77,16.59,27706.48,45139.75
300070.SZ,20240124,4.56,4.7,4.5,4.68,200306.87,91939.186
688248.SH,20240124,21.53,21.78,20.64,21.48,23571.91,49837.403
600999.SH,20240124,12.87,13.36,12.65,13.24,306603.48,397935.388
600801.SH,20240124,11.7,11.95,11.43,11.94,74374.95,87054.989
300213.SZ,20240124,6.0,6.07,5.77,6.06,155587.78,92470.379
920263.BJ,20240124,8.0,8.2,7.62,8.15,55819.91,44505.411
301286.SZ,20240124,27.49,27.49,26.62,27.49,4190.8,11321.565
002523.SZ,20240124,2.85,3.18,2.84,3.05,1536176.68,471270.325
603657.SH,20240124,12.68,12.81,12.22,12.66,90380.25,113784.379
601187.SH,20240124,4.96,5.12,4.94,5.08,168812.12,84841.117
300606.SZ,20240124,27.0,27.2,25.6,26.48,30412.0,80222.398
600343.SH,20240124,8.3,8.53,8.15,8.46,74526.0,62155.119
601231.SH,20240124,13.5,13.62,12.98,13.43,53787.0,71458.792
300558.SZ,20240124,41.92,42.73,40.4,41.6,34962.46,144830.541
920665.BJ,20240124,9.95,10.01,9.43,9.8,16284.92,15848.042
600301.SH,20240124,12.14,12.3,11.7,12.27,122399.59,147615.346
300501.SZ,20240124,12.55,12.74,12.16,12.7,26023.0,32488.886
600368.SH,20240124,3.79,3.95,3.78,3.94,257935.52,99748.381
920039.BJ,20240124,7.95,9.36,7.9,9.0,91929.53,79492.793
300989.SZ,20240124,16.07,16.75,16.05,16.75,32722.05,53733.375
600753.SH,20240124,8.21,8.64,8.15,8.54,34877.95,29336.971
688099.SH,20240124,49.74,49.98,47.3,48.55,27283.03,131643.259
600499.SH,20240124,11.55,11.68,11.24,11.57,139923.43,160271.519
600828.SH,20240124,4.06,4.32,4.06,4.25,495620.05,209013.064
603737.SH,20240124,39.94,40.49,38.2,39.46,41750.97,163191.602
920675.BJ,20240124,6.76,6.94,6.53,6.82,12985.2,8796.637
600333.SH,20240124,4.48,4.59,4.4,4.59,84772.89,38159.646
002164.SZ,20240124,4.92,5.23,4.91,5.09,249472.63,126295.154
000678.SZ,20240124,6.11,6.58,6.11,6.32,299309.08,190922.238
920047.BJ,20240124,16.5,17.2,16.14,16.7,12752.98,21277.608
600435.SH,20240124,8.79,8.91,8.5,8.88,236551.52,205898.851
301429.SZ,20240124,17.0,17.31,16.53,17.16,9710.31,16480.743
300027.SZ,20240124,2.21,2.25,2.15,2.25,358454.96,79198.201
688716.SH,20240124,29.87,30.48,28.68,29.6,12743.44,37575.207
688511.SH,20240124,25.38,25.4,24.02,25.0,7520.45,18566.114
001331.SZ,20240124,15.22,15.55,14.82,15.42,15274.27,23292.481
600101.SH,20240124,7.07,7.21,6.87,7.19,84168.42,59504.091
000001.SZ,20240124,9.23,9.34,9.07,9.33,1759123.16,1620099.272
001360.SZ,20240124,14.65,15.08,14.48,15.0,16978.0,25142.59
002414.SZ,20240124,6.09,6.13,5.89,6.1,150571.11,90698.674
301105.SZ,20240124,31.62,32.8,31.45,32.45,4257.34,13725.582
002101.SZ,20240124,12.63,12.74,12.24,12.62,42771.36,53549.752
920926.BJ,20240124,24.25,24.96,23.17,23.23,33249.35,79612.854
003041.SZ,20240124,14.48,14.9,14.01,14.53,22138.68,32104.71
300577.SZ,20240124,13.18,13.56,12.58,13.2,27217.97,35532.397
301266.SZ,20240124,46.0,46.39,43.2,44.92,36476.8,162753.819
002845.SZ,20240124,15.04,15.25,14.46,15.19,71749.62,107129.103
600798.SH,20240124,3.28,3.4,3.26,3.4,188254.62,62940.991
002833.SZ,20240124,16.88,17.15,16.55,17.08,35581.84,60049.484
300872.SZ,20240124,11.74,11.99,11.34,11.93,41300.42,48232.534
000683.SZ,20240124,5.24,5.28,5.08,5.24,285163.84,147970.297
603235.SH,20240124,21.32,21.64,20.76,21.41,10721.86,22758.337
920454.BJ,20240124,7.3,7.42,7.01,7.35,17484.91,12764.302
601096.SH,20240124,6.5,7.08,6.42,6.94,3093886.62,2094377.445
688028.SH,20240124,19.69,19.87,18.74,19.45,23857.68,46016.027
003001.SZ,20240124,15.4,15.7,14.86,15.6,22756.81,34867.784
301293.SZ,20240124,49.9,50.87,48.2,50.35,13761.53,68457.567
601919.SH,20240124,9.5,9.75,9.5,9.74,821040.13,790656.564
000048.SZ,20240124,16.83,17.26,16.7,17.16,32667.26,55480.952
300637.SZ,20240124,8.14,8.29,7.9,8.17,74887.87,60684.563
301156.SZ,20240124,15.77,16.25,15.41,16.01,14952.2,23723.292
600664.SH,20240124,2.91,2.99,2.86,2.98,354129.39,103664.398
601375.SH,20240124,3.62,3.78,3.56,3.75,511521.55,187739.043
600569.SH,20240124,1.91,1.95,1.85,1.94,267678.44,51070.159
000822.SZ,20240124,6.09,6.16,5.89,6.16,95693.99,57877.618
300115.SZ,20240124,9.82,9.97,9.38,9.81,206693.0,199615.271
603119.SH,20240124,22.73,22.91,22.06,22.75,9682.21,21840.776
600415.SH,20240124,7.16,7.25,6.99,7.23,415715.84,297212.214
300163.SZ,20240124,3.22,3.37,3.18,3.31,123936.0,40677.582
688420.SH,20240124,22.77,23.17,22.1,23.01,4168.81,9441.041
603773.SH,20240124,24.59,24.65,23.28,24.13,42190.3,101125.869
605358.SH,20240124,23.69,23.95,22.56,23.58,72814.55,168770.001
601328.SH,20240124,5.76,5.86,5.75,5.84,1832575.51,1064419.708
000836.SZ,20240124,2.32,2.4,2.25,2.39,230721.52,53724.402
002897.SZ,20240124,39.71,39.97,37.51,38.64,186988.19,720579.827
688562.SH,20240124,18.5,19.07,18.01,19.04,15038.6,27790.776
300771.SZ,20240124,8.87,9.0,8.53,8.93,39523.45,34776.571
600067.SH,20240124,2.28,2.4,2.28,2.39,233698.5,54729.397
688779.SH,20240124,6.08,6.14,5.83,6.1,197739.17,118287.009
603707.SH,20240124,13.86,14.15,13.53,14.11,89416.56,124029.832
600292.SH,20240124,5.41,5.56,5.32,5.56,99018.29,53954.446
000720.SZ,20240124,3.75,3.83,3.65,3.82,71319.0,26717.85
002490.SZ,20240124,3.8,3.88,3.73,3.87,72183.0,27624.947
002416.SZ,20240124,8.7,8.77,8.37,8.64,72920.88,62590.144
002425.SZ,20240124,3.85,3.89,3.73,3.88,236747.6,90368.059
688693.SH,20240124,35.63,35.95,33.99,35.58,6695.35,23387.937
000852.SZ,20240124,6.9,7.57,6.9,7.3,419478.1,304722.135
601200.SH,20240124,8.36,8.58,8.25,8.57,56820.67,47943.77
002927.SZ,20240124,12.67,12.92,12.25,12.85,57192.04,72113.456
600302.SH,20240124,5.01,5.16,4.95,5.15,86176.0,43765.435
603085.SH,20240124,8.12,8.23,7.78,8.08,59978.0,48119.829
300414.SZ,20240124,7.95,8.1,7.63,7.99,51288.39,40351.379
000504.SZ,20240124,9.28,9.5,9.02,9.37,24399.0,22551.091
001231.SZ,20240124,18.19,18.59,17.7,18.55,9816.0,17876.912
603052.SH,20240124,35.9,36.22,34.29,35.27,38609.6,135468.63
002146.SZ,20240124,1.5,1.57,1.5,1.56,1024590.0,157405.54
600861.SH,20240124,17.41,18.2,17.21,17.88,27925.7,49524.234
600518.SH,20240124,1.91,1.92,1.87,1.89,1263990.69,238479.336
600986.SH,20240124,4.7,4.71,4.45,4.67,415924.5,190879.537
603079.SH,20240124,14.44,14.49,13.31,13.56,148403.36,207878.383
603353.SH,20240124,21.24,21.7,20.64,21.4,18909.0,39968.315
600307.SH,20240124,1.38,1.42,1.37,1.41,310911.96,43247.583
002385.SZ,20240124,4.98,5.05,4.86,5.01,383417.3,190195.861
603286.SH,20240124,20.4,20.72,19.65,20.23,26532.0,53491.995
601568.SH,20240124,4.39,4.47,4.29,4.46,92389.8,40578.374
603882.SH,20240124,53.83,55.15,51.91,54.05,32375.31,174174.893
688458.SH,20240124,51.22,52.3,49.02,50.62,8065.06,40513.344
000656.SZ,20240124,1.5,1.6,1.49,1.57,3674940.83,569154.627
920267.BJ,20240124,17.1,17.49,16.34,16.7,17921.56,30278.195
603983.SH,20240124,30.17,33.75,28.8,30.36,97169.62,300404.894
600012.SH,20240124,11.24,11.67,11.22,11.67,65328.4,75057.129
002076.SZ,20240124,1.94,1.99,1.87,1.95,232251.0,44997.41
920033.BJ,20240124,39.64,39.64,37.45,37.78,4271.25,16254.964
600530.SH,20240124,2.37,2.43,2.3,2.43,48616.76,11526.104
688680.SH,20240124,56.18,56.8,52.02,54.0,34307.6,183868.088
600565.SH,20240124,1.42,1.49,1.41,1.47,730196.0,106288.776
603429.SH,20240124,6.92,7.03,6.62,6.87,44941.18,30685.415
002756.SZ,20240124,51.86,52.36,49.69,51.54,93776.51,478914.3
002730.SZ,20240124,8.14,8.39,7.93,8.25,71952.42,58739.247
920556.BJ,20240124,5.68,5.74,5.3,5.6,27543.25,15303.139
300982.SZ,20240124,28.6,28.88,25.32,26.3,129835.72,342826.966
300994.SZ,20240124,12.15,12.51,11.69,12.21,21988.84,26579.465
002340.SZ,20240124,4.85,4.89,4.69,4.87,398737.77,191710.733
600758.SH,20240124,3.23,3.31,3.13,3.29,160471.0,52049.325
920547.BJ,20240124,28.66,28.66,26.9,27.36,9034.73,24905.883
300478.SZ,20240124,11.06,11.43,10.79,11.18,34376.2,38315.832
600281.SH,20240124,4.06,4.16,3.95,4.12,93501.89,37898.335
002074.SZ,20240124,19.33,19.45,18.43,19.07,186846.77,352941.352
002942.SZ,20240124,14.67,14.98,14.04,14.57,15598.0,22552.762
300827.SZ,20240124,27.08,27.1,25.51,26.44,67079.09,176269.029
600285.SH,20240124,16.89,17.05,16.22,16.79,70378.44,116779.068
688283.SH,20240124,47.08,47.08,42.24,43.72,12767.75,55623.874
300329.SZ,20240124,6.15,6.34,6.03,6.3,65524.0,40576.171
003018.SZ,20240124,9.25,9.44,8.75,9.14,47881.0,43423.093
603980.SH,20240124,4.06,4.31,4.02,4.23,295666.74,123762.486
600690.SH,20240124,21.8,22.07,21.6,21.98,362003.01,790902.417
688297.SH,20240124,31.58,32.34,30.9,32.2,25529.04,80495.76
920184.BJ,20240124,8.2,8.35,7.71,8.15,44818.78,36020.783
600717.SH,20240124,3.91,4.05,3.88,4.05,224047.51,89090.265
603458.SH,20240124,7.84,7.98,7.56,7.9,51364.18,39993.077
605138.SH,20240124,6.72,7.01,6.69,6.95,29457.77,20216.188
002287.SZ,20240124,19.82,19.82,18.9,19.65,14979.51,29132.076
600793.SH,20240124,9.81,10.28,9.71,10.26,31084.49,31126.083
002495.SZ,20240124,2.7,2.78,2.64,2.78,244514.8,66524.059
300767.SZ,20240124,14.83,14.96,13.99,14.75,58537.61,84509.963
002139.SZ,20240124,8.19,8.26,7.81,8.16,160712.27,128763.691
002779.SZ,20240124,27.5,28.44,27.01,28.0,17126.0,47416.285
002785.SZ,20240124,26.45,26.79,24.97,26.2,40235.21,104285.07
002540.SZ,20240124,5.68,5.79,5.51,5.75,110512.27,62753.822
605117.SH,20240124,81.33,82.85,79.0,82.25,132776.63,1073995.675
001213.SZ,20240124,3.89,4.16,3.89,4.07,327654.16,131594.588
920651.BJ,20240124,17.0,17.45,16.49,17.08,4251.32,7229.089
688051.SH,20240124,26.43,26.88,25.11,26.19,6605.59,17098.259
002206.SZ,20240124,4.29,4.37,4.16,4.34,144318.0,61832.158
001258.SZ,20240124,6.76,6.84,6.59,6.83,47404.0,31958.026
000536.SZ,20240124,2.83,2.93,2.81,2.92,794502.79,228724.364
603259.SH,20240124,74.58,74.69,72.2,74.0,174389.09,1279223.229
301212.SZ,20240124,22.56,23.0,21.84,22.75,7224.0,16217.255
300363.SZ,20240124,20.7,20.99,19.83,20.64,69408.33,141553.581
002424.SZ,20240124,7.77,7.9,7.63,7.86,180281.71,140380.089
300945.SZ,20240124,11.89,11.89,10.95,11.43,156264.24,178593.148
600673.SH,20240124,6.51,6.6,6.4,6.54,94956.23,61612.065
688507.SH,20240124,103.8,104.59,101.05,104.5,1343.67,13842.099
002337.SZ,20240124,4.71,4.79,4.53,4.78,204182.4,95859.679
301368.SZ,20240124,32.83,33.6,31.8,33.04,38724.02,126549.999
600016.SH,20240124,3.75,3.84,3.75,3.83,1322484.1,502164.951
300147.SZ,20240124,4.38,4.44,4.23,4.42,109036.0,47474.212
300615.SZ,20240124,13.24,13.43,12.72,13.3,21970.78,28782.832
000509.SZ,20240124,3.54,3.62,3.41,3.6,130713.07,46206.674
600137.SH,20240124,15.48,16.5,15.31,16.09,23960.0,38208.423
688433.SH,20240124,25.2,25.44,24.0,24.96,11357.73,27683.658
001226.SZ,20240124,29.15,33.02,29.15,33.02,42061.62,135953.705
300560.SZ,20240124,14.79,15.25,14.66,15.08,52205.0,77936.813
301136.SZ,20240124,10.77,11.04,10.52,11.0,27477.69,29749.415
000665.SZ,20240124,4.11,4.16,4.0,4.16,135240.35,55461.135
600225.SH,20240124,3.17,3.23,3.06,3.22,214820.0,67746.481
300816.SZ,20240124,20.88,21.63,20.4,21.21,18011.79,37849.273
688130.SH,20240124,33.11,33.93,31.51,33.13,5573.7,18075.737
605007.SH,20240124,12.89,13.1,12.45,12.83,19803.0,25294.19
300956.SZ,20240124,14.57,14.98,14.27,14.86,36822.04,54028.773
000923.SZ,20240124,14.77,15.3,14.71,15.27,67031.22,100715.413
603230.SH,20240124,13.35,13.69,13.14,13.64,72469.23,97301.155
300581.SZ,20240124,8.03,8.15,7.76,8.11,48934.48,38966.704
002369.SZ,20240124,4.66,4.73,4.51,4.68,132393.0,61268.222
000014.SZ,20240124,11.28,11.69,11.2,11.68,143415.39,164341.161
300116.SZ,20240124,1.4,1.42,1.38,1.41,533201.5,74652.25
000736.SZ,20240124,8.45,9.05,8.45,9.01,289107.36,255931.231
605300.SH,20240124,13.81,14.25,13.63,14.17,22491.23,31503.367
002052.SZ,20240124,2.34,2.34,2.34,2.34,28707.0,6717.438
300523.SZ,20240124,16.62,16.83,16.03,16.82,16465.2,27123.773
001872.SZ,20240124,15.15,15.63,15.15,15.62,32768.55,50507.355
300677.SZ,20240124,21.37,21.52,20.67,21.45,44754.5,94808.114
688484.SH,20240124,30.88,31.05,29.45,30.37,18841.8,56639.485
000759.SZ,20240124,3.7,3.88,3.7,3.86,242181.0,92230.085
603388.SH,20240124,7.24,7.26,6.86,7.17,158487.0,112018.496
300188.SZ,20240124,11.87,12.09,11.53,12.02,132758.02,156869.554
603004.SH,20240124,24.66,25.51,24.04,25.0,104631.66,259042.369
002304.SZ,20240124,95.28,95.45,92.52,94.84,64029.19,601178.325
300155.SZ,20240124,4.79,4.94,4.71,4.91,101202.23,48965.948
002950.SZ,20240124,8.3,8.3,7.96,8.24,28882.17,23550.883
600375.SH,20240124,5.73,5.73,5.31,5.52,100547.61,54894.655
601628.SH,20240124,25.65,27.07,25.62,26.95,280527.13,736964.899
300769.SZ,20240124,50.13,50.7,47.19,49.14,145784.79,707116.917
300482.SZ,20240124,26.85,27.31,26.08,26.99,49009.75,130543.962
002009.SZ,20240124,11.03,11.14,10.67,11.08,72341.0,78961.698
603385.SH,20240124,7.08,7.35,6.97,7.24,29330.2,20990.358
300586.SZ,20240124,6.66,6.75,6.37,6.64,81347.37,53383.595
600392.SH,20240124,8.52,8.61,8.23,8.57,131801.31,111368.997
688617.SH,20240124,355.0,361.0,348.8,359.29,3274.09,116598.32
301333.SZ,20240124,51.06,51.06,47.53,49.8,8414.8,41245.902
002573.SZ,20240124,4.52,4.65,4.46,4.65,63895.0,29153.079
300326.SZ,20240124,5.42,5.5,5.24,5.46,72566.46,39074.347
300514.SZ,20240124,13.76,13.94,13.2,13.75,64305.26,87283.344
603117.SH,20240124,3.08,3.08,2.97,3.04,8560.8,2600.454
688210.SH,20240124,20.67,21.16,19.88,20.56,12841.23,26142.224
601238.SH,20240124,8.14,8.28,8.04,8.26,211043.86,172149.885
002687.SZ,20240124,4.84,5.05,4.82,5.02,151731.35,75201.037
002985.SZ,20240124,27.96,28.2,26.9,28.07,23278.04,64287.201
301058.SZ,20240124,8.7,10.37,8.55,10.35,292744.5,285778.308
000968.SZ,20240124,6.19,6.36,6.12,6.36,105991.29,65784.801
002597.SZ,20240124,18.25,18.52,17.84,18.4,27374.02,49900.122
001223.SZ,20240124,47.8,48.47,45.09,47.57,7587.0,35564.072
301251.SZ,20240124,29.56,29.8,28.32,29.61,17387.58,50592.188
600987.SH,20240124,7.43,7.46,7.04,7.3,77461.03,56195.192
300824.SZ,20240124,8.1,8.33,7.82,8.17,24781.0,20034.323
600379.SH,20240124,8.8,8.93,8.44,8.78,59419.84,51592.192
300404.SZ,20240124,7.53,7.68,7.32,7.67,48324.66,36340.579
300099.SZ,20240124,5.24,5.35,5.14,5.34,63888.0,33600.794
688378.SH,20240124,34.07,35.0,32.87,33.81,17656.45,59365.602
603600.SH,20240124,11.25,12.53,11.25,12.53,182847.82,222962.858
002247.SZ,20240124,2.02,2.11,1.98,2.06,193652.26,39575.853
301185.SZ,20240124,17.05,17.34,16.46,17.27,35585.38,60412.332
300410.SZ,20240124,6.88,6.98,6.63,6.89,49349.0,33605.452
002302.SZ,20240124,5.81,5.97,5.7,5.96,79343.33,46323.687
301004.SZ,20240124,58.71,63.25,58.71,59.92,37881.73,230539.748
000056.SZ,20240124,3.01,3.12,3.0,3.11,357807.0,110046.645
002365.SZ,20240124,8.55,8.63,8.15,8.48,60309.06,50703.285
002401.SZ,20240124,14.85,16.08,14.67,15.91,275581.21,428903.228
300429.SZ,20240124,10.24,10.4,9.7,10.26,131566.08,132708.103
688676.SH,20240124,39.01,39.69,37.3,38.4,41973.74,160189.115
002676.SZ,20240124,4.12,4.17,3.96,4.15,148935.0,60690.47
002759.SZ,20240124,9.24,9.3,8.85,9.19,44149.0,40159.372
600938.SH,20240124,20.57,21.15,20.54,21.12,328351.27,684914.797
000697.SZ,20240124,6.14,6.15,5.89,6.08,44007.0,26565.666
002389.SZ,20240124,15.26,15.45,14.83,15.34,70359.54,106389.3
601901.SH,20240124,7.2,7.46,6.99,7.38,1183497.68,858272.199
601818.SH,20240124,2.98,3.03,2.98,3.02,1643090.94,493903.031
002188.SZ,20240124,5.54,5.87,5.42,5.67,115011.0,65016.058
000633.SZ,20240124,6.17,6.26,5.98,6.22,57430.0,35331.509
002148.SZ,20240124,5.12,5.56,5.11,5.31,216854.91,114761.844
002887.SZ,20240124,7.44,7.6,7.3,7.54,59450.5,44490.523
002298.SZ,20240124,4.68,4.74,4.52,4.73,166664.0,77658.769
603216.SH,20240124,11.52,12.02,11.27,11.72,19127.0,22297.798
001201.SZ,20240124,19.2,19.46,18.49,18.95,18366.04,34646.56
600505.SH,20240124,7.2,7.36,7.06,7.32,65455.0,47311.437
600599.SH,20240124,13.03,13.09,12.44,12.54,85299.5,107142.86
600697.SH,20240124,11.85,12.25,11.71,12.18,60366.0,72390.471
601326.SH,20240124,2.75,2.85,2.74,2.84,197357.6,55039.079
603056.SH,20240124,13.64,13.7,13.12,13.63,31775.56,42723.484
600000.SH,20240124,6.64,6.73,6.6,6.71,537464.98,358343.157
600168.SH,20240124,5.72,5.82,5.61,5.81,74892.97,42921.283
688536.SH,20240124,112.33,112.33,105.66,109.51,9252.94,100451.817
601158.SH,20240124,5.44,5.59,5.42,5.58,138661.0,76413.718
300563.SZ,20240124,12.88,13.15,12.36,12.92,42029.9,53511.094
300804.SZ,20240124,26.89,27.41,25.97,27.02,5813.29,15468.443
300200.SZ,20240124,6.47,6.64,6.35,6.62,84756.0,55292.336
000156.SZ,20240124,6.62,6.78,6.47,6.77,108842.47,72202.924
001211.SZ,20240124,21.15,21.87,20.4,21.03,19963.0,42102.139
920642.BJ,20240124,10.1,10.12,9.44,9.76,40174.29,39211.072
300817.SZ,20240124,13.38,13.85,13.13,13.77,27162.18,36650.4
603123.SH,20240124,8.54,8.77,8.24,8.76,213841.2,182805.243
688600.SH,20240124,16.08,16.08,15.0,15.68,15920.63,24607.906
300426.SZ,20240124,9.36,9.52,8.97,9.4,90491.0,83581.307
002080.SZ,20240124,14.21,14.39,13.75,14.35,93265.54,131625.479
600566.SH,20240124,30.93,31.28,30.07,30.98,53898.3,164943.595
300645.SZ,20240124,15.03,15.18,14.5,15.14,37976.57,56560.633
002531.SZ,20240124,9.64,10.09,9.53,9.83,255106.29,249960.828
920371.BJ,20240124,5.26,5.57,5.06,5.46,58161.06,30957.94
605588.SH,20240124,42.55,43.05,40.7,42.38,11747.0,49301.803
002443.SZ,20240124,5.95,6.12,5.85,6.11,118732.6,71359.01
300952.SZ,20240124,18.66,19.4,18.27,18.85,15223.0,28609.153
601006.SH,20240124,7.26,7.4,7.25,7.39,1000169.96,734230.388
688399.SH,20240124,52.84,53.69,51.6,52.47,4638.73,24241.814
600272.SH,20240124,11.76,11.89,11.75,11.89,62916.26,74668.477
300825.SZ,20240124,10.65,10.69,10.13,10.61,76665.82,80076.568
600512.SH,20240124,2.31,2.38,2.27,2.37,193892.94,45180.157
600050.SH,20240124,3.98,4.14,3.98,4.12,2785772.96,1129851.383
300141.SZ,20240124,8.57,8.76,8.28,8.6,46061.15,39167.344
688550.SH,20240124,33.21,33.58,31.02,32.5,28955.2,92156.482
600352.SH,20240124,7.69,7.75,7.51,7.73,99778.3,76266.012
688557.SH,20240124,30.14,30.25,28.6,29.8,6088.75,17937.942
600372.SH,20240124,11.39,11.39,10.85,11.26,620017.47,688580.69
300051.SZ,20240124,9.93,10.05,9.51,9.85,36729.0,35787.227
300777.SZ,20240124,23.84,24.05,22.81,23.78,37385.89,87556.035
603755.SH,20240124,22.05,22.5,21.42,22.13,12691.41,27896.35
002572.SZ,20240124,14.93,15.25,14.56,14.94,62528.36,93244.919
001260.SZ,20240124,18.21,18.55,17.39,18.13,18453.0,33114.457
603530.SH,20240124,18.3,18.82,17.82,18.5,82035.0,150619.665
000566.SZ,20240124,3.92,3.99,3.81,3.98,98910.0,38659.149
001333.SZ,20240124,19.62,19.86,18.9,19.54,13185.0,25589.649
600992.SH,20240124,12.88,13.43,12.86,13.41,65665.04,86802.928
300491.SZ,20240124,19.47,19.47,18.46,19.3,46369.4,87690.603
002617.SZ,20240124,5.47,5.52,5.25,5.48,199776.67,107794.4
600400.SH,20240124,2.61,2.84,2.6,2.84,335814.47,93607.218
002112.SZ,20240124,8.98,9.5,8.67,9.12,158759.42,143650.388
000929.SZ,20240124,8.55,8.85,8.31,8.66,62361.0,53557.719
000166.SZ,20240124,4.2,4.36,4.16,4.32,987353.71,420174.328
600500.SH,20240124,3.85,4.0,3.82,4.0,175017.1,68363.007
002552.SZ,20240124,12.98,13.05,12.5,12.98,14300.0,18324.542
000948.SZ,20240124,12.86,13.08,12.41,13.01,55781.09,70976.55
001366.SZ,20240124,13.3,13.57,13.0,13.45,27410.0,36567.081
001896.SZ,20240124,3.82,3.91,3.74,3.91,118399.33,45421.731
600033.SH,20240124,3.01,3.08,2.98,3.07,323835.27,98296.868
601015.SH,20240124,3.8,3.87,3.73,3.86,125483.38,47870.004
301267.SZ,20240124,29.61,29.8,28.71,29.58,33160.07,96915.973
920522.BJ,20240124,20.75,20.77,19.66,20.1,14335.65,28784.315
603878.SH,20240124,6.72,6.86,6.52,6.76,44255.71,29638.462
002549.SZ,20240124,7.99,8.13,7.75,8.03,39948.69,31832.67
300683.SZ,20240124,29.45,29.93,28.2,29.22,13171.98,38242.622
920720.BJ,20240124,12.66,12.85,11.89,12.17,50391.78,61578.816
601139.SH,20240124,6.2,6.29,6.07,6.27,114422.0,70735.7
300122.SZ,20240124,49.8,49.95,47.98,49.31,118187.14,578220.928
601700.SH,20240124,4.64,4.86,4.62,4.86,168830.32,81479.066
688097.SH,20240124,25.8,25.97,23.73,24.7,43076.48,105700.821
000612.SZ,20240124,4.89,5.0,4.76,4.98,142106.07,69806.344
600490.SH,20240124,2.5,2.59,2.45,2.58,363344.45,91908.021
601311.SH,20240124,7.39,7.45,7.15,7.43,83623.56,61201.375
688031.SH,20240124,49.62,50.19,46.84,48.79,26694.88,128235.786
300590.SZ,20240124,9.36,9.55,9.02,9.47,61165.06,56956.359
002256.SZ,20240124,2.23,2.26,2.17,2.25,221926.0,49318.787
600662.SH,20240124,4.55,4.96,4.54,4.75,166672.97,78928.269
688132.SH,20240124,16.58,16.76,16.06,16.67,7952.73,13134.387
002044.SZ,20240124,4.75,4.91,4.64,4.89,326084.89,155829.173
300776.SZ,20240124,51.52,52.04,49.81,51.36,20896.46,106251.472
300629.SZ,20240124,17.3,17.7,16.7,17.61,69954.11,120983.962
300444.SZ,20240124,5.95,6.04,5.76,5.97,126193.29,74623.801
002388.SZ,20240124,4.89,4.94,4.67,4.86,91682.0,44092.699
603238.SH,20240124,13.0,13.8,12.78,13.24,37714.85,50111.288
000555.SZ,20240124,9.31,9.6,8.93,9.38,98380.5,90585.104
301080.SZ,20240124,46.18,46.24,43.87,45.49,12198.62,54791.787
603115.SH,20240124,12.12,12.23,11.5,11.96,23766.0,28163.591
603299.SH,20240124,7.91,8.09,7.78,8.07,52719.69,41960.311
001203.SZ,20240124,9.36,9.5,9.14,9.46,43605.11,40809.925
600626.SH,20240124,3.18,3.48,3.17,3.48,155289.38,52410.48
920132.BJ,20240124,19.95,21.07,19.56,20.57,25303.08,51733.085
300832.SZ,20240124,73.19,76.48,73.19,76.37,32663.08,246779.351
300763.SZ,20240124,73.64,73.8,69.1,71.6,104168.97,739648.644
002429.SZ,20240124,4.93,5.04,4.83,5.0,318906.5,157717.095
300430.SZ,20240124,11.45,11.73,11.21,11.6,28558.0,32766.193
300527.SZ,20240124,6.3,6.71,6.23,6.64,145164.85,93495.904
688085.SH,20240124,16.4,16.78,15.37,15.87,25327.21,40320.947
300687.SZ,20240124,17.3,17.48,16.33,17.2,72838.26,122949.124
601177.SH,20240124,8.06,8.23,7.83,8.23,79446.0,64118.39
300249.SZ,20240124,7.0,7.09,6.8,7.08,79282.66,55373.57
002382.SZ,20240124,5.62,5.72,5.49,5.71,93456.26,52537.566
600776.SH,20240124,9.34,9.5,9.09,9.49,89616.88,83684.76
600877.SH,20240124,11.53,11.64,11.13,11.59,58097.34,66223.742
301448.SZ,20240124,29.4,30.29,28.88,29.81,13554.0,40240.762
300048.SZ,20240124,4.34,4.37,4.15,4.33,81452.8,34748.076
301223.SZ,20240124,16.39,16.67,15.72,16.35,14058.11,22741.245
300633.SZ,20240124,38.85,39.1,36.72,37.67,31208.78,116951.845
300417.SZ,20240124,10.13,10.4,9.8,10.28,21301.1,21657.564
603303.SH,20240124,11.18,11.41,10.87,11.32,18974.0,21160.926
603089.SH,20240124,9.78,10.05,9.47,9.82,34187.4,33262.377
600516.SH,20240124,4.59,4.65,4.46,4.64,210639.48,96276.527
002478.SZ,20240124,5.21,5.45,5.21,5.37,552068.14,295574.73
300054.SZ,20240124,18.78,19.08,18.02,18.76,65851.82,121881.042
002370.SZ,20240124,3.68,3.75,3.6,3.72,102304.6,37778.062
600071.SH,20240124,16.79,17.03,16.17,16.97,56657.24,93979.025
300109.SZ,20240124,15.69,15.93,14.95,15.68,48623.18,75033.559
300369.SZ,20240124,7.78,7.89,7.48,7.87,165435.71,127091.322
300039.SZ,20240124,5.62,5.74,5.5,5.72,147694.11,83417.886
300811.SZ,20240124,51.51,51.71,47.38,49.34,39890.7,195911.914
301469.SZ,20240124,28.23,28.86,27.5,28.53,8752.75,24781.687
688638.SH,20240124,51.45,51.89,50.0,51.57,1920.56,9766.566
300616.SZ,20240124,15.25,15.72,14.86,15.59,27498.2,42073.487
600893.SH,20240124,32.4,32.66,31.33,32.55,107262.49,343180.898
002299.SZ,20240124,15.12,15.22,14.66,15.17,56509.51,84642.243
000710.SZ,20240124,9.75,9.89,9.35,9.72,76131.96,73218.34
301325.SZ,20240124,64.3,64.5,61.81,63.29,13504.33,84939.704
300080.SZ,20240124,4.19,4.28,4.05,4.25,109944.19,46086.182
002546.SZ,20240124,4.43,4.53,4.26,4.44,223713.0,98304.335
603060.SH,20240124,7.52,7.7,7.33,7.68,34934.68,26244.939
600552.SH,20240124,10.46,10.66,10.1,10.59,122552.83,126932.715
300861.SZ,20240124,27.73,27.86,26.61,27.49,49809.32,135652.375
301419.SZ,20240124,29.41,29.75,28.26,29.47,10668.94,31006.136
300185.SZ,20240124,2.16,2.2,2.13,2.19,267219.0,58065.18
600720.SH,20240124,8.3,8.62,8.14,8.61,77331.72,64859.812
300918.SZ,20240124,9.43,9.6,9.17,9.6,31194.89,29482.064
603102.SH,20240124,35.0,36.4,34.81,35.84,8497.0,30317.641
603615.SH,20240124,15.0,15.83,14.98,15.56,43814.0,67679.531
000960.SZ,20240124,12.85,13.23,12.61,13.17,137009.4,177251.832
600038.SH,20240124,33.73,34.23,32.9,34.11,39270.6,131707.402
603386.SH,20240124,12.07,12.09,11.23,11.77,73824.0,85513.243
000655.SZ,20240124,6.17,6.54,6.11,6.38,94732.31,59447.988
301258.SZ,20240124,27.28,27.82,26.68,27.68,8129.71,22171.12
603020.SH,20240124,7.33,7.43,7.12,7.41,34682.32,25378.844
002798.SZ,20240124,5.62,5.93,5.52,5.77,111431.0,63682.02
688469.SH,20240124,5.26,5.3,5.14,5.26,145324.86,76028.493
300449.SZ,20240124,5.24,5.32,5.04,5.22,77884.28,40378.522
300226.SZ,20240124,22.22,23.33,21.76,23.31,157943.78,355438.159
002615.SZ,20240124,7.09,7.71,7.06,7.71,284693.45,214889.358
605339.SH,20240124,16.81,17.66,16.41,17.5,22056.0,37694.585
002527.SZ,20240124,8.28,8.36,7.99,8.33,137123.61,112582.136
002334.SZ,20240124,7.35,7.43,7.03,7.38,169295.34,122867.669
002881.SZ,20240124,21.36,21.69,20.74,21.51,23995.12,51099.817
600611.SH,20240124,2.75,2.89,2.73,2.88,282500.19,79994.695
601916.SH,20240124,2.59,2.65,2.59,2.64,1578684.2,414112.796
300328.SZ,20240124,5.62,5.75,5.5,5.75,88395.7,50011.206
688585.SH,20240124,6.89,7.11,6.78,7.02,28231.11,19608.805
300724.SZ,20240124,67.45,68.74,64.4,66.25,86766.36,572717.839
603797.SH,20240124,5.01,5.07,4.84,5.06,51661.55,25662.641
300160.SZ,20240124,5.1,5.2,4.96,5.19,92266.55,47087.874
600538.SH,20240124,4.21,4.36,4.11,4.27,74228.35,31496.447
002715.SZ,20240124,13.25,13.67,12.84,13.54,19890.0,26440.15
605296.SH,20240124,27.5,28.36,26.72,28.01,24957.72,68493.174
000403.SZ,20240124,24.0,24.77,23.47,24.68,75063.95,181715.513
301519.SZ,20240124,17.1,17.3,16.53,17.24,12001.96,20424.946
600162.SH,20240124,1.63,1.7,1.63,1.7,249390.06,41556.063
688111.SH,20240124,238.0,241.56,230.01,239.4,42181.59,994576.657
920541.BJ,20240124,7.33,8.82,7.33,8.51,294998.49,248442.051
601999.SH,20240124,6.37,6.47,6.19,6.46,92598.47,58579.476
000793.SZ,20240124,2.02,2.05,1.95,2.05,735310.03,147466.546
688238.SH,20240124,7.36,7.45,7.0,7.32,56002.76,40298.145
300081.SZ,20240124,9.3,9.46,8.87,9.13,724533.39,661814.861
300492.SZ,20240124,79.0,82.48,78.17,79.71,8817.0,70645.373
301386.SZ,20240124,21.07,21.43,20.24,21.11,13482.11,28122.07
002990.SZ,20240124,25.19,25.29,24.27,25.08,43857.0,108452.633
000908.SZ,20240124,2.82,2.89,2.71,2.83,290423.34,81585.839
600885.SH,20240124,24.0,24.09,23.0,23.84,56079.34,132114.08
300960.SZ,20240124,18.74,19.33,18.02,18.97,14459.0,26887.396
301028.SZ,20240124,9.18,9.46,8.93,9.27,56055.71,51485.436
000553.SZ,20240124,6.15,6.27,6.02,6.27,37611.78,23190.16
920089.BJ,20240124,15.7,15.72,14.76,15.3,12036.2,18293.162
920363.BJ,20240124,18.35,18.5,17.32,18.23,11634.76,20845.416
002662.SZ,20240124,3.07,3.14,2.98,3.12,242557.29,74408.599
601117.SH,20240124,5.89,6.21,5.84,6.21,848157.12,511081.594
301255.SZ,20240124,33.73,34.0,32.5,33.67,11249.0,37584.857
688363.SH,20240124,66.9,67.3,64.51,67.3,22958.17,151655.524
300909.SZ,20240124,23.46,23.78,22.21,23.28,24454.53,55989.076
300422.SZ,20240124,5.2,5.35,5.09,5.34,48276.0,25205.599
600318.SH,20240124,9.27,10.31,9.07,10.31,2091012.61,2020010.712
002422.SZ,20240124,24.46,24.65,23.95,24.54,93620.85,227245.481
603408.SH,20240124,12.5,13.36,12.42,13.09,42874.0,55848.655
600559.SH,20240124,18.72,18.89,17.7,18.26,285250.37,518094.426
688287.SH,20240124,8.33,8.39,8.01,8.38,34731.74,28499.289
301291.SZ,20240124,29.88,30.15,28.93,29.68,31595.04,93075.59
688800.SH,20240124,31.07,31.64,29.45,30.58,15504.59,46903.809
002869.SZ,20240124,17.32,17.49,16.57,17.28,35810.0,61098.015
603002.SH,20240124,5.3,5.36,5.11,5.32,90863.99,47654.388
000031.SZ,20240124,2.73,2.84,2.71,2.83,190597.4,52972.114
002513.SZ,20240124,5.57,5.71,5.39,5.61,47524.05,26442.954
000413.SZ,20240124,1.84,1.87,1.8,1.86,620306.0,114304.589
000537.SZ,20240124,9.05,9.3,8.91,9.29,65129.0,59292.406
600348.SH,20240124,9.31,9.62,9.26,9.58,514527.34,486715.134
002197.SZ,20240124,9.54,9.68,9.06,9.62,299920.73,281990.51
920221.BJ,20240124,20.2,20.69,18.62,19.0,69510.95,135498.539
600206.SH,20240124,10.35,10.45,9.95,10.42,81147.34,83005.182
600479.SH,20240124,9.64,9.77,9.38,9.75,68112.41,65354.83
300107.SZ,20240124,4.41,4.54,4.35,4.52,72593.0,32426.891
000833.SZ,20240124,5.44,5.58,5.34,5.58,58981.9,32324.149
300275.SZ,20240124,9.51,9.6,9.0,9.52,71688.8,66576.757
600283.SH,20240124,11.45,11.57,11.07,11.56,30856.81,35045.189
002984.SZ,20240124,29.88,30.2,29.35,30.02,44202.39,131631.903
688018.SH,20240124,86.0,86.38,81.5,84.68,12160.86,101562.637
605299.SH,20240124,9.02,9.51,8.87,9.2,71080.0,65290.422
002621.SZ,20240124,2.63,2.75,2.62,2.75,153048.0,41124.043
601801.SH,20240124,6.35,6.5,6.22,6.49,239552.71,152299.207
300810.SZ,20240124,16.98,17.79,16.95,17.79,37485.01,65241.466
003008.SZ,20240124,23.07,23.7,22.53,23.53,11720.0,27227.119
300919.SZ,20240124,47.6,47.88,45.34,46.88,43524.87,202289.795
300865.SZ,20240124,17.78,18.33,17.27,18.15,10993.87,19663.016
300965.SZ,20240124,42.4,43.27,41.42,43.15,4891.35,20767.11
600962.SH,20240124,10.18,11.05,10.1,10.82,67909.18,71032.236
301256.SZ,20240124,7.19,7.34,7.03,7.31,35625.62,25698.057
300953.SZ,20240124,45.64,46.18,43.11,44.58,13814.88,61040.678
003025.SZ,20240124,12.5,12.71,12.14,12.61,158823.73,198412.497
301127.SZ,20240124,9.6,9.81,9.41,9.78,49067.0,47342.097
002434.SZ,20240124,6.04,6.13,5.79,6.03,170267.73,101514.777
920405.BJ,20240124,10.76,12.03,10.76,11.41,22218.57,25631.967
301276.SZ,20240124,21.59,22.33,21.12,21.84,8387.0,18294.321
002969.SZ,20240124,4.05,4.19,3.99,4.14,513217.34,210520.988
301566.SZ,20240124,20.0,20.26,19.19,20.12,67726.55,133941.36
300964.SZ,20240124,31.7,31.96,30.24,31.6,13261.69,41264.942
301107.SZ,20240124,25.07,25.92,24.42,25.46,13119.0,33035.346
688311.SH,20240124,36.4,36.6,34.0,35.14,41632.43,145073.376
301041.SZ,20240124,21.69,22.13,20.58,21.62,23082.06,49232.771
000816.SZ,20240124,2.67,2.72,2.63,2.72,109435.36,29314.69
301113.SZ,20240124,28.03,29.15,27.35,28.57,7986.0,22647.357
600598.SH,20240124,11.2,11.37,11.03,11.35,68082.21,76420.783
301517.SZ,20240124,44.11,44.81,42.65,44.5,14971.56,65411.151
003039.SZ,20240124,13.2,13.41,12.87,13.36,27634.93,36473.066
300272.SZ,20240124,5.45,5.59,5.26,5.46,108972.47,59176.716
300983.SZ,20240124,27.03,27.49,26.41,27.2,5771.4,15583.451
603039.SH,20240124,37.98,38.04,35.9,37.51,15384.6,56898.134
600802.SH,20240124,4.49,4.62,4.37,4.6,91322.14,41173.202
600661.SH,20240124,8.82,9.04,8.66,9.03,79511.1,70601.941
000428.SZ,20240124,3.8,3.97,3.77,3.93,374507.51,145308.9
605577.SH,20240124,26.06,28.92,25.46,28.0,384423.56,1048628.976
300497.SZ,20240124,7.9,8.04,7.61,7.91,51595.08,40535.431
300320.SZ,20240124,6.56,6.65,6.29,6.54,53422.0,34618.026
603551.SH,20240124,9.44,9.86,9.38,9.72,64353.6,61689.897
002857.SZ,20240124,13.65,14.2,13.35,13.89,18921.49,26088.67
603683.SH,20240124,9.44,9.97,9.36,9.69,60886.84,58862.933
688556.SH,20240124,32.98,32.98,30.49,31.77,106189.29,334216.554
688701.SH,20240124,7.85,7.96,7.51,7.86,18406.01,14269.055
002609.SZ,20240124,8.74,8.89,8.45,8.72,139151.96,120994.485
002606.SZ,20240124,7.4,7.67,7.36,7.6,105166.5,79109.422
300628.SZ,20240124,26.39,27.33,25.98,27.2,90574.98,241437.921
603596.SH,20240124,57.69,58.55,55.35,57.61,58562.08,332872.724
688616.SH,20240124,11.42,11.71,10.91,11.33,19270.62,21737.33
603929.SH,20240124,20.59,20.66,19.81,20.29,43238.0,87247.065
600100.SH,20240124,6.08,6.21,5.9,6.2,431779.14,262867.784
688456.SH,20240124,23.38,23.88,22.25,23.88,12396.68,28556.836
301217.SZ,20240124,9.98,10.08,9.6,10.03,33823.8,33379.948
002946.SZ,20240124,9.84,10.02,9.56,9.98,52381.02,51509.443
601727.SH,20240124,3.89,4.0,3.86,3.99,318094.11,125109.985
001288.SZ,20240124,14.69,15.01,14.1,14.65,17485.0,25321.401
600376.SH,20240124,2.73,2.85,2.71,2.85,241108.62,66987.752
002622.SZ,20240124,2.78,2.92,2.75,2.87,169172.1,48135.534
688677.SH,20240124,49.76,51.6,48.36,49.21,13870.06,69220.697
600094.SH,20240124,2.88,2.95,2.86,2.95,247594.15,72102.15
300758.SZ,20240124,8.27,8.46,7.97,8.25,36019.4,29555.384
605016.SH,20240124,26.72,26.82,25.51,26.55,12687.32,33215.038
920273.BJ,20240124,13.88,14.25,13.53,14.07,7737.96,10787.929
301120.SZ,20240124,9.32,9.53,9.03,9.37,38291.0,35582.303
605318.SH,20240124,14.27,14.97,14.25,14.78,39930.0,58465.563
600331.SH,20240124,4.57,4.69,4.43,4.62,295622.0,135443.913
300111.SZ,20240124,2.73,2.76,2.62,2.75,150982.0,40852.209
605337.SH,20240124,12.15,12.33,11.75,12.29,24455.8,29573.483
688361.SH,20240124,61.2,61.38,57.72,60.38,20224.04,120353.863
002998.SZ,20240124,6.86,7.06,6.61,6.91,66961.05,45829.252
603658.SH,20240124,47.29,47.79,45.74,46.6,34210.68,159173.488
605319.SH,20240124,21.41,22.53,21.21,21.88,38066.69,83258.904
000875.SZ,20240124,3.92,4.01,3.84,4.0,197878.1,77809.404
601816.SH,20240124,4.71,4.84,4.67,4.84,1300835.21,618553.754
601198.SH,20240124,7.54,7.87,7.37,7.79,325917.4,248050.447
300597.SZ,20240124,7.74,7.89,7.45,7.82,65585.65,50432.351
300908.SZ,20240124,36.39,37.23,35.37,36.78,8368.84,30414.798
920017.BJ,20240124,13.56,13.61,12.93,13.31,21332.35,28219.153
002683.SZ,20240124,17.23,17.6,16.8,17.52,78269.56,135091.426
603678.SH,20240124,21.8,21.98,20.8,21.7,21412.87,45716.814
002073.SZ,20240124,5.53,5.63,5.38,5.6,155209.54,85797.332
688087.SH,20240124,22.61,22.99,20.91,21.66,16781.57,36442.378
000931.SZ,20240124,5.04,5.13,4.9,5.1,110910.3,55664.921
002884.SZ,20240124,16.59,17.21,16.53,17.05,20555.3,34808.486
688521.SH,20240124,39.82,40.25,38.0,39.41,40227.34,156499.346
002069.SZ,20240124,3.84,3.96,3.79,3.95,106213.0,41196.333
000623.SZ,20240124,14.21,14.49,13.86,14.46,115421.38,163795.921
688005.SH,20240124,33.18,33.26,31.75,32.76,48513.07,157755.174
601279.SH,20240124,5.02,5.11,4.89,5.09,71314.0,35784.849
002712.SZ,20240124,4.75,4.81,4.6,4.8,159067.5,75131.918
002735.SZ,20240124,11.27,11.65,10.83,11.23,92423.88,103588.491
002400.SZ,20240124,4.93,5.04,4.85,5.04,586070.11,290252.885
688573.SH,20240124,22.72,23.17,21.88,22.83,7097.75,16047.819
600011.SH,20240124,8.29,8.47,8.21,8.45,427293.42,356688.865
000603.SZ,20240124,9.3,9.42,8.98,9.34,87351.85,80597.119
920981.BJ,20240124,18.07,18.64,17.17,17.84,39547.81,70195.25
603011.SH,20240124,6.19,6.27,5.99,6.19,109751.17,67410.058
920179.BJ,20240124,19.35,19.37,17.96,18.72,12488.89,23002.127
300394.SZ,20240124,98.0,98.79,92.17,96.53,164903.16,1575144.271
600596.SH,20240124,8.09,8.24,7.89,8.18,69588.45,56326.218
000672.SZ,20240124,7.36,7.53,7.18,7.5,63124.0,46516.518
002997.SZ,20240124,25.68,26.18,24.78,25.7,45131.08,115283.097
605011.SH,20240124,23.38,23.78,21.7,22.76,60134.0,136643.679
300187.SZ,20240124,4.66,4.75,4.57,4.75,43947.0,20543.102
301081.SZ,20240124,9.55,9.9,9.28,9.66,18620.0,17817.284
688568.SH,20240124,40.8,41.72,39.61,41.41,11532.3,46973.668
000639.SZ,20240124,3.79,3.89,3.71,3.89,102949.28,39274.244
603661.SH,20240124,49.93,51.98,48.03,49.91,31983.11,159761.205
301130.SZ,20240124,22.96,23.46,22.27,23.2,8529.74,19505.088
002787.SZ,20240124,7.49,7.73,7.2,7.55,57978.86,43196.302
300743.SZ,20240124,11.25,11.54,10.92,11.46,41599.31,46869.43
603656.SH,20240124,12.82,13.55,12.71,13.15,136728.31,178543.892
600847.SH,20240124,9.82,9.97,9.45,9.84,35643.1,34705.752
000089.SZ,20240124,6.24,6.4,6.16,6.39,123771.32,77867.758
688008.SH,20240124,54.33,54.5,50.1,51.97,132364.34,684736.426
002935.SZ,20240124,15.37,15.79,14.91,15.61,32464.0,49688.227
603053.SH,20240124,9.31,9.4,9.05,9.4,37728.69,34970.94
002213.SZ,20240124,11.58,11.65,11.04,11.45,31738.0,35980.889
300247.SZ,20240124,3.35,3.43,3.21,3.37,181242.88,60314.664
000503.SZ,20240124,10.42,10.49,10.02,10.44,133643.97,137306.454
603121.SH,20240124,8.02,8.19,7.82,8.17,79300.3,63748.807
002806.SZ,20240124,10.5,10.74,10.19,10.66,50013.23,52528.499
688128.SH,20240124,16.31,17.09,16.1,16.93,33748.49,55815.708
603677.SH,20240124,12.53,12.72,12.06,12.64,31623.67,39308.907
600975.SH,20240124,10.09,10.16,9.58,9.99,186880.31,183945.386
300175.SZ,20240124,5.25,6.18,5.22,6.13,277283.77,159574.17
688660.SH,20240124,4.37,4.45,4.24,4.43,48424.54,21093.281
300293.SZ,20240124,12.2,12.48,11.89,12.48,73846.17,90504.41
603375.SH,20240124,65.0,67.0,57.8,58.95,142078.0,873314.252
002210.SZ,20240124,1.64,1.7,1.64,1.7,216909.26,36261.534
301129.SZ,20240124,21.34,21.48,19.97,20.81,14752.2,30347.225
600243.SH,20240124,4.92,5.24,4.92,5.17,655624.01,334756.392
600250.SH,20240124,9.58,9.88,9.47,9.78,169269.01,164414.316
300127.SZ,20240124,14.36,14.5,13.81,14.44,24155.29,34231.176
600266.SH,20240124,4.19,4.26,4.02,4.21,687981.52,284186.04
002515.SZ,20240124,5.09,5.15,4.9,5.12,84465.28,42499.3
002580.SZ,20240124,7.36,7.44,7.07,7.37,98486.11,71563.174
301231.SZ,20240124,21.34,21.67,20.71,21.62,18066.0,38527.574
002668.SZ,20240124,6.18,6.5,6.17,6.42,133747.93,84638.96
603010.SH,20240124,9.31,9.38,9.0,9.36,26685.05,24626.054
601212.SH,20240124,2.43,2.49,2.38,2.48,310367.0,75696.737
300391.SZ,20240124,6.44,6.6,6.26,6.51,65603.16,42282.536
600396.SH,20240124,2.58,2.61,2.54,2.6,72859.02,18811.425
688234.SH,20240124,56.53,57.3,53.72,55.4,27793.25,153134.634
688226.SH,20240124,16.18,16.5,15.0,15.73,58117.92,90776.67
300305.SZ,20240124,8.17,8.35,7.89,8.18,33324.0,27033.495
002936.SZ,20240124,1.97,2.02,1.96,2.01,638694.12,126948.13
300851.SZ,20240124,26.89,27.65,26.3,27.33,14582.7,39298.162
920680.BJ,20240124,20.84,21.1,19.65,20.59,18523.87,37634.348
301066.SZ,20240124,11.07,11.41,10.8,11.25,32813.0,36536.883
002694.SZ,20240124,5.19,5.35,5.13,5.34,48080.0,25281.931
920753.BJ,20240124,21.7,28.43,21.3,25.0,139330.36,339596.059
002115.SZ,20240124,6.19,6.32,6.01,6.3,178129.21,110338.736
002235.SZ,20240124,5.83,5.98,5.71,5.98,268283.53,157838.216
603332.SH,20240124,9.44,9.72,9.09,9.48,76838.52,72135.482
000411.SZ,20240124,10.06,10.35,9.93,10.35,43903.4,44542.613
002921.SZ,20240124,13.67,13.95,13.21,13.83,28836.0,39233.975
300022.SZ,20240124,4.25,4.41,4.21,4.4,123410.08,53290.128
688499.SH,20240124,31.04,31.54,29.1,30.69,27917.46,84273.847
300265.SZ,20240124,7.05,7.2,6.9,7.12,145419.78,102529.349
300580.SZ,20240124,24.11,24.29,22.78,23.64,62342.0,145543.671
003033.SZ,20240124,29.93,29.93,27.86,28.6,11148.79,32013.725
601990.SH,20240124,7.66,7.89,7.43,7.8,310377.91,238813.432
603067.SH,20240124,8.8,9.04,8.54,8.94,56324.75,49560.691
603129.SH,20240124,95.2,95.8,91.21,95.65,9976.48,93845.062
300610.SZ,20240124,10.03,10.18,9.65,9.97,33929.2,33655.271
600235.SH,20240124,5.39,5.56,5.26,5.49,89021.0,48227.025
688256.SH,20240124,133.3,134.67,126.33,131.6,82017.38,1071366.121
600983.SH,20240124,8.55,8.8,8.29,8.57,22617.47,19364.086
600269.SH,20240124,3.86,4.05,3.85,4.05,239764.0,94867.692
300006.SZ,20240124,3.18,3.25,3.12,3.25,139999.0,44681.055
603978.SH,20240124,13.95,14.65,13.4,13.91,30523.19,42902.475
002023.SZ,20240124,7.8,7.89,7.52,7.84,88735.0,68752.946
300867.SZ,20240124,13.59,13.75,13.11,13.49,21622.0,29027.018
605060.SH,20240124,15.58,15.77,14.97,15.64,17097.75,26361.918
603682.SH,20240124,5.25,5.58,5.23,5.55,159816.0,87029.867
603806.SH,20240124,25.9,26.2,24.7,25.36,170723.54,431662.885
300459.SZ,20240124,4.25,4.29,4.11,4.27,1076399.41,453297.12
300170.SZ,20240124,6.76,6.94,6.58,6.94,170839.61,115628.415
605108.SH,20240124,29.96,30.47,28.83,29.96,17547.44,51946.135
300841.SZ,20240124,58.55,59.47,55.99,59.0,21113.02,122355.477
600682.SH,20240124,6.32,6.44,6.17,6.41,121647.94,76888.26
300649.SZ,20240124,14.14,14.6,13.98,14.6,25961.0,37260.345
301362.SZ,20240124,34.1,34.75,32.81,34.0,9595.75,32417.123
605368.SH,20240124,11.14,11.27,10.9,11.21,41910.2,46574.02
300118.SZ,20240124,16.45,16.52,15.59,16.17,329965.59,528928.273
300951.SZ,20240124,46.59,46.83,44.3,45.96,14685.75,66871.208
600052.SH,20240124,3.98,4.17,3.93,4.17,114257.82,46351.126
601333.SH,20240124,2.58,2.71,2.57,2.7,692996.0,183207.696
600078.SH,20240124,7.01,7.1,6.59,6.76,114371.0,76950.874
002920.SZ,20240124,98.64,99.86,94.5,97.9,40865.92,395320.44
000632.SZ,20240124,4.01,4.16,3.97,4.15,154609.25,63300.755
600993.SH,20240124,22.12,22.33,21.32,22.21,41766.71,91059.875
000778.SZ,20240124,3.52,3.62,3.51,3.62,347093.14,123602.595
002554.SZ,20240124,2.76,2.83,2.71,2.83,133445.0,37049.819
600072.SH,20240124,15.25,15.99,15.17,15.9,295909.56,461031.857
600498.SH,20240124,14.1,14.15,13.55,14.13,115133.85,159755.106
688608.SH,20240124,124.68,124.85,117.67,121.57,7512.26,90672.768
300445.SZ,20240124,17.06,17.09,16.08,16.75,67512.6,111883.903
603811.SH,20240124,8.25,8.36,7.85,8.11,89547.76,72208.545
300573.SZ,20240124,149.02,149.55,142.25,148.7,28391.38,413611.133
600310.SH,20240124,3.28,3.39,3.23,3.39,215839.84,71611.31
301528.SZ,20240124,56.59,57.36,54.3,56.5,5439.86,30405.106
605158.SH,20240124,7.05,7.23,6.89,7.23,91079.7,64557.334
603950.SH,20240124,14.14,14.36,13.6,14.2,70242.86,98387.691
001259.SZ,20240124,32.65,33.18,31.9,32.32,22915.0,74420.584
688370.SH,20240124,22.46,22.48,21.41,22.37,2163.94,4753.797
301079.SZ,20240124,14.07,14.48,13.7,14.43,12269.87,17339.322
600252.SH,20240124,2.24,2.29,2.19,2.28,339263.4,76113.561
603296.SH,20240124,67.3,67.6,64.8,67.23,14100.22,93568.651
601882.SH,20240124,22.59,22.69,21.62,22.26,17785.92,39208.723
600773.SH,20240124,9.83,9.98,9.41,9.81,57910.63,56180.655
603191.SH,20240124,15.18,15.38,14.46,15.04,92361.63,137066.33
605003.SH,20240124,18.31,19.28,18.2,18.87,26723.35,50269.278
600130.SH,20240124,4.01,4.06,3.85,4.02,199101.64,78970.403
301085.SZ,20240124,48.08,48.28,46.07,48.16,16930.12,80065.883
600226.SH,20240124,2.48,2.52,2.43,2.52,121684.52,30167.283
603330.SH,20240124,7.02,7.14,6.86,7.01,163231.17,113666.454
600060.SH,20240124,20.08,21.0,20.07,20.89,87162.29,180024.991
300499.SZ,20240124,11.44,11.47,10.84,11.19,89179.0,99143.266
600713.SH,20240124,4.37,4.46,4.29,4.46,85057.0,37266.123
920266.BJ,20240124,9.95,10.45,9.92,10.36,54768.68,55894.653
603070.SH,20240124,13.63,13.97,13.37,13.84,20381.0,27926.732
002251.SZ,20240124,3.86,3.87,3.64,3.73,214696.75,80281.53
300571.SZ,20240124,27.1,28.1,26.42,27.46,33700.0,91877.37
688318.SH,20240124,112.6,121.99,108.66,121.0,50368.28,579635.716
300815.SZ,20240124,13.0,13.29,12.69,13.24,37222.75,48544.37
300215.SZ,20240124,4.38,4.47,4.27,4.44,58575.97,25637.76
301213.SZ,20240124,33.0,33.0,31.28,32.63,8737.0,28076.753
300073.SZ,20240124,34.97,35.15,33.3,34.35,74405.64,253265.764
688107.SH,20240124,29.86,30.15,28.35,29.9,16664.62,48687.402
301289.SZ,20240124,43.89,45.87,43.04,43.96,23005.75,101972.83
001225.SZ,20240124,34.76,35.37,33.79,35.08,3842.0,13344.029
000523.SZ,20240124,2.95,3.04,2.93,3.02,293918.13,87732.408
601933.SH,20240124,2.55,2.61,2.52,2.61,432917.28,111513.697
301089.SZ,20240124,46.4,46.93,43.94,45.8,35886.32,162705.348
301022.SZ,20240124,22.29,22.58,21.42,22.44,9603.51,21186.079
002923.SZ,20240124,9.93,10.19,9.59,9.94,33653.4,33121.436
002461.SZ,20240124,7.27,7.47,7.21,7.44,51553.18,37871.019
300204.SZ,20240124,8.33,8.51,8.05,8.41,48275.73,40071.115
605255.SH,20240124,19.0,19.87,18.85,19.75,130413.03,252575.263
300712.SZ,20240124,22.05,22.05,20.94,21.77,14977.0,32143.95
605077.SH,20240124,19.74,19.93,19.0,19.68,9302.56,18118.321
300998.SZ,20240124,22.34,22.53,21.31,22.36,28756.0,63359.585
002908.SZ,20240124,9.8,9.93,9.4,9.9,94247.6,91394.471
300421.SZ,20240124,9.64,10.07,9.46,9.78,111295.8,108392.406
000419.SZ,20240124,4.99,5.19,4.92,5.19,113878.01,57799.305
300244.SZ,20240124,19.58,19.76,18.65,19.18,59456.0,113621.308
920508.BJ,20240124,13.43,13.64,12.7,13.2,32607.02,42750.86
301106.SZ,20240124,38.3,38.65,35.21,37.63,13839.0,50715.338
600557.SH,20240124,18.2,18.36,17.22,17.83,74615.12,131845.39
000733.SZ,20240124,47.62,47.89,45.8,47.74,79923.8,374606.989
300665.SZ,20240124,7.49,7.79,7.38,7.7,68940.84,52448.049
603822.SH,20240124,23.8,24.12,22.56,23.42,10815.45,25241.565
601077.SH,20240124,4.08,4.2,4.07,4.19,709477.59,293096.899
001236.SZ,20240124,9.98,10.98,9.76,10.98,232162.68,243210.911
001378.SZ,20240124,32.59,33.12,31.51,32.69,18978.18,61508.951
920208.BJ,20240124,43.43,43.43,41.0,42.0,1973.0,8296.387
300534.SZ,20240124,8.33,8.51,8.12,8.49,74580.0,62219.363
300300.SZ,20240124,3.27,3.38,3.25,3.37,216202.01,71664.228
600486.SH,20240124,55.47,55.8,53.22,54.09,19244.85,104360.968
002641.SZ,20240124,5.23,5.41,5.14,5.28,734420.15,386815.406
601975.SH,20240124,3.02,3.12,3.0,3.1,745631.58,228625.86
601728.SH,20240124,5.25,5.4,5.24,5.39,1305153.97,696620.803
300962.SZ,20240124,14.13,15.46,13.49,15.0,80781.9,115886.191
002562.SZ,20240124,3.47,3.52,3.39,3.51,73225.52,25341.021
002093.SZ,20240124,6.61,6.73,6.5,6.71,92388.37,61410.05
002965.SZ,20240124,34.82,35.09,33.1,34.21,36270.6,123641.048
300642.SZ,20240124,14.67,14.86,14.08,14.68,17892.8,25871.274
601868.SH,20240124,2.04,2.1,2.02,2.1,2399211.6,494034.874
002717.SZ,20240124,2.67,2.7,2.61,2.69,203091.84,54106.717
688301.SH,20240124,255.63,257.6,246.0,254.2,7856.03,197862.79
600282.SH,20240124,3.47,3.58,3.43,3.54,348985.76,121727.798
300813.SZ,20240124,20.13,20.6,19.44,20.17,9001.82,18056.904
603176.SH,20240124,5.52,5.7,5.44,5.69,40777.0,22785.973
603326.SH,20240124,8.44,8.8,8.29,8.57,65314.0,55899.252
600117.SH,20240124,2.89,2.93,2.86,2.92,23649.0,6845.38
688662.SH,20240124,29.0,29.45,27.0,28.14,12510.35,34947.549
601089.SH,20240124,15.35,15.44,14.8,15.3,22722.96,34388.685
000828.SZ,20240124,9.55,10.02,9.34,9.81,179621.95,173803.139
600351.SH,20240124,6.07,6.15,5.66,6.03,277658.29,164016.748
300783.SZ,20240124,17.24,18.3,17.24,18.06,125155.0,222137.768
301123.SZ,20240124,18.07,18.26,17.17,17.97,23768.05,42113.475
002800.SZ,20240124,15.43,15.55,14.88,15.52,10298.0,15655.283
300264.SZ,20240124,7.8,8.39,7.8,8.15,608790.8,495065.323
600236.SH,20240124,5.38,5.48,5.36,5.48,126708.62,68895.835
300021.SZ,20240124,4.16,4.27,4.07,4.26,106982.6,44620.411
300123.SZ,20240124,5.78,5.91,5.6,5.91,302506.07,174499.768
002493.SZ,20240124,9.45,9.5,9.2,9.5,253536.85,238151.527
688187.SH,20240124,33.35,33.49,32.32,33.4,35877.2,118014.529
601800.SH,20240124,6.97,7.5,6.95,7.5,948185.79,688388.224
000882.SZ,20240124,1.65,1.69,1.6,1.69,971920.01,160719.836
603378.SH,20240124,7.29,7.49,7.12,7.45,49193.1,36031.22
300212.SZ,20240124,23.37,23.79,22.47,23.53,166645.83,384571.74
000739.SZ,20240124,13.35,13.56,12.82,13.29,86221.0,113518.032
301233.SZ,20240124,35.45,36.3,34.26,35.77,8759.62,30999.985
002360.SZ,20240124,6.47,6.53,6.09,6.39,61705.55,39183.104
688303.SH,20240124,28.91,29.01,25.88,27.24,194101.89,525858.573
920368.BJ,20240124,37.16,37.33,35.95,36.33,6833.41,24809.351
000700.SZ,20240124,5.61,5.72,5.42,5.67,174456.0,97609.092
002103.SZ,20240124,8.02,8.55,8.02,8.29,1242639.6,1042343.559
688191.SH,20240124,14.88,15.03,14.09,14.68,32471.55,47020.162
603217.SH,20240124,17.6,18.62,17.6,18.19,148166.91,267386.867
002972.SZ,20240124,9.91,10.08,9.45,9.91,46393.6,45308.67
600156.SH,20240124,5.85,6.3,5.85,5.89,1160175.61,689558.279
301288.SZ,20240124,16.31,16.63,15.8,16.32,10036.71,16264.296
002058.SZ,20240124,11.12,11.6,10.9,11.38,37153.73,41985.175
688047.SH,20240124,90.0,92.88,88.33,92.2,45471.45,413168.075
600367.SH,20240124,11.15,11.25,10.86,11.16,20759.0,23004.057
600118.SH,20240124,23.15,23.68,22.7,23.55,86441.88,200244.76
300636.SZ,20240124,8.6,8.68,8.26,8.55,36842.0,31239.447
600155.SH,20240124,7.66,8.03,7.43,7.92,775992.0,598302.137
000010.SZ,20240124,2.54,2.79,2.54,2.79,851069.4,232261.433
605178.SH,20240124,18.3,18.49,17.61,18.25,20202.6,36602.726
600558.SH,20240124,3.73,3.82,3.62,3.75,123603.5,45960.455
601005.SH,20240124,1.29,1.32,1.26,1.31,700155.38,90423.603
603528.SH,20240124,7.53,7.66,7.3,7.59,106206.8,79691.089
000637.SZ,20240124,2.84,2.98,2.82,2.94,35251.12,10169.425
688227.SH,20240124,15.5,15.8,14.85,15.5,11396.63,17351.977
603277.SH,20240124,23.01,23.49,22.65,23.33,11764.55,27141.081
688221.SH,20240124,8.0,8.1,7.68,7.96,40266.23,31681.26
603648.SH,20240124,10.27,10.27,10.27,10.27,89505.0,91921.635
600222.SH,20240124,5.2,5.29,5.07,5.26,129025.65,67068.178
688035.SH,20240124,40.88,41.33,38.45,39.8,20166.76,79818.635
600725.SH,20240124,2.62,2.67,2.55,2.66,167964.0,44066.386
603708.SH,20240124,11.41,11.8,11.23,11.65,43818.29,50561.172
600521.SH,20240124,12.43,12.56,12.23,12.55,91843.82,114321.806
003040.SZ,20240124,15.7,15.88,15.03,15.83,79632.72,123940.876
601577.SH,20240124,6.98,7.1,6.91,7.08,199578.93,140017.795
601633.SH,20240124,22.65,22.7,21.6,22.15,199995.76,439777.675
688193.SH,20240124,36.55,37.27,34.62,36.1,3090.56,11116.921
603057.SH,20240124,20.6,21.4,20.6,21.4,19369.44,40639.834
688023.SH,20240124,76.4,77.64,73.24,76.65,13764.89,103694.15
301053.SZ,20240124,22.72,23.17,21.84,22.7,9916.19,22235.133
001318.SZ,20240124,11.9,12.67,11.53,12.54,69520.42,84236.559
000757.SZ,20240124,4.17,4.28,4.06,4.23,117930.0,49310.184
000967.SZ,20240124,4.39,4.5,4.33,4.49,133000.06,58853.124
600262.SH,20240124,16.14,16.6,15.87,16.58,26810.0,43391.815
600132.SH,20240124,59.64,59.96,57.32,58.55,38777.7,226748.29
301372.SZ,20240124,36.4,37.5,35.81,37.31,11090.05,40743.131
000690.SZ,20240124,4.49,4.54,4.38,4.53,288184.23,128839.478
688041.SH,20240124,72.11,73.59,69.88,72.9,181148.19,1302639.457
600316.SH,20240124,16.38,16.65,15.93,16.57,50850.57,82744.515
600176.SH,20240124,8.8,9.08,8.65,9.03,295154.48,261804.537
301300.SZ,20240124,26.67,27.24,25.75,26.77,5934.18,15690.42
300174.SZ,20240124,14.59,14.85,14.01,14.35,34602.89,49672.312
603369.SH,20240124,42.44,42.65,41.32,42.12,60331.22,253251.116
000989.SZ,20240124,8.61,8.77,8.34,8.73,116620.16,100149.693
600085.SH,20240124,50.27,51.1,49.8,51.02,62868.68,318504.529
600487.SH,20240124,11.02,11.15,10.76,11.12,274183.5,300764.657
000957.SZ,20240124,7.83,8.03,7.65,7.96,129447.6,101795.849
301177.SZ,20240124,25.88,26.28,24.76,25.95,12189.21,31239.32
600287.SH,20240124,5.49,5.68,5.39,5.66,107956.0,59997.88
605068.SH,20240124,18.34,19.06,18.07,18.81,11681.98,21764.598
688070.SH,20240124,28.0,29.48,27.77,29.0,4679.67,13397.983
601825.SH,20240124,6.26,6.28,6.17,6.26,296226.85,184717.471
301199.SZ,20240124,21.29,21.48,20.25,21.17,13021.95,27135.473
002054.SZ,20240124,5.96,6.07,5.77,6.02,38967.4,23095.886
000626.SZ,20240124,6.43,6.7,6.39,6.7,52799.02,34472.8
002170.SZ,20240124,5.0,5.2,4.89,5.15,124105.62,62723.163
688560.SH,20240124,15.8,15.92,14.99,15.61,45487.57,70376.507
600863.SH,20240124,3.85,3.95,3.84,3.94,755853.42,293773.427
601038.SH,20240124,12.88,13.39,12.76,13.37,45353.0,59227.669
688517.SH,20240124,12.89,13.17,12.4,12.9,28975.2,36913.217
002236.SZ,20240124,16.86,16.95,16.21,16.84,316814.25,526890.8
301515.SZ,20240124,24.03,24.39,23.41,24.39,8624.12,20729.641
002041.SZ,20240124,11.08,11.19,10.66,11.1,76870.74,84283.551
601108.SH,20240124,7.09,7.44,7.01,7.38,558207.55,402965.351
002357.SZ,20240124,6.35,6.76,6.35,6.62,328569.91,215325.993
920765.BJ,20240124,9.34,9.7,8.95,9.02,35490.3,32899.281
300979.SZ,20240124,52.06,54.93,51.5,54.35,30674.53,164589.023
600362.SH,20240124,17.13,17.5,16.86,17.5,126268.98,216957.928
300869.SZ,20240124,18.22,18.47,17.74,18.39,20520.73,37288.508
920690.BJ,20240124,16.38,16.4,15.68,16.21,14499.96,23237.3
603825.SH,20240124,9.85,9.94,9.48,9.86,59634.0,57988.45
688443.SH,20240124,32.05,32.62,30.62,32.0,15999.34,50833.242
000488.SZ,20240124,3.57,3.63,3.48,3.63,147076.44,52497.556
603556.SH,20240124,32.0,32.03,30.08,30.77,82157.75,252989.541
000698.SZ,20240124,3.72,3.82,3.67,3.81,236619.5,88910.866
600782.SH,20240124,3.21,3.3,3.16,3.3,405119.68,131061.077
920270.BJ,20240124,16.7,16.74,15.1,15.84,34688.98,54841.651
002636.SZ,20240124,7.18,7.35,6.96,7.26,52316.0,37403.076
301456.SZ,20240124,27.23,27.54,25.8,26.98,17729.18,47279.504
300725.SZ,20240124,31.99,32.28,30.59,31.98,28460.3,89476.758
300466.SZ,20240124,5.84,5.99,5.66,5.98,88368.8,51735.553
688489.SH,20240124,38.35,38.35,36.0,37.5,10248.6,38001.226
688161.SH,20240124,33.25,33.84,32.08,33.4,5744.85,18884.197
000592.SZ,20240124,2.65,2.72,2.58,2.68,1578986.77,419059.077
301529.SZ,20240124,31.97,32.34,30.75,31.78,10942.34,34519.943
601003.SH,20240124,2.87,2.94,2.81,2.93,125385.4,36121.456
600028.SH,20240124,5.28,5.46,5.28,5.46,1725658.93,927559.759
300306.SZ,20240124,9.76,9.95,9.38,9.78,40310.19,38884.843
600169.SH,20240124,2.14,2.21,2.11,2.21,246842.8,53363.213
000155.SZ,20240124,11.56,11.67,11.02,11.53,183857.15,209123.267
920779.BJ,20240124,30.9,31.22,29.31,30.3,4625.75,13872.921
300262.SZ,20240124,2.6,2.71,2.58,2.71,226624.6,59991.959
600455.SH,20240124,21.22,21.79,20.72,21.74,21997.0,46970.172
300668.SZ,20240124,22.86,23.86,22.41,23.37,14713.5,34044.494
600873.SH,20240124,9.94,10.17,9.85,10.07,196075.0,196718.319
301260.SZ,20240124,14.8,14.95,13.91,14.56,44422.65,63850.639
601020.SH,20240124,9.15,9.35,8.99,9.26,312365.79,286963.531
300640.SZ,20240124,5.45,5.71,5.38,5.64,95102.0,52599.68
603716.SH,20240124,9.25,9.68,9.13,9.5,59483.5,56015.44
300594.SZ,20240124,17.14,17.7,16.71,17.48,26060.0,44913.187
688069.SH,20240124,18.1,18.11,16.4,17.7,11391.38,19693.887
600062.SH,20240124,16.9,17.14,16.4,17.05,73181.0,123055.728
300176.SZ,20240124,5.7,5.78,5.42,5.69,50525.44,28333.23
603896.SH,20240124,27.89,28.22,26.82,27.79,16614.1,45730.679
603209.SH,20240124,13.75,14.08,13.42,13.83,26942.6,37039.654
301568.SZ,20240124,35.3,35.7,33.92,35.7,21517.02,74951.548
300884.SZ,20240124,11.56,12.2,11.42,11.9,137514.13,162407.395
002123.SZ,20240124,8.8,8.96,8.51,8.93,187467.53,164143.291
000017.SZ,20240124,13.42,14.05,12.2,12.3,1403370.55,1856065.949
688681.SH,20240124,12.24,12.59,11.7,12.21,25120.41,30346.524
002172.SZ,20240124,3.46,3.8,3.43,3.8,322399.01,119992.141
600148.SH,20240124,14.21,14.72,14.0,14.7,41632.01,59726.185
688080.SH,20240124,34.6,34.68,31.81,33.3,10847.16,35800.066
300755.SZ,20240124,16.8,16.9,15.95,16.83,32399.8,53306.662
600603.SH,20240124,7.22,7.29,6.96,7.2,107307.76,76600.548
605507.SH,20240124,15.58,15.62,14.9,15.37,23837.12,36383.73
600448.SH,20240124,2.85,3.19,2.78,3.06,957888.0,291770.878
601929.SH,20240124,1.66,1.7,1.63,1.69,701855.44,116865.0
600648.SH,20240124,9.43,10.4,9.39,10.4,248918.93,254107.696
603097.SH,20240124,22.3,22.98,21.38,22.12,118533.0,262956.842
300510.SZ,20240124,4.97,5.05,4.78,4.99,119957.0,58997.888
300614.SZ,20240124,15.76,15.99,15.08,15.74,22422.0,34849.813
688062.SH,20240124,26.98,27.22,25.87,26.71,23109.67,61432.418
002629.SZ,20240124,3.38,3.56,3.38,3.54,150161.0,52454.46
920260.BJ,20240124,8.83,8.95,8.39,8.66,19092.03,16424.907
300519.SZ,20240124,13.81,14.19,13.52,13.95,22441.0,31181.349
603813.SH,20240124,14.7,15.74,14.26,15.74,20196.0,29907.707
600211.SH,20240124,42.08,42.79,40.75,42.09,21295.26,89064.118
301000.SZ,20240124,15.69,15.97,15.0,15.54,21784.04,33780.417
603876.SH,20240124,10.29,10.37,9.78,10.16,108424.78,108747.692
688066.SH,20240124,24.8,25.82,24.14,25.23,103886.0,258580.813
603803.SH,20240124,6.92,7.11,6.73,7.07,69383.98,48218.757
600884.SH,20240124,11.41,11.54,10.86,11.37,162309.8,181697.398
002062.SZ,20240124,3.97,4.09,3.91,4.09,80627.8,32340.165
000016.SZ,20240124,3.52,3.8,3.52,3.69,445212.32,162129.229
300854.SZ,20240124,14.72,15.23,14.44,15.02,22146.2,32838.778
300899.SZ,20240124,25.55,30.97,25.31,30.97,177606.03,538430.745
603258.SH,20240124,20.42,20.68,19.82,20.51,39976.82,80804.158
601872.SH,20240124,6.41,6.55,6.31,6.5,311433.15,200697.273
605118.SH,20240124,18.5,18.59,17.65,18.3,60679.35,109969.099
300770.SZ,20240124,33.58,33.97,32.43,33.65,23505.35,78079.277
000429.SZ,20240124,8.8,8.9,8.73,8.9,69155.62,61084.132
002350.SZ,20240124,5.55,5.69,5.36,5.61,102367.05,56671.462
601113.SH,20240124,3.76,4.2,3.76,4.06,1876590.63,749577.35
300263.SZ,20240124,5.94,6.05,5.79,6.04,72760.0,43170.289
000525.SZ,20240124,7.15,7.4,7.02,7.2,34533.0,24879.464
300790.SZ,20240124,12.8,12.94,12.33,12.8,42789.24,54159.342
688230.SH,20240124,34.19,34.2,32.11,33.45,5308.66,17589.754
601598.SH,20240124,5.04,5.44,5.04,5.42,403796.69,212678.729
300857.SZ,20240124,45.7,46.17,43.34,44.37,52562.97,233438.193
688188.SH,20240124,244.86,250.64,242.44,249.1,4124.14,102025.722
601966.SH,20240124,20.13,20.3,19.27,19.9,98077.87,193596.159
605128.SH,20240124,47.5,47.5,44.54,46.92,11434.86,53025.199
002871.SZ,20240124,9.7,10.04,9.43,9.84,28581.51,27807.675
688567.SH,20240124,13.68,13.68,12.94,13.3,74506.44,98532.177
300504.SZ,20240124,14.94,15.13,14.32,14.99,26057.0,38470.918
920247.BJ,20240124,24.15,24.68,22.35,23.47,49110.63,114794.138
002600.SZ,20240124,5.21,5.28,4.98,5.17,662040.23,337813.782
605189.SH,20240124,14.47,15.07,14.19,14.77,18231.8,26722.813
920171.BJ,20240124,9.79,9.87,9.08,9.3,47844.51,44956.719
600212.SH,20240124,6.45,6.64,6.0,6.21,154872.0,96762.426
603963.SH,20240124,10.0,10.28,9.73,10.28,26040.0,26113.012
601866.SH,20240124,2.25,2.35,2.24,2.35,534640.59,122465.933
002526.SZ,20240124,2.45,2.54,2.41,2.53,472188.27,117309.193
300762.SZ,20240124,11.28,11.42,10.58,11.09,252195.86,276657.772
001309.SZ,20240124,70.16,70.24,66.22,68.53,12604.2,85492.947
300217.SZ,20240124,4.65,4.7,4.5,4.69,176447.0,81511.02
000863.SZ,20240124,3.5,3.65,3.47,3.64,246006.96,87861.675
002571.SZ,20240124,6.4,6.92,6.36,6.65,403046.0,269339.965
002335.SZ,20240124,24.24,24.33,23.1,23.83,74471.39,176179.811
002991.SZ,20240124,73.9,74.61,70.55,73.02,11305.83,81811.031
688334.SH,20240124,14.48,15.14,14.28,15.07,24478.5,35944.882
301112.SZ,20240124,23.8,23.91,22.84,23.73,9032.99,21174.162
600657.SH,20240124,3.22,3.39,3.22,3.38,248828.71,82373.41
002233.SZ,20240124,6.71,6.93,6.65,6.9,94240.68,63885.186
603606.SH,20240124,38.8,39.68,37.2,38.27,72902.95,278612.734
002865.SZ,20240124,73.94,74.79,70.56,72.49,167678.02,1215474.23
301067.SZ,20240124,28.36,29.94,28.1,29.9,21553.04,62301.031
002029.SZ,20240124,5.29,5.46,5.2,5.4,93233.34,49830.115
300806.SZ,20240124,10.72,10.9,10.08,10.57,54769.08,57111.63
920370.BJ,20240124,3.0,3.04,2.89,3.01,39917.16,11769.768
600586.SH,20240124,5.96,6.1,5.82,6.1,180901.71,108234.958
601939.SH,20240124,6.51,6.64,6.5,6.64,825658.47,542154.844
002506.SZ,20240124,2.49,2.52,2.43,2.51,547793.52,135810.213
600481.SH,20240124,7.67,7.69,7.3,7.58,239835.06,180348.718
600833.SH,20240124,10.88,11.35,10.8,11.29,44527.29,49743.841
002627.SZ,20240124,5.18,5.18,4.85,5.08,267394.68,133808.152
301091.SZ,20240124,20.07,20.95,19.79,20.67,68047.39,138324.082
000005.SZ,20240124,1.06,1.06,1.02,1.04,124612.1,12910.502
301063.SZ,20240124,18.08,18.56,17.6,18.34,19699.16,35605.995
688326.SH,20240124,83.67,84.99,78.87,82.5,12096.01,98257.64
002521.SZ,20240124,7.64,7.83,7.45,7.75,94696.86,72453.875
600520.SH,20240124,20.8,20.96,19.91,20.74,156241.0,319845.252
301191.SZ,20240124,77.9,78.8,74.15,77.27,15438.9,117708.93
603355.SH,20240124,19.39,19.97,19.16,19.69,12322.85,24093.046
300595.SZ,20240124,19.23,19.28,18.25,18.93,90653.59,169534.159
002911.SZ,20240124,11.14,11.33,10.87,11.25,31744.0,35349.786
600363.SH,20240124,27.28,27.48,26.11,27.04,73507.24,196356.978
002652.SZ,20240124,2.74,2.82,2.67,2.81,227394.6,62659.231
002037.SZ,20240124,6.83,7.1,6.77,7.1,74190.2,51448.363
300083.SZ,20240124,4.81,4.91,4.65,4.84,208418.99,99629.621
600099.SH,20240124,8.48,8.99,8.39,8.86,102780.01,89314.839
002072.SZ,20240124,5.29,5.62,5.25,5.46,82969.0,44970.636
002665.SZ,20240124,2.32,2.35,2.23,2.31,531233.73,121427.806
300128.SZ,20240124,3.61,3.75,3.54,3.72,176873.8,64608.628
603629.SH,20240124,23.97,24.15,22.85,23.55,57472.0,134420.291
920819.BJ,20240124,4.1,4.14,4.0,4.12,28205.11,11489.057
301439.SZ,20240124,12.75,12.96,12.32,12.89,16540.42,21051.011
002992.SZ,20240124,52.55,53.17,50.41,52.32,21892.0,113448.085
603288.SH,20240124,35.68,36.09,34.92,35.63,124319.84,440842.107
300742.SZ,20240124,7.22,7.59,6.86,7.1,206526.05,148874.361
301327.SZ,20240124,59.99,60.37,58.51,59.84,10855.74,64339.393
002544.SZ,20240124,15.98,16.13,15.27,15.99,75672.88,118305.905
300152.SZ,20240124,2.52,2.61,2.5,2.6,134427.18,34437.339
300393.SZ,20240124,10.15,10.2,9.48,9.93,300156.55,295300.788
300458.SZ,20240124,18.1,18.35,17.26,17.93,84942.82,150537.632
000551.SZ,20240124,8.78,8.93,8.48,8.9,53541.39,46733.635
688611.SH,20240124,29.97,30.79,27.98,29.32,7695.45,22407.456
300018.SZ,20240124,5.2,5.28,5.03,5.21,108722.0,56104.632
601965.SH,20240124,19.49,19.64,18.6,19.45,50062.21,95534.587
300125.SZ,20240124,10.98,11.12,10.41,10.8,101017.0,107793.802
600171.SH,20240124,11.78,11.96,11.46,11.96,74153.49,87157.037
300327.SZ,20240124,18.76,18.94,17.88,18.68,58764.63,107820.112
603256.SH,20240124,7.12,7.12,6.75,7.07,24935.0,17315.448
000049.SZ,20240124,22.83,23.02,21.14,22.27,85470.45,186669.376
688006.SH,20240124,20.68,21.28,19.9,21.13,61283.0,126313.965
603261.SH,20240124,28.98,29.59,27.7,29.2,13848.0,39557.027
603869.SH,20240124,7.93,8.05,7.65,8.01,51630.04,40453.208
000636.SZ,20240124,11.3,11.38,10.85,11.29,100339.55,111570.108
600707.SH,20240124,6.06,6.33,5.97,6.3,360118.0,221095.107
002543.SZ,20240124,8.35,8.88,8.31,8.8,100512.81,87090.047
002269.SZ,20240124,1.72,1.84,1.71,1.77,1402818.33,249179.481
300407.SZ,20240124,7.56,7.71,7.33,7.63,71559.65,53867.816
300205.SZ,20240124,9.25,9.38,8.9,9.29,46763.41,42908.327
600509.SH,20240124,5.14,5.23,5.01,5.23,156292.56,80091.983
688428.SH,20240124,9.55,9.62,9.24,9.6,19941.63,18806.269
002594.SZ,20240124,189.28,189.85,184.08,188.7,96641.21,1805379.382
600637.SH,20240124,6.8,7.05,6.77,7.03,317213.41,219106.366
002406.SZ,20240124,5.47,5.57,5.29,5.5,177834.0,96761.697
600501.SH,20240124,11.18,11.55,11.05,11.55,54769.21,61920.514
603922.SH,20240124,25.13,25.2,24.35,25.1,5241.0,12983.468
688286.SH,20240124,49.23,49.69,45.52,46.97,14191.51,66333.228
920199.BJ,20240124,23.08,23.08,20.88,21.43,42115.27,91224.942
300238.SZ,20240124,11.19,11.48,10.85,11.4,38254.0,42766.812
301316.SZ,20240124,20.06,20.55,19.12,20.35,40441.73,80267.94
601969.SH,20240124,5.67,5.82,5.53,5.8,118864.0,67640.873
301031.SZ,20240124,113.98,115.48,109.65,111.62,3003.47,33773.824
688679.SH,20240124,10.81,11.1,10.42,10.9,23409.88,25158.64
603995.SH,20240124,15.92,16.25,15.45,16.07,28742.78,45713.779
300780.SZ,20240124,16.32,16.69,15.87,16.41,44416.8,72257.63
001296.SZ,20240124,22.34,22.92,21.46,22.36,33137.68,73557.279
003022.SZ,20240124,17.33,17.39,16.38,16.9,117414.11,197715.734
300447.SZ,20240124,11.81,11.9,11.29,11.88,34012.2,39520.276
688072.SH,20240124,174.98,176.62,168.4,172.59,26641.86,457751.321
000990.SZ,20240124,7.27,7.5,7.21,7.5,106158.3,78185.273
000004.SZ,20240124,13.46,13.72,13.14,13.59,38000.8,51229.453
688077.SH,20240124,18.35,18.6,17.37,18.25,17551.78,31515.656
301103.SZ,20240124,25.64,25.94,24.69,25.75,10832.0,27461.181
301050.SZ,20240124,47.76,49.45,46.26,49.29,26156.84,124519.37
600963.SH,20240124,5.13,5.37,5.06,5.3,146702.92,76651.983
600768.SH,20240124,9.78,10.29,9.72,10.11,49710.95,49815.257
300062.SZ,20240124,5.19,5.28,4.98,5.2,92832.2,47685.765
603327.SH,20240124,10.53,10.69,10.15,10.6,30889.22,32287.513
603307.SH,20240124,40.8,41.73,39.96,41.41,3631.0,14874.553
688121.SH,20240124,16.43,16.5,15.66,16.08,33723.25,53780.014
301170.SZ,20240124,25.6,25.94,24.69,25.75,9624.06,24477.058
920701.BJ,20240124,15.0,15.4,14.0,14.95,39113.9,58001.043
000620.SZ,20240124,1.83,1.89,1.82,1.88,368658.1,68519.369
688079.SH,20240124,8.97,9.13,8.61,9.01,49738.74,44096.746
688033.SH,20240124,13.56,13.71,12.65,13.13,140233.14,182832.305
301393.SZ,20240124,49.49,49.76,47.36,49.22,11255.49,54658.63
002368.SZ,20240124,21.95,23.2,21.19,23.01,179403.96,397083.789
920699.BJ,20240124,16.99,16.99,15.81,16.55,15713.56,25792.915
688426.SH,20240124,23.8,23.8,22.32,23.23,4973.62,11465.665
300321.SZ,20240124,15.99,16.6,15.51,16.2,19501.8,31350.143
301077.SZ,20240124,17.87,17.87,16.91,17.62,11303.56,19745.457
300700.SZ,20240124,13.97,14.26,13.32,13.82,48898.97,67161.707
000409.SZ,20240124,7.3,7.4,7.08,7.4,162911.36,118251.311
002288.SZ,20240124,3.45,3.51,3.32,3.48,136174.71,46735.61
600273.SH,20240124,7.73,7.78,7.5,7.72,108579.39,83023.178
000767.SZ,20240124,2.78,2.81,2.72,2.79,129303.07,35935.787
002524.SZ,20240124,5.47,5.59,5.21,5.46,95207.0,51193.296
603557.SH,20240124,1.9,1.94,1.86,1.92,45089.0,8546.204
600064.SH,20240124,5.87,6.02,5.84,6.01,167675.44,99482.687
001979.SZ,20240124,8.19,8.38,8.11,8.38,480089.27,396060.703
688251.SH,20240124,23.5,23.84,22.43,23.33,5669.95,13099.693
600724.SH,20240124,4.22,4.47,4.12,4.38,380825.11,163693.371
688682.SH,20240124,36.88,36.95,33.55,36.0,5166.83,18256.255
300753.SZ,20240124,13.94,14.32,13.44,14.09,28402.8,39489.132
300866.SZ,20240124,76.73,79.6,75.82,77.31,29103.71,226147.939
920914.BJ,20240124,10.81,10.83,10.1,10.6,14132.04,14764.665
600463.SH,20240124,8.3,8.78,8.19,8.6,32603.0,27442.231
002587.SZ,20240124,6.07,6.14,5.71,5.99,333272.09,197718.007
002239.SZ,20240124,2.61,2.66,2.54,2.65,596364.79,155943.65
300986.SZ,20240124,10.48,10.7,10.18,10.67,34990.42,36674.414
301353.SZ,20240124,27.1,27.8,26.41,27.5,4554.08,12410.817
301548.SZ,20240124,47.84,48.98,46.56,47.97,5838.84,27952.595
000927.SZ,20240124,2.43,2.56,2.43,2.56,396186.66,98723.848
002384.SZ,20240124,14.58,14.72,14.02,14.56,193806.82,278199.785
601366.SH,20240124,4.77,4.95,4.74,4.93,64303.0,31275.883
301206.SZ,20240124,25.79,26.05,25.24,25.94,3435.5,8819.81
600556.SH,20240124,4.93,5.02,4.82,5.01,223263.72,110295.701
688291.SH,20240124,21.99,22.21,21.0,21.88,10388.97,22467.496
300131.SZ,20240124,4.91,4.97,4.73,4.96,318832.34,155334.275
603206.SH,20240124,16.91,17.88,16.8,17.4,70453.34,121678.819
002790.SZ,20240124,10.45,10.9,10.2,10.51,72890.63,76846.97
920414.BJ,20240124,15.48,16.18,15.41,16.04,50595.7,80029.725
301380.SZ,20240124,37.83,39.35,37.15,39.3,10980.67,42067.037
301155.SZ,20240124,46.43,48.81,46.4,47.97,25093.74,118869.381
600608.SH,20240124,3.86,3.91,3.8,3.88,13323.0,5148.437
301273.SZ,20240124,23.3,23.93,22.3,23.4,8149.84,18824.984
301119.SZ,20240124,21.75,22.3,20.97,21.88,10555.24,22869.415
603291.SH,20240124,13.04,13.26,12.7,13.14,20683.0,26960.164
002362.SZ,20240124,19.92,20.25,19.41,20.19,108574.9,216506.216
300108.SZ,20240124,3.18,3.45,3.12,3.21,247116.5,81291.149
601827.SH,20240124,7.28,7.42,7.11,7.39,58361.52,42541.19
600860.SH,20240124,11.1,11.8,11.02,11.27,154680.53,175894.291
300340.SZ,20240124,9.99,10.13,9.55,10.02,47789.0,47047.235
300727.SZ,20240124,23.2,23.3,21.7,22.55,20970.63,46933.072
301331.SZ,20240124,37.0,37.58,35.81,37.42,5292.0,19492.801
300664.SZ,20240124,4.83,4.92,4.74,4.9,51706.5,25014.917
002253.SZ,20240124,15.01,15.25,14.31,15.25,197830.42,294093.992
002939.SZ,20240124,7.22,7.55,7.07,7.48,397738.8,289770.412
605277.SH,20240124,13.0,13.23,12.54,13.07,61814.53,79537.465
002465.SZ,20240124,10.82,11.02,10.52,10.92,229335.44,247336.426
002949.SZ,20240124,12.33,12.37,11.73,12.35,38540.0,46595.044
300032.SZ,20240124,4.62,4.71,4.5,4.68,142408.0,65841.72
600567.SH,20240124,1.73,1.77,1.69,1.76,377606.62,65548.262
000735.SZ,20240124,5.04,5.15,4.92,5.14,91586.19,46305.281
600187.SH,20240124,2.43,2.46,2.38,2.46,159996.7,38844.781
688522.SH,20240124,41.33,41.51,39.03,40.63,10938.17,43928.11
688702.SH,20240124,38.44,39.3,36.36,38.95,35361.88,134533.037
301032.SZ,20240124,8.16,8.35,7.95,8.24,44544.0,36425.715
300033.SZ,20240124,127.0,130.92,123.43,129.35,127349.13,1616091.103
002125.SZ,20240124,9.12,9.25,8.82,9.15,56268.28,50910.16
300246.SZ,20240124,8.63,8.71,8.3,8.68,48910.73,41700.477
301306.SZ,20240124,30.4,30.69,29.05,29.99,8334.44,24842.691
000887.SZ,20240124,10.35,10.46,10.0,10.45,114430.15,117589.335
002815.SZ,20240124,8.04,8.14,7.76,8.13,93108.41,74272.077
002748.SZ,20240124,8.89,9.0,8.6,8.89,52403.5,46242.674
603185.SH,20240124,29.69,29.84,28.3,29.66,90706.43,264124.572
000936.SZ,20240124,9.02,9.02,8.41,8.58,1235410.24,1084452.947
300682.SZ,20240124,12.62,12.7,11.96,12.48,129509.67,158689.025
601956.SH,20240124,5.05,5.14,4.92,5.1,86702.6,43671.959
600651.SH,20240124,3.1,3.38,3.1,3.27,484347.09,159308.649
920592.BJ,20240124,24.3,28.97,22.01,27.0,100361.28,247316.405
603626.SH,20240124,6.47,6.55,6.2,6.46,127028.8,81092.574
600918.SH,20240124,6.53,6.75,6.4,6.69,402424.0,264437.859
603015.SH,20240124,7.88,7.92,7.48,7.84,93417.88,72056.508
920985.BJ,20240124,7.57,7.74,7.15,7.47,77758.87,57422.567
301220.SZ,20240124,27.64,28.16,26.81,27.63,4922.24,13556.386
001238.SZ,20240124,23.85,25.3,23.72,25.1,111251.0,273239.867
300261.SZ,20240124,6.25,6.32,6.04,6.25,74566.0,46144.63
300498.SZ,20240124,18.75,18.95,18.22,18.69,322596.24,598250.499
600955.SH,20240124,15.9,16.14,15.53,16.11,13896.91,22063.262
002155.SZ,20240124,11.35,11.44,11.0,11.36,358585.59,403945.128
002151.SZ,20240124,26.7,26.85,25.1,26.29,162482.3,420063.648
688472.SH,20240124,14.71,14.85,14.13,14.58,241846.19,350738.824
600825.SH,20240124,4.18,4.59,4.18,4.51,712772.52,317459.046
600152.SH,20240124,6.01,6.13,5.84,6.06,72366.0,43425.966
603639.SH,20240124,14.4,14.62,13.91,14.46,21698.38,30981.113
688558.SH,20240124,23.08,23.24,21.34,22.15,21296.73,46686.514
002420.SZ,20240124,5.13,5.24,4.96,5.15,88718.0,45268.893
688195.SH,20240124,28.51,28.8,26.3,27.6,42464.3,116415.942
688395.SH,20240124,18.41,18.96,17.73,18.51,8861.11,16259.206
603222.SH,20240124,6.76,6.87,6.55,6.83,52176.6,35220.807
002791.SZ,20240124,35.6,36.08,34.15,35.76,24805.86,87398.685
002180.SZ,20240124,19.16,19.51,18.48,19.4,137804.45,261346.989
920130.BJ,20240124,13.89,13.89,13.15,13.42,9838.4,13256.771
300095.SZ,20240124,6.9,7.06,6.69,6.96,35521.0,24493.936
300322.SZ,20240124,8.69,8.82,8.31,8.68,128181.75,109891.026
002673.SZ,20240124,5.93,6.14,5.82,6.1,372920.09,222784.095
603517.SH,20240124,22.25,22.42,21.39,22.24,83159.97,182257.598
300311.SZ,20240124,5.22,5.29,5.05,5.28,100227.37,52039.463
600332.SH,20240124,27.05,27.36,26.73,27.33,57706.0,156469.035
920976.BJ,20240124,16.5,17.1,15.9,16.94,14353.85,23893.865
002314.SZ,20240124,2.68,2.78,2.66,2.78,227441.0,62140.513
002131.SZ,20240124,2.08,2.1,2.03,2.1,859221.48,177538.255
605058.SH,20240124,18.05,18.23,17.36,18.14,17398.5,31058.851
600125.SH,20240124,5.43,5.66,5.36,5.63,226630.27,125009.135
601599.SH,20240124,3.48,3.52,3.38,3.52,210656.0,72805.701
600820.SH,20240124,5.51,5.7,5.48,5.7,344984.02,192753.614
000516.SZ,20240124,7.15,7.21,6.98,7.16,158578.89,112981.786
601696.SH,20240124,9.44,9.95,9.21,9.87,410694.73,394759.77
300517.SZ,20240124,10.1,10.72,10.03,10.69,52723.1,54773.963
920261.BJ,20240124,8.89,8.97,8.58,8.92,7308.04,6422.807
603893.SH,20240124,53.5,54.25,50.69,52.16,19192.78,99803.352
601958.SH,20240124,8.99,9.11,8.76,9.09,142998.57,128403.846
920802.BJ,20240124,11.7,11.86,11.01,11.38,16933.79,19269.01
605333.SH,20240124,18.32,18.84,17.71,18.39,25693.0,46867.723
688027.SH,20240124,99.21,99.95,94.6,99.45,5517.06,53790.701
002355.SZ,20240124,4.44,4.56,4.36,4.54,141582.0,63334.651
002855.SZ,20240124,30.25,30.76,29.01,29.89,121766.46,364649.249
688235.SH,20240124,124.62,125.15,120.66,123.63,17031.61,209897.133
300569.SZ,20240124,5.48,5.57,5.28,5.53,118027.05,64241.792
601880.SH,20240124,1.35,1.39,1.33,1.38,819772.78,111452.961
300241.SZ,20240124,4.34,4.39,4.18,4.36,176572.31,75958.132
301202.SZ,20240124,25.49,25.67,24.29,25.38,16982.09,42428.061
601778.SH,20240124,3.25,3.4,3.16,3.34,580020.58,189140.231
000819.SZ,20240124,14.52,14.54,13.8,14.3,28551.05,40428.473
600482.SH,20240124,16.8,17.31,16.52,17.16,245619.34,417049.292
688328.SH,20240124,29.25,29.34,26.95,28.29,48489.77,134541.459
600237.SH,20240124,5.98,6.09,5.75,6.02,125924.0,74692.144
600593.SH,20240124,22.56,25.3,22.56,24.94,173134.5,421565.629
603270.SH,20240124,23.66,23.93,22.66,23.76,37813.49,88390.831
600508.SH,20240124,13.02,13.41,12.92,13.4,88883.4,117227.079
300071.SZ,20240124,2.9,2.95,2.84,2.95,144843.0,41952.34
920826.BJ,20240124,10.29,10.7,9.99,10.25,87979.37,90996.543
002162.SZ,20240124,4.11,4.46,4.1,4.31,554655.49,237834.78
601900.SH,20240124,11.57,11.65,11.15,11.62,119925.92,136599.393
002319.SZ,20240124,11.69,11.86,11.36,11.8,22516.79,26255.489
600681.SH,20240124,3.67,3.73,3.61,3.72,49788.02,18320.313
300310.SZ,20240124,3.79,3.84,3.66,3.84,145092.0,54547.433
002864.SZ,20240124,32.13,32.69,31.03,32.41,19674.13,62903.962
603138.SH,20240124,13.18,13.33,12.74,13.25,50124.55,65689.95
300655.SZ,20240124,7.9,7.96,7.49,7.84,142587.73,110046.291
600886.SH,20240124,12.76,13.22,12.74,13.2,268967.64,350603.303
605005.SH,20240124,15.27,15.37,14.69,15.21,18323.57,27520.922
300224.SZ,20240124,9.76,9.84,9.43,9.79,49560.04,47889.296
603156.SH,20240124,21.88,22.4,21.5,22.0,35572.0,78134.126
688733.SH,20240124,23.6,23.89,22.32,23.24,25943.54,59888.736
603496.SH,20240124,25.57,25.83,24.35,25.29,143288.0,358222.471
603357.SH,20240124,8.09,8.3,7.93,8.26,56581.64,45928.733
688382.SH,20240124,12.22,12.52,11.4,11.84,65863.42,77465.6
688260.SH,20240124,20.96,21.74,19.97,20.95,25906.18,53647.993
300399.SZ,20240124,11.3,12.27,11.05,12.0,60420.3,70423.022
300927.SZ,20240124,14.46,14.53,13.47,14.08,20079.0,27890.504
600511.SH,20240124,28.07,28.4,27.3,28.3,41008.0,113789.783
605180.SH,20240124,13.03,13.63,12.47,13.06,121497.31,158217.878
002767.SZ,20240124,17.12,18.17,15.93,16.9,219961.5,375246.89
003017.SZ,20240124,19.68,19.97,19.01,19.9,19042.31,37251.121
688276.SH,20240124,50.9,51.32,49.23,50.09,13097.45,65759.62
603308.SH,20240124,10.63,10.73,10.22,10.65,63018.2,65967.548
300416.SZ,20240124,13.87,13.95,13.26,13.81,82811.42,113472.31
600377.SH,20240124,10.91,11.19,10.85,11.17,87909.18,97235.09
301312.SZ,20240124,79.3,80.7,75.7,77.19,7847.54,60803.439
600550.SH,20240124,4.17,4.24,4.05,4.21,130770.58,54296.628
603393.SH,20240124,28.1,28.76,27.4,28.4,25081.74,70722.411
000762.SZ,20240124,24.6,24.89,23.66,24.46,166937.4,404307.262
688570.SH,20240124,23.49,23.97,22.82,23.95,10579.14,24860.535
301488.SZ,20240124,53.33,53.73,51.08,53.05,9375.6,49250.027
002837.SZ,20240124,24.93,25.21,24.4,25.0,44422.65,110131.547
000702.SZ,20240124,5.27,5.46,5.17,5.45,76012.0,40346.917
002141.SZ,20240124,2.67,2.77,2.61,2.72,110042.0,29653.942
603679.SH,20240124,12.3,12.95,11.97,12.47,214162.01,266443.408
301290.SZ,20240124,23.08,23.45,22.3,23.19,8651.28,19890.042
301118.SZ,20240124,19.88,20.14,18.93,19.67,12056.0,23635.24
301236.SZ,20240124,37.4,37.56,34.86,36.35,590302.25,2116830.965
601155.SH,20240124,9.91,10.16,9.59,10.08,236007.62,233998.182
300162.SZ,20240124,6.12,6.25,5.96,6.22,96342.12,59130.497
603569.SH,20240124,10.09,10.29,9.85,10.27,74313.56,75247.62
300959.SZ,20240124,29.18,30.19,28.61,29.77,9304.5,27442.804
000930.SZ,20240124,5.76,5.92,5.68,5.92,101097.0,58549.684
300353.SZ,20240124,7.8,7.98,7.48,7.79,100789.0,77442.371
000807.SZ,20240124,10.45,10.54,10.17,10.54,260050.22,270369.498
603800.SH,20240124,24.21,25.45,23.87,24.93,13560.0,33467.156
688212.SH,20240124,50.82,53.58,50.62,52.84,19531.15,101370.574
600551.SH,20240124,9.27,9.39,8.95,9.38,42995.0,39412.699
002980.SZ,20240124,23.5,23.86,22.52,23.68,20443.0,47574.594
603488.SH,20240124,9.27,9.59,9.08,9.43,58592.4,54797.777
300427.SZ,20240124,5.23,5.5,5.22,5.36,48873.0,26165.017
002326.SZ,20240124,10.73,10.92,10.28,10.7,189123.07,200191.566
002035.SZ,20240124,5.57,5.75,5.46,5.73,125333.58,70549.098
603823.SH,20240124,8.25,8.37,7.86,8.15,28446.0,22994.306
601101.SH,20240124,6.18,6.32,6.08,6.31,104887.71,65125.214
000088.SZ,20240124,4.43,4.54,4.37,4.53,92948.65,41490.472
000978.SZ,20240124,6.66,6.79,6.48,6.75,115643.0,77171.155
920230.BJ,20240124,12.45,12.59,11.86,12.44,6698.18,8174.475
002765.SZ,20240124,5.4,5.52,5.24,5.46,106939.67,57601.767
002859.SZ,20240124,20.67,21.1,20.26,21.03,64690.17,133751.133
300531.SZ,20240124,13.91,14.13,13.03,13.75,141592.18,192156.483
920427.BJ,20240124,10.58,11.75,10.43,11.75,46394.8,51298.651
920717.BJ,20240124,8.31,8.37,7.77,8.09,17916.36,14493.1
002669.SZ,20240124,9.59,9.74,9.26,9.69,60331.42,57323.612
301234.SZ,20240124,27.89,28.5,27.02,28.22,9677.0,26959.106
600203.SH,20240124,6.0,6.09,5.82,6.07,141135.0,84664.076
920526.BJ,20240124,24.6,24.8,22.91,23.7,39961.65,94197.206
000889.SZ,20240124,2.28,2.28,2.2,2.23,241355.22,53938.988
003002.SZ,20240124,12.41,12.74,11.96,12.44,46058.0,56864.06
601236.SH,20240124,7.49,7.87,7.38,7.72,731046.83,554592.433
300339.SZ,20240124,22.66,22.89,21.83,22.84,356150.08,800337.351
300672.SZ,20240124,57.51,57.77,53.83,57.14,61732.91,344669.888
688621.SH,20240124,67.49,68.09,63.5,65.8,7266.4,47579.642
601186.SH,20240124,7.27,7.78,7.25,7.78,1390617.82,1050470.506
603863.SH,20240124,34.65,35.1,33.51,34.7,30744.0,105379.35
688100.SH,20240124,27.29,27.29,25.88,26.94,20395.92,54404.721
300042.SZ,20240124,30.78,30.89,28.79,30.1,49834.0,147983.655
600909.SH,20240124,4.46,4.63,4.35,4.59,608788.22,273218.968
300097.SZ,20240124,7.53,7.66,7.29,7.59,84970.0,63653.704
600582.SH,20240124,5.43,5.59,5.36,5.58,286584.21,157448.538
600889.SH,20240124,5.05,5.17,4.88,5.06,82928.0,41729.369
688777.SH,20240124,36.93,37.78,36.21,37.68,76892.03,283946.58
600418.SH,20240124,13.1,13.31,12.78,13.2,444990.84,582390.563
601615.SH,20240124,10.53,10.67,10.1,10.51,330675.07,342794.121
300838.SZ,20240124,13.33,13.61,12.97,13.6,19418.68,25856.383
301559.SZ,20240124,16.66,16.89,16.3,16.89,23724.61,39437.609
300428.SZ,20240124,17.02,17.25,16.45,17.13,45582.37,76969.16
301505.SZ,20240124,30.13,31.75,29.58,31.3,14262.39,43684.713
600475.SH,20240124,10.75,11.1,10.69,11.0,122769.86,133640.069
603195.SH,20240124,92.01,93.8,91.2,93.03,10568.41,97709.357
600629.SH,20240124,5.42,5.42,5.42,5.42,153783.13,83350.456
300203.SZ,20240124,14.99,15.11,14.62,14.89,88057.71,130142.56
300061.SZ,20240124,4.88,5.2,4.87,5.05,184481.3,92452.456
300454.SZ,20240124,61.05,61.38,58.81,61.05,36841.63,221146.526
002518.SZ,20240124,24.76,24.9,23.37,24.21,170523.08,409557.571
688275.SH,20240124,50.02,50.93,49.37,50.64,4940.17,24739.52
920856.BJ,20240124,7.27,7.27,6.97,7.1,9529.94,6747.338
300400.SZ,20240124,12.59,12.66,11.89,12.42,37814.0,46230.187
688247.SH,20240124,9.09,9.18,8.67,9.06,27709.48,24739.694
603019.SH,20240124,33.44,33.73,32.36,33.64,398674.43,1321196.404
603168.SH,20240124,10.57,11.21,10.47,11.19,289639.3,317674.792
300941.SZ,20240124,21.95,23.35,21.91,22.92,142705.04,323994.681
688601.SH,20240124,41.66,42.02,39.92,41.59,18151.0,74754.277
920223.BJ,20240124,4.55,4.58,4.28,4.38,29251.27,12828.76
300319.SZ,20240124,7.81,7.92,7.48,7.81,160447.88,123489.009
603456.SH,20240124,20.1,20.35,19.32,19.93,73309.73,145266.796
600859.SH,20240124,14.97,15.29,14.59,15.18,152079.84,228097.675
600939.SH,20240124,2.96,3.08,2.95,3.07,151482.0,45682.44
603533.SH,20240124,16.96,16.97,16.14,16.83,80069.0,132790.024
600141.SH,20240124,17.34,17.62,16.87,17.38,114388.48,197375.954
600201.SH,20240124,8.92,8.99,8.54,8.82,176790.77,154425.788
000027.SZ,20240124,5.89,6.07,5.87,6.06,171143.96,102181.754
002149.SZ,20240124,13.07,13.2,12.54,13.07,49811.39,64174.912
603879.SH,20240124,5.47,5.6,5.3,5.49,52895.52,28801.685
688175.SH,20240124,22.22,22.48,21.43,22.37,5185.74,11407.596
688118.SH,20240124,23.76,24.46,23.14,24.13,27756.33,66077.144
920185.BJ,20240124,20.53,20.59,19.67,20.27,15647.95,31426.947
920833.BJ,20240124,12.62,12.62,11.85,12.28,13048.45,15905.615
301512.SZ,20240124,50.0,51.05,47.78,49.8,12822.0,63005.124
600755.SH,20240124,6.69,6.91,6.66,6.89,167656.3,113922.753
688004.SH,20240124,22.96,23.49,22.08,23.39,15664.28,35622.813
920679.BJ,20240124,20.71,20.97,19.3,20.17,11727.49,23416.999
920407.BJ,20240124,13.39,13.69,12.8,13.49,18584.48,24642.1
000688.SZ,20240124,8.84,9.0,8.54,8.93,43817.0,38529.361
002102.SZ,20240124,2.34,2.38,2.28,2.37,153502.36,35889.828
002455.SZ,20240124,6.16,6.31,5.97,6.2,62096.59,38139.677
000881.SZ,20240124,6.12,6.4,6.06,6.4,100358.0,62456.15
603283.SH,20240124,64.96,64.96,60.97,63.27,51237.73,319278.467
300709.SZ,20240124,25.61,25.82,24.29,25.35,61113.81,153529.229
300917.SZ,20240124,22.53,23.73,22.53,23.6,46802.0,109030.774
000426.SZ,20240124,8.89,9.14,8.74,9.14,185366.72,166068.02
605020.SH,20240124,25.26,25.88,24.78,25.72,21302.81,54065.288
601600.SH,20240124,5.11,5.28,5.03,5.27,1089111.32,561839.64
603077.SH,20240124,2.31,2.33,2.28,2.32,438438.94,100988.615
300181.SZ,20240124,10.1,10.17,9.5,10.05,183671.4,181247.797
000848.SZ,20240124,7.72,7.82,7.53,7.77,68244.06,52404.461
688110.SH,20240124,26.4,26.54,24.81,25.76,56505.67,143899.987
000554.SZ,20240124,6.1,6.29,5.74,6.0,1038549.77,619684.261
601808.SH,20240124,14.06,14.34,13.88,14.31,51159.7,72340.258
600133.SH,20240124,8.78,8.9,8.47,8.84,379345.06,330276.939
600326.SH,20240124,3.81,3.9,3.68,3.89,327101.42,124271.537
600791.SH,20240124,4.25,4.46,4.25,4.45,104212.0,45478.703
002480.SZ,20240124,4.26,4.38,4.18,4.37,93411.0,39854.466
002427.SZ,20240124,4.39,4.49,4.28,4.47,62273.0,27374.327
001337.SZ,20240124,22.9,23.3,22.25,22.98,22740.0,51814.755
000078.SZ,20240124,2.86,2.9,2.79,2.9,169048.93,48138.028
300377.SZ,20240124,6.64,6.81,6.42,6.81,144538.85,95660.763
000627.SZ,20240124,2.6,2.74,2.54,2.71,511515.54,134332.34
600984.SH,20240124,3.09,3.2,3.0,3.19,176526.36,55160.886
002358.SZ,20240124,3.92,3.97,3.77,3.92,178994.0,69268.734
300206.SZ,20240124,8.82,9.03,8.62,8.95,37115.0,32813.045
002332.SZ,20240124,10.55,10.72,10.07,10.49,111949.0,115510.335
300980.SZ,20240124,19.43,19.88,18.39,19.01,13635.51,25851.216
002166.SZ,20240124,7.09,7.18,6.41,6.71,194141.96,129199.105
688529.SH,20240124,19.34,19.6,18.61,19.33,6914.14,13222.276
002858.SZ,20240124,14.2,14.45,13.6,14.2,78156.0,109481.629
300063.SZ,20240124,5.18,5.26,5.07,5.23,405842.8,210590.593
002338.SZ,20240124,26.0,26.08,24.57,25.66,41693.0,105213.837
002553.SZ,20240124,9.96,10.15,9.68,10.08,63890.0,63507.512
600765.SH,20240124,14.56,14.69,14.15,14.68,212447.5,305952.786
300210.SZ,20240124,7.9,8.09,7.67,8.04,173622.0,136748.171
603595.SH,20240124,24.98,25.18,22.98,24.11,58797.54,140001.165
300745.SZ,20240124,20.29,20.44,19.22,19.99,44697.39,88310.012
002519.SZ,20240124,4.98,5.07,4.8,5.03,158640.09,78565.255
300488.SZ,20240124,20.58,20.92,20.0,20.68,13615.74,27836.606
603616.SH,20240124,4.83,4.92,4.7,4.89,105463.0,50950.923
920527.BJ,20240124,9.57,9.66,9.13,9.6,8231.13,7740.038
603029.SH,20240124,17.65,18.48,17.5,18.21,61145.9,110407.372
300875.SZ,20240124,26.66,26.88,25.34,26.55,38979.65,101841.706
600426.SH,20240124,25.07,25.13,24.3,24.95,117447.36,291273.238
300171.SZ,20240124,15.18,15.29,14.6,15.15,37740.78,56458.613
688078.SH,20240124,31.04,31.5,29.39,30.8,13453.57,40626.485
600305.SH,20240124,8.21,8.31,8.06,8.26,42380.83,34788.883
002591.SZ,20240124,5.76,5.83,5.48,5.72,173538.0,98032.356
000737.SZ,20240124,5.07,5.23,4.98,5.23,113138.87,57862.555
920225.BJ,20240124,19.07,19.08,17.13,17.61,37751.0,66949.894
000025.SZ,20240124,17.19,18.2,17.18,17.43,282547.74,496679.193
300333.SZ,20240124,6.21,6.31,5.98,6.27,72540.01,44686.572
600968.SH,20240124,2.72,2.85,2.71,2.84,483340.71,134056.915
601669.SH,20240124,4.53,4.74,4.51,4.73,1364305.41,630461.547
301059.SZ,20240124,9.91,10.21,9.72,10.12,19722.2,19674.877
600613.SH,20240124,6.58,6.68,6.36,6.63,60147.11,39432.343
002842.SZ,20240124,7.04,7.19,6.8,7.14,66366.52,46429.718
000987.SZ,20240124,5.57,5.94,5.5,5.9,522746.89,298162.021
688787.SH,20240124,58.6,59.2,54.99,56.95,16154.94,91479.362
600280.SH,20240124,3.32,3.44,3.32,3.44,362559.23,123043.234
002816.SZ,20240124,10.74,11.24,10.73,11.24,4857.0,5301.522
603506.SH,20240124,9.82,10.19,9.67,10.12,34778.2,34702.891
603100.SH,20240124,23.78,23.88,22.38,23.26,28461.59,65442.221
688720.SH,20240124,41.1,41.63,39.51,41.33,12063.08,48780.051
603136.SH,20240124,19.5,19.75,18.91,19.65,51739.0,99911.706
600066.SH,20240124,15.41,15.55,14.94,15.38,142574.71,217274.741
688136.SH,20240124,17.74,17.81,16.6,17.18,25953.97,44409.691
600166.SH,20240124,2.55,2.62,2.47,2.56,1768410.69,448380.2
601838.SH,20240124,11.99,12.13,11.82,12.11,328439.03,393239.746
600190.SH,20240124,2.57,2.65,2.53,2.63,228664.96,59239.498
000813.SZ,20240124,2.78,2.88,2.73,2.86,285923.0,80163.925
600636.SH,20240124,8.85,9.18,8.66,9.15,156527.7,140081.813
688063.SH,20240124,101.0,101.3,95.33,99.3,35063.19,343829.367
002813.SZ,20240124,28.92,29.4,27.92,28.99,13154.02,37736.976
301101.SZ,20240124,33.62,33.78,31.1,32.36,9967.0,31929.991
688013.SH,20240124,17.62,18.12,17.21,18.1,9407.16,16611.939
000501.SZ,20240124,7.75,7.89,7.68,7.89,53474.0,41662.898
002577.SZ,20240124,15.25,15.3,14.42,15.14,64358.88,95680.921
300834.SZ,20240124,18.25,18.43,17.7,18.33,11774.73,21344.135
600525.SH,20240124,4.68,4.73,4.56,4.73,122810.74,57129.081
605258.SH,20240124,22.87,23.12,21.97,22.83,11466.16,25915.45
301310.SZ,20240124,38.83,39.42,37.33,38.82,9872.46,37958.083
688290.SH,20240124,47.4,47.4,42.5,44.89,15194.34,67533.463
002065.SZ,20240124,5.25,5.34,5.11,5.32,227981.01,119279.368
002824.SZ,20240124,16.34,16.44,15.48,16.12,40879.81,64996.863
301090.SZ,20240124,9.45,9.69,9.32,9.68,19272.5,18317.749
002851.SZ,20240124,21.5,21.5,20.42,21.27,29711.25,62144.857
002686.SZ,20240124,5.54,5.72,5.38,5.63,113667.0,62948.759
300043.SZ,20240124,3.27,3.31,3.12,3.29,380954.24,122791.731
600456.SH,20240124,25.75,25.82,24.77,25.7,40914.3,103619.04
920726.BJ,20240124,9.99,10.13,9.66,9.97,20926.79,20702.149
300439.SZ,20240124,9.88,10.09,9.64,10.03,41281.58,40889.395
300757.SZ,20240124,64.5,65.4,60.25,62.83,27289.12,169836.568
301555.SZ,20240124,32.13,33.35,31.55,33.11,22220.0,72531.524
002135.SZ,20240124,4.96,5.22,4.92,5.13,185767.65,95036.29
688259.SH,20240124,53.98,54.38,50.5,52.33,15470.61,80556.095
603158.SH,20240124,7.93,8.08,7.68,7.9,140966.6,111147.496
002428.SZ,20240124,9.98,10.15,9.56,9.95,165679.05,162539.097
601788.SH,20240124,14.6,15.99,14.44,15.99,914595.26,1420814.454
003004.SZ,20240124,24.02,24.6,23.16,24.15,12798.0,30531.961
300546.SZ,20240124,12.87,12.92,12.3,12.85,26993.4,34182.945
001266.SZ,20240124,24.25,24.83,23.5,24.51,13145.58,31986.906
600595.SH,20240124,2.96,3.04,2.89,3.02,266898.46,79375.02
300236.SZ,20240124,29.12,29.59,27.83,29.2,40539.77,116304.93
300010.SZ,20240124,2.26,2.34,2.25,2.32,137913.0,31789.835
603766.SH,20240124,4.74,4.82,4.62,4.81,116641.0,55360.089
601179.SH,20240124,4.84,5.04,4.8,5.03,348693.58,171195.699
000657.SZ,20240124,8.06,8.13,7.82,8.12,141406.36,113125.947
688280.SH,20240124,6.25,6.31,5.9,6.17,42341.6,25784.019
688135.SH,20240124,17.8,18.31,17.43,18.2,37667.41,67688.809
002012.SZ,20240124,4.73,5.14,4.73,5.07,624347.42,310351.989
300473.SZ,20240124,15.96,16.06,15.15,15.8,47410.0,74350.463
002497.SZ,20240124,11.6,11.7,11.13,11.5,163916.57,186299.101
600879.SH,20240124,6.46,6.64,6.38,6.63,212021.42,137936.154
600864.SH,20240124,6.15,6.78,6.04,6.52,1727819.43,1101552.058
300220.SZ,20240124,7.44,7.82,7.44,7.61,16619.6,12678.661
000935.SZ,20240124,16.51,17.0,16.35,16.98,28922.91,48223.695
601702.SH,20240124,15.16,16.18,15.16,15.73,59186.21,93159.701
002576.SZ,20240124,13.85,14.2,13.4,14.08,43477.0,60205.225
603637.SH,20240124,7.66,7.9,7.56,7.89,39957.47,31027.22
002217.SZ,20240124,2.17,2.19,2.09,2.18,584666.0,125309.787
605099.SH,20240124,19.9,21.2,19.86,20.93,37537.3,77563.336
002140.SZ,20240124,7.98,8.33,7.89,8.2,192335.93,155973.966
603959.SH,20240124,8.98,9.27,8.75,9.07,222250.67,200469.162
601928.SH,20240124,8.78,9.04,8.65,8.98,199000.89,176071.691
000711.SZ,20240124,1.86,1.9,1.85,1.9,93392.05,17507.136
002681.SZ,20240124,4.43,4.49,4.36,4.47,167850.0,74313.924
301265.SZ,20240124,9.17,9.39,9.05,9.38,16081.14,14878.539
300094.SZ,20240124,4.06,4.37,4.06,4.26,710239.13,299531.182
300470.SZ,20240124,33.95,34.24,32.88,34.24,4747.0,15991.434
002925.SZ,20240124,15.38,15.5,14.8,15.41,50690.37,76958.23
000676.SZ,20240124,7.34,7.45,7.0,7.43,918811.23,667916.037
600770.SH,20240124,4.04,4.12,3.91,4.11,120665.18,48462.188
600149.SH,20240124,4.79,4.97,4.74,4.96,91727.0,44643.969
603711.SH,20240124,15.2,15.5,14.62,15.27,38335.61,57785.352
300809.SZ,20240124,24.58,25.25,23.78,25.01,51475.18,126058.235
600857.SH,20240124,8.44,8.75,8.26,8.63,33693.78,28758.48
000877.SZ,20240124,6.18,6.4,6.12,6.37,102148.4,64083.858
002214.SZ,20240124,10.07,10.11,9.56,9.86,52721.54,51741.752
920510.BJ,20240124,23.0,23.35,21.5,22.15,43205.78,96760.148
600790.SH,20240124,3.7,3.79,3.62,3.77,87393.27,32523.059
300621.SZ,20240124,9.36,9.67,9.18,9.49,39008.0,36815.31
301238.SZ,20240124,15.85,15.99,15.14,15.81,63291.54,98916.192
300512.SZ,20240124,6.78,6.92,6.62,6.9,35440.1,24055.706
001205.SZ,20240124,14.59,14.93,14.37,14.89,16918.44,24876.485
603331.SH,20240124,10.76,10.99,10.23,10.75,48934.4,51686.068
601668.SH,20240124,4.64,4.87,4.63,4.87,3711845.22,1762952.867
300484.SZ,20240124,9.99,10.28,9.73,10.13,33069.45,33129.406
300708.SZ,20240124,9.72,9.96,9.42,9.89,131688.8,127900.466
688060.SH,20240124,37.14,37.74,35.83,37.64,2480.62,9158.236
688179.SH,20240124,15.54,15.54,14.6,15.19,30363.42,45622.672
002200.SZ,20240124,8.19,8.42,8.15,8.4,21655.0,17927.641
600309.SH,20240124,70.45,70.49,68.75,70.3,102873.12,717814.151
002177.SZ,20240124,3.88,4.05,3.77,4.0,599889.1,235678.236
600306.SH,20240124,12.38,12.51,12.06,12.35,7845.0,9631.393
603612.SH,20240124,12.52,12.58,11.95,12.44,62565.48,76590.651
600515.SH,20240124,3.49,3.55,3.43,3.54,315853.58,110340.07
600107.SH,20240124,5.4,5.66,5.37,5.63,68909.66,38169.05
002266.SZ,20240124,3.16,3.2,3.07,3.2,181491.8,57157.565
301428.SZ,20240124,31.88,31.88,30.42,31.63,12928.85,40282.757
688181.SH,20240124,21.38,21.49,20.38,21.34,16693.55,35014.833
600419.SH,20240124,10.49,11.44,10.4,11.03,54680.89,59004.294
000861.SZ,20240124,1.58,1.65,1.57,1.63,1566610.39,251882.278
002563.SZ,20240124,5.63,5.81,5.56,5.75,136107.5,77542.344
600671.SH,20240124,10.82,11.15,10.73,11.15,11225.76,12292.117
688009.SH,20240124,4.07,4.23,4.05,4.22,267268.35,110386.694
300001.SZ,20240124,18.11,18.35,17.44,18.18,113067.68,202608.072
002520.SZ,20240124,5.22,5.34,5.08,5.29,146008.59,76165.404
603717.SH,20240124,6.8,7.05,6.58,6.7,75564.0,51108.746
301285.SZ,20240124,15.63,16.7,15.47,16.68,119006.77,192994.075
603087.SH,20240124,40.82,41.06,38.99,40.35,111555.27,445748.785
600563.SH,20240124,104.87,104.99,96.71,99.88,39637.72,393563.937
600476.SH,20240124,13.99,15.07,13.99,14.98,101776.0,147661.566
603568.SH,20240124,16.83,16.95,16.42,16.72,39245.68,65613.66
301356.SZ,20240124,17.16,17.98,17.03,17.8,15983.87,28164.816
300887.SZ,20240124,9.3,9.45,9.02,9.39,83649.22,77414.982
600478.SH,20240124,4.4,4.44,4.18,4.37,156190.63,67290.908
300413.SZ,20240124,22.75,22.95,21.92,22.6,320195.71,715679.527
601162.SH,20240124,2.97,3.14,2.9,3.09,2894325.08,872928.446
600733.SH,20240124,4.86,4.94,4.68,4.88,888027.09,426605.742
002104.SZ,20240124,6.4,6.5,6.19,6.49,110247.47,70048.802
002114.SZ,20240124,6.2,6.34,6.03,6.31,77272.38,47901.775
600769.SH,20240124,7.46,7.78,7.35,7.75,87429.0,66164.284
300146.SZ,20240124,15.59,15.75,15.22,15.65,72842.55,112842.539
600329.SH,20240124,29.69,29.9,28.16,29.05,92464.64,267141.654
601886.SH,20240124,6.59,6.59,6.25,6.46,421622.85,270362.404
002699.SZ,20240124,1.48,1.49,1.42,1.42,459110.8,66485.068
601996.SH,20240124,2.46,2.55,2.42,2.52,200566.13,49908.443
000629.SZ,20240124,2.81,2.86,2.73,2.85,909774.54,254627.595
301211.SZ,20240124,18.31,18.5,17.72,18.4,25652.2,46548.394
301525.SZ,20240124,70.94,71.8,68.48,70.6,7929.1,55486.991
688330.SH,20240124,23.77,24.19,22.7,23.49,9525.45,22228.389
300481.SZ,20240124,14.56,14.59,13.88,14.49,24014.0,34164.339
603757.SH,20240124,21.6,21.84,20.62,21.65,15274.64,32550.311
002168.SZ,20240124,4.32,4.59,4.32,4.43,508426.05,226302.001
920942.BJ,20240124,10.95,11.0,10.44,10.86,5073.76,5441.87
002560.SZ,20240124,6.13,6.28,6.0,6.23,71302.88,43868.483
688516.SH,20240124,87.86,89.0,81.88,83.36,27725.98,233733.785
603208.SH,20240124,26.84,28.07,26.54,27.4,14367.47,39157.184
000650.SZ,20240124,5.96,6.02,5.77,6.01,255800.39,151272.083
300850.SZ,20240124,26.2,26.77,25.33,26.02,36544.58,94622.105
002353.SZ,20240124,26.8,27.19,26.14,26.53,72153.03,191135.927
688711.SH,20240124,34.38,34.5,32.12,33.59,28282.41,93573.152
600439.SH,20240124,2.5,2.78,2.49,2.68,1096863.19,294718.9
301296.SZ,20240124,9.57,9.99,9.24,9.59,47907.03,45842.656
688180.SH,20240124,32.24,32.25,30.93,31.93,36515.61,115557.015
603042.SH,20240124,12.85,13.3,12.43,12.99,94663.64,122066.609
603667.SH,20240124,16.2,16.36,15.48,16.02,79590.14,126261.265
300268.SZ,20240124,12.19,12.68,12.1,12.48,9619.0,11902.972
002610.SZ,20240124,2.12,2.15,2.06,2.14,1730889.13,364436.043
002034.SZ,20240124,14.15,14.35,13.71,14.29,24329.0,34240.842
603255.SH,20240124,34.01,35.01,33.6,34.9,8212.56,28196.072
603392.SH,20240124,63.1,65.21,60.5,62.0,164955.11,1027946.947
600031.SH,20240124,13.07,13.25,12.81,13.16,537480.42,702007.06
600036.SH,20240124,30.15,30.29,29.38,30.09,974892.39,2904947.629
300390.SZ,20240124,23.11,23.3,21.88,22.68,147714.86,332108.518
300907.SZ,20240124,17.87,18.3,17.24,18.01,18839.0,33565.323
920892.BJ,20240124,11.87,12.69,11.33,12.45,25199.5,30618.064
688561.SH,20240124,33.28,33.56,32.01,33.52,28722.79,94219.85
688778.SH,20240124,34.64,35.49,32.36,33.88,15027.78,50485.22
002380.SZ,20240124,14.13,14.49,13.8,14.39,40187.0,57051.264
301029.SZ,20240124,20.36,20.61,19.6,20.56,56867.27,114437.248
920809.BJ,20240124,5.54,5.6,5.41,5.58,31475.61,17325.577
002860.SZ,20240124,11.01,11.03,10.36,10.72,79131.33,84238.575
301165.SZ,20240124,33.21,33.48,32.08,33.31,26262.11,86362.941
000586.SZ,20240124,10.25,10.4,9.88,10.35,41070.0,41754.136
605287.SH,20240124,14.61,15.04,14.17,14.97,40760.2,59963.278
002988.SZ,20240124,20.35,20.74,19.67,20.37,39471.53,79748.316
600822.SH,20240124,10.3,10.3,10.3,10.3,20197.0,20802.91
688178.SH,20240124,15.7,16.19,15.22,15.91,9475.09,14869.992
001319.SZ,20240124,21.06,21.31,20.31,21.02,17892.11,37379.385
300931.SZ,20240124,6.78,7.06,6.63,6.86,62722.0,42779.259
002193.SZ,20240124,5.73,6.03,5.68,5.96,94118.15,55261.841
600760.SH,20240124,36.19,36.38,35.16,36.29,114295.05,407981.534
603733.SH,20240124,14.16,14.52,13.85,14.4,28197.26,40101.79
600523.SH,20240124,10.99,11.21,10.68,11.2,80628.0,88492.642
688129.SH,20240124,13.66,14.09,13.07,13.63,14213.97,19282.971
002021.SZ,20240124,1.99,2.08,1.99,2.07,643461.12,132574.07
300963.SZ,20240124,10.89,11.01,10.3,10.74,37283.32,39634.786
920000.BJ,20240124,9.16,9.45,8.91,9.29,32219.1,29646.771
300557.SZ,20240124,27.92,28.78,27.39,28.7,10553.04,29592.927
002295.SZ,20240124,6.57,6.82,6.47,6.77,91113.0,60549.684
920357.BJ,20240124,23.77,25.13,22.98,24.45,81130.03,195554.517
002919.SZ,20240124,23.38,23.55,22.49,23.11,42118.3,96548.748
001311.SZ,20240124,38.97,39.54,37.55,39.24,15309.88,59187.068
600186.SH,20240124,4.85,4.87,4.46,4.73,1617230.76,750697.599
920284.BJ,20240124,10.75,10.88,10.24,10.54,19050.01,19995.093
300280.SZ,20240124,36.65,36.99,34.6,36.34,94953.0,339123.003
000850.SZ,20240124,3.61,4.01,3.56,3.92,944420.32,359507.908
600150.SH,20240124,28.38,29.43,28.1,29.36,414844.15,1190280.689
688322.SH,20240124,28.51,28.86,26.91,27.93,38193.54,105525.613
601008.SH,20240124,3.68,3.81,3.66,3.79,99030.48,37007.212
002932.SZ,20240124,19.5,19.77,19.01,19.65,20016.98,38913.451
300483.SZ,20240124,9.79,9.9,9.54,9.88,31900.0,31220.72
688659.SH,20240124,9.37,9.66,8.96,9.36,25126.04,23125.648
920703.BJ,20240124,37.89,38.28,35.53,36.79,13737.86,50106.333
920866.BJ,20240124,6.79,6.86,6.54,6.75,14864.17,9948.068
688590.SH,20240124,17.34,17.38,16.31,17.1,59581.61,100037.842
300912.SZ,20240124,14.65,14.99,14.24,14.84,24313.84,35592.693
002843.SZ,20240124,21.39,21.39,19.94,20.97,30003.0,61342.353
688488.SH,20240124,12.22,12.35,11.55,11.95,36054.93,42935.236
002136.SZ,20240124,10.02,10.2,9.7,10.11,29843.19,29748.977
000721.SZ,20240124,9.89,10.17,9.74,10.12,169120.0,168666.28
300538.SZ,20240124,14.78,15.08,14.3,14.6,52902.0,77395.828
603269.SH,20240124,11.58,12.15,11.43,11.8,32417.0,38114.489
000096.SZ,20240124,9.89,10.33,9.85,10.31,35497.0,35804.672
002628.SZ,20240124,2.98,3.07,2.93,3.07,185500.0,55710.295
600935.SH,20240124,3.39,3.44,3.18,3.38,549944.01,182675.141
002019.SZ,20240124,12.39,12.5,11.95,12.37,98103.25,119802.949
300992.SZ,20240124,17.3,17.71,16.81,17.5,19062.0,32968.45
301270.SZ,20240124,31.35,31.35,29.6,30.99,33037.2,100356.333
300506.SZ,20240124,4.0,4.08,3.88,4.03,83870.55,33487.691
300415.SZ,20240124,15.4,15.8,14.89,15.63,39279.71,59993.423
000971.SZ,20240124,1.68,1.75,1.67,1.74,95975.12,16481.199
920190.BJ,20240124,21.49,21.49,19.88,20.41,54128.87,110777.56
002522.SZ,20240124,4.19,4.3,4.14,4.29,138950.22,58879.828
600213.SH,20240124,8.28,8.43,7.95,8.33,70098.0,57360.166
002413.SZ,20240124,4.56,4.63,4.44,4.61,177172.0,80592.407
601127.SH,20240124,62.47,62.99,60.02,62.02,374744.21,2304509.45
603881.SH,20240124,16.39,16.9,16.0,16.83,64307.65,105894.811
001283.SZ,20240124,40.06,40.69,39.03,40.23,9937.47,39603.034
300984.SZ,20240124,22.74,23.24,22.46,23.16,11207.0,25538.395
688309.SH,20240124,16.3,16.76,15.68,16.48,5031.82,8190.609
002555.SZ,20240124,18.88,19.01,17.88,18.56,820061.77,1504880.486
920475.BJ,20240124,8.99,9.03,8.55,8.96,9904.66,8729.533
688321.SH,20240124,17.53,17.95,16.88,17.75,29502.71,51224.281
002120.SZ,20240124,6.56,6.64,6.39,6.64,337150.97,220789.796
688147.SH,20240124,33.03,33.27,30.78,31.94,15821.42,49935.109
300448.SZ,20240124,4.56,4.59,4.38,4.59,83159.4,37451.027
603726.SH,20240124,13.0,13.1,12.5,12.9,35355.63,45153.956
301175.SZ,20240124,4.51,4.78,4.47,4.72,175997.08,81377.944
300942.SZ,20240124,9.8,10.0,9.53,9.95,19891.58,19508.242
000593.SZ,20240124,6.49,6.64,6.34,6.6,51525.87,33541.079
300932.SZ,20240124,13.26,13.44,12.76,13.32,28234.61,37043.506
002916.SZ,20240124,56.9,57.17,54.7,56.56,32373.14,180868.07
002392.SZ,20240124,3.33,3.42,3.27,3.42,146902.23,49240.24
300302.SZ,20240124,10.59,10.66,10.1,10.52,82930.3,86059.461
920964.BJ,20240124,3.61,3.62,3.48,3.56,36191.05,12793.031
920735.BJ,20240124,27.21,27.23,26.21,26.52,3229.41,8556.983
002225.SZ,20240124,3.33,3.43,3.27,3.41,130026.13,43620.317
000892.SZ,20240124,3.43,3.58,3.43,3.55,197410.0,69340.126
300457.SZ,20240124,17.44,17.88,16.82,17.5,178771.27,309323.359
300638.SZ,20240124,15.4,15.5,14.68,15.23,147953.21,222124.149
688526.SH,20240124,16.4,16.47,15.7,16.4,21337.46,34348.107
603008.SH,20240124,16.19,16.62,15.7,16.39,57780.37,93381.054
603703.SH,20240124,10.51,10.64,10.11,10.57,23182.0,24037.279
603899.SH,20240124,32.76,32.97,32.01,32.81,36147.46,117697.924
300972.SZ,20240124,34.31,34.54,32.23,33.19,16781.6,55643.498
002658.SZ,20240124,6.8,6.92,6.44,6.77,105435.78,70357.018
002279.SZ,20240124,5.41,5.5,5.24,5.49,160242.5,86203.423
300551.SZ,20240124,14.0,14.29,13.45,14.08,89975.0,124717.991
300425.SZ,20240124,4.22,4.63,4.19,4.47,203778.05,89697.827
002733.SZ,20240124,13.19,13.73,12.94,13.47,67631.47,90264.385
301303.SZ,20240124,16.96,17.22,16.52,17.1,11501.67,19447.509
300352.SZ,20240124,4.01,4.06,3.85,4.06,145140.66,57848.476
920418.BJ,20240124,23.47,23.59,22.15,23.15,20188.74,46477.662
002053.SZ,20240124,8.73,8.96,8.55,8.92,56242.1,49286.786
300441.SZ,20240124,6.33,6.44,6.04,6.33,101300.0,63173.319
600073.SH,20240124,6.28,6.78,6.26,6.57,170810.68,111146.953
603297.SH,20240124,79.45,80.8,76.01,78.92,9222.08,71852.358
300772.SZ,20240124,9.39,9.54,8.96,9.36,91586.69,84549.72
600678.SH,20240124,6.42,6.58,6.31,6.52,216581.01,140156.919
300461.SZ,20240124,22.3,22.8,20.92,21.71,28882.87,62593.819
300669.SZ,20240124,13.51,13.79,13.15,13.74,13191.0,17857.024
000920.SZ,20240124,8.64,8.78,8.37,8.77,63388.0,54482.044
002415.SZ,20240124,30.71,31.38,30.18,31.38,267173.78,821964.67
600220.SH,20240124,1.9,1.97,1.88,1.96,247184.9,47790.197
002714.SZ,20240124,36.23,36.3,34.87,35.87,198216.1,702929.532
600502.SH,20240124,4.51,4.66,4.45,4.66,284845.07,129826.341
301040.SZ,20240124,15.08,15.36,14.51,15.14,18296.08,27375.596
300292.SZ,20240124,3.17,3.24,3.09,3.24,227782.0,72161.098
688668.SH,20240124,51.19,51.19,46.48,47.42,23946.01,115088.582
300433.SZ,20240124,11.62,11.8,11.24,11.63,222526.26,255870.059
002212.SZ,20240124,7.77,7.91,7.61,7.9,170366.18,132668.09
300052.SZ,20240124,14.38,14.52,13.88,14.43,55064.69,78441.597
300588.SZ,20240124,10.1,10.31,9.85,10.28,58410.96,59200.662
601963.SH,20240124,6.77,6.91,6.67,6.91,67373.0,45819.12
603566.SH,20240124,16.8,16.98,16.15,16.88,34438.67,57040.78
301321.SZ,20240124,15.18,15.36,14.56,15.05,29477.61,44000.264
300993.SZ,20240124,10.09,10.29,9.87,10.11,54256.06,54526.898
301389.SZ,20240124,14.59,14.84,14.15,14.61,24158.11,35009.023
601208.SH,20240124,10.1,10.64,10.01,10.43,231080.06,239971.448
605305.SH,20240124,32.92,34.93,32.82,34.28,20404.32,68961.021
688065.SH,20240124,45.3,45.77,44.62,45.36,8384.77,37851.864
688208.SH,20240124,19.12,19.3,18.17,18.88,71631.8,133441.211
300814.SZ,20240124,33.28,33.8,32.01,33.64,77467.29,256081.761
688090.SH,20240124,25.26,25.87,24.52,25.38,7664.98,19378.183
300197.SZ,20240124,1.98,2.37,1.97,2.2,1732449.31,378333.422
605055.SH,20240124,6.14,6.41,6.04,6.26,47503.0,29671.612
300192.SZ,20240124,8.56,8.75,8.27,8.66,85680.0,72986.278
300688.SZ,20240124,25.45,26.05,24.88,25.65,58720.6,150000.071
300647.SZ,20240124,5.18,5.25,5.01,5.22,102637.4,52769.99
603895.SH,20240124,26.0,27.16,24.87,25.63,16684.0,43017.419
301205.SZ,20240124,105.11,109.88,99.66,109.2,109472.2,1148502.118
688365.SH,20240124,8.5,8.6,8.07,8.46,60469.33,50134.524
002394.SZ,20240124,7.3,7.58,7.15,7.45,74089.02,54577.59
003816.SZ,20240124,3.32,3.44,3.31,3.41,1748717.32,591790.936
601011.SH,20240124,2.75,2.8,2.67,2.79,244206.89,67097.627
002678.SZ,20240124,4.93,5.08,4.87,5.07,58985.8,29449.516
605268.SH,20240124,11.87,11.87,11.15,11.87,135240.43,158439.018
603113.SH,20240124,6.89,7.03,6.74,7.0,71027.82,49155.594
300675.SZ,20240124,12.99,13.64,12.99,13.64,31987.0,42707.36
301315.SZ,20240124,55.98,66.82,54.47,66.82,100359.54,598056.099
600195.SH,20240124,9.76,9.9,9.4,9.88,117800.57,113378.707
002185.SZ,20240124,7.06,7.11,6.82,7.1,180588.73,126224.132
002537.SZ,20240124,5.55,5.68,5.4,5.66,130479.47,72368.037
603897.SH,20240124,16.58,16.92,15.9,16.53,44777.07,73306.058
300351.SZ,20240124,16.2,16.34,15.44,16.13,152140.57,242152.671
300222.SZ,20240124,6.06,6.13,5.86,6.1,80633.0,48524.592
603045.SH,20240124,13.21,13.45,12.74,13.28,48905.4,63906.721
002038.SZ,20240124,8.54,8.65,8.27,8.63,146795.76,124729.166
688553.SH,20240124,12.07,12.19,11.67,12.1,19841.88,23683.143
603966.SH,20240124,7.71,7.92,7.39,7.74,94061.88,71740.46
600817.SH,20240124,8.37,8.49,8.02,8.33,22415.29,18497.02
600389.SH,20240124,14.48,14.55,13.78,14.32,36687.8,51844.384
603699.SH,20240124,13.43,13.78,13.1,13.59,29828.07,40148.751
002482.SZ,20240124,1.96,1.99,1.93,1.97,60542.0,11824.303
920839.BJ,20240124,13.42,13.6,13.02,13.31,11269.46,14959.009
000026.SZ,20240124,9.82,10.14,9.67,10.13,71414.0,70865.885
301009.SZ,20240124,9.98,10.87,9.95,10.44,71738.74,74740.538
603055.SH,20240124,10.05,10.2,9.72,10.0,71623.17,71412.201
600961.SH,20240124,8.21,8.5,8.01,8.43,190047.31,157668.916
300773.SZ,20240124,14.07,14.7,13.79,14.62,126017.61,179571.271
688655.SH,20240124,11.55,11.67,10.9,11.45,33049.07,37303.881
603103.SH,20240124,15.98,16.21,15.67,16.12,39504.88,63009.845
300134.SZ,20240124,8.43,8.55,8.1,8.49,74677.43,62286.374
300520.SZ,20240124,17.35,17.74,16.83,17.66,50832.86,88094.207
920578.BJ,20240124,16.43,16.81,15.45,16.18,22815.77,36445.694
600192.SH,20240124,5.13,5.32,4.98,5.21,103487.97,53058.089
600336.SH,20240124,5.02,5.19,4.94,5.11,119689.16,60649.701
600378.SH,20240124,25.98,26.73,24.85,26.29,19990.67,51461.044
605151.SH,20240124,17.11,18.3,16.93,17.65,32557.7,57114.284
605336.SH,20240124,13.04,13.52,12.78,13.33,21423.2,28194.022
002821.SZ,20240124,98.13,98.6,93.5,96.55,46479.26,443699.756
002830.SZ,20240124,12.95,13.41,12.63,13.2,27343.24,35845.392
000961.SZ,20240124,1.17,1.24,1.17,1.23,1050359.38,126720.066
300172.SZ,20240124,5.18,5.43,5.08,5.37,597642.62,315177.409
603722.SH,20240124,43.16,43.16,39.55,41.48,37108.43,152473.92
601106.SH,20240124,2.62,2.72,2.6,2.72,289999.54,77232.309
688543.SH,20240124,44.63,45.13,42.91,45.04,14847.31,65656.197
601168.SH,20240124,13.6,14.06,13.57,14.04,305797.99,423148.738
301152.SZ,20240124,27.06,27.34,25.6,26.82,47989.82,126883.782
002098.SZ,20240124,6.01,6.19,5.86,6.1,61913.0,37363.678
600761.SH,20240124,18.29,18.65,17.85,18.4,45703.28,83239.417
003031.SZ,20240124,66.64,67.39,63.42,66.09,21587.27,140760.109
600851.SH,20240124,5.75,6.04,5.66,5.99,57435.75,33570.089
600683.SH,20240124,4.39,4.61,4.36,4.6,153992.01,69258.967
603826.SH,20240124,49.44,49.44,47.2,48.16,11204.0,53828.232
002325.SZ,20240124,1.78,1.84,1.71,1.75,2297849.93,406988.446
000019.SZ,20240124,6.67,6.87,6.57,6.87,73364.9,49310.524
301162.SZ,20240124,43.34,44.78,40.19,41.55,32671.64,136746.939
600888.SH,20240124,6.73,6.85,6.58,6.83,104472.74,70459.116
600136.SH,20240124,1.9,1.98,1.87,1.96,68429.0,13129.382
600809.SH,20240124,203.5,203.99,196.94,200.72,36187.07,721983.266
601869.SH,20240124,25.1,25.34,24.21,25.32,15001.38,37362.957
603112.SH,20240124,10.43,10.46,9.87,10.31,41255.12,41896.47
600196.SH,20240124,22.53,22.77,22.01,22.72,104920.24,235498.7
300355.SZ,20240124,3.23,3.3,3.18,3.3,358120.97,116180.449
001339.SZ,20240124,31.88,32.46,30.55,31.56,169514.54,535326.438
603580.SH,20240124,12.42,12.87,12.08,12.55,20550.0,25628.738
603868.SH,20240124,46.2,47.39,45.61,47.35,7894.0,36882.12
300839.SZ,20240124,8.93,9.04,8.61,8.93,40177.3,35381.207
002226.SZ,20240124,4.0,4.08,3.91,4.07,111908.0,44825.954
605500.SH,20240124,7.1,7.32,6.93,7.21,45188.71,32241.986
603999.SH,20240124,5.76,5.9,5.67,5.88,86326.0,50029.735
600845.SH,20240124,43.1,43.5,42.5,43.32,42949.82,184602.166
603105.SH,20240124,10.11,10.24,9.7,10.13,58347.4,58301.748
688289.SH,20240124,17.97,18.11,17.29,17.86,22386.63,39665.714
002937.SZ,20240124,22.27,22.27,20.46,21.27,15964.0,33510.197
001219.SZ,20240124,18.25,18.85,17.97,18.62,75048.15,137563.968
600714.SH,20240124,7.88,8.12,7.69,8.0,29254.51,23163.804
301030.SZ,20240124,43.03,43.77,41.56,43.67,97999.21,418524.275
605177.SH,20240124,22.39,22.74,21.3,22.14,20953.77,45759.745
600649.SH,20240124,3.48,3.66,3.44,3.63,355051.38,126669.241
300150.SZ,20240124,3.98,4.05,3.82,4.01,155466.5,61380.307
601616.SH,20240124,3.08,3.17,3.02,3.15,143374.01,44462.946
002766.SZ,20240124,4.62,4.71,4.49,4.67,103366.23,47720.638
688317.SH,20240124,17.95,18.07,17.22,17.81,11113.23,19643.772
000030.SZ,20240124,4.68,4.77,4.57,4.76,79056.4,37052.082
603267.SH,20240124,38.62,38.76,36.88,38.56,40942.28,154743.887
600251.SH,20240124,7.97,8.07,7.77,8.06,87231.38,69254.057
600491.SH,20240124,3.54,3.6,3.45,3.6,229279.16,81129.804
001209.SZ,20240124,16.18,18.07,16.18,17.37,103535.35,179196.811
300165.SZ,20240124,4.84,4.92,4.68,4.85,150364.22,72173.569
600180.SH,20240124,5.3,5.49,5.23,5.49,123562.0,66376.27
000417.SZ,20240124,4.55,4.76,4.52,4.75,260907.63,120933.711
300490.SZ,20240124,10.31,10.96,9.83,10.11,214600.41,220973.603
300455.SZ,20240124,9.8,9.9,9.46,9.88,75131.32,72905.956
301397.SZ,20240124,35.39,35.67,33.8,35.18,7632.51,26637.428
688351.SH,20240124,21.24,21.53,20.34,21.09,20287.89,42409.382
300600.SZ,20240124,8.9,9.44,8.89,9.23,86142.0,79025.104
301116.SZ,20240124,10.78,11.07,10.61,11.01,28120.14,30672.192
300627.SZ,20240124,25.33,25.56,24.3,25.47,36253.4,90276.414
300929.SZ,20240124,10.42,10.68,10.18,10.6,38486.6,40242.415
002737.SZ,20240124,24.47,24.58,23.04,23.87,106034.19,251124.539
600980.SH,20240124,13.99,14.38,13.75,14.33,41438.0,58241.682
002449.SZ,20240124,7.3,7.41,7.05,7.39,104196.12,75418.411
600578.SH,20240124,2.78,2.84,2.73,2.84,206505.0,57594.01
002485.SZ,20240124,3.64,3.81,3.64,3.8,14649.33,5433.21
300837.SZ,20240124,26.34,26.34,23.7,24.56,12889.0,31474.122
002195.SZ,20240124,2.62,2.67,2.53,2.63,1265631.73,328945.828
300050.SZ,20240124,3.97,4.04,3.84,4.03,96460.0,38237.253
300554.SZ,20240124,21.31,21.62,20.28,20.94,36586.0,76458.07
600289.SH,20240124,1.85,1.96,1.85,1.92,46835.0,8923.217
688519.SH,20240124,20.18,20.22,18.35,19.25,40460.1,77410.558
688281.SH,20240124,107.8,108.98,103.3,107.83,7953.72,84849.974
301349.SZ,20240124,35.49,35.76,33.44,34.61,14626.2,50254.328
603527.SH,20240124,9.24,9.29,8.79,9.15,17906.02,16151.488
000982.SZ,20240124,1.42,1.43,1.38,1.43,1055321.44,148704.808
000858.SZ,20240124,128.18,128.48,125.26,128.05,166823.87,2118643.963
002020.SZ,20240124,10.47,10.54,9.97,10.33,169767.34,173255.108
920641.BJ,20240124,10.59,10.75,9.9,10.3,23010.58,23646.015
300723.SZ,20240124,24.82,25.33,24.02,24.7,26847.5,66040.149
000021.SZ,20240124,12.56,12.74,12.11,12.63,236887.01,294766.173
600730.SH,20240124,4.99,5.31,4.95,5.25,270674.72,138784.093
603059.SH,20240124,23.19,24.07,22.23,23.14,14911.95,34518.365
300017.SZ,20240124,7.96,8.16,7.88,8.14,728895.03,584606.916
603936.SH,20240124,8.16,8.26,7.77,8.15,133991.4,107363.667
300576.SZ,20240124,33.25,33.6,31.88,33.38,56179.92,184164.033
002150.SZ,20240124,17.57,18.2,16.58,17.26,86985.11,149291.81
002014.SZ,20240124,8.53,8.6,8.25,8.52,39401.5,33216.975
002466.SZ,20240124,55.92,56.2,53.61,55.3,272454.64,1494475.997
300450.SZ,20240124,22.58,22.63,21.53,22.42,234419.58,517773.029
603040.SH,20240124,21.3,21.49,20.25,20.77,30883.62,64141.789
002667.SZ,20240124,9.9,9.99,9.16,9.6,97832.32,93420.174
603151.SH,20240124,13.09,13.22,12.6,13.14,10725.35,13878.768
300995.SZ,20240124,17.3,17.98,16.9,17.75,18327.9,32034.656
002311.SZ,20240124,40.01,40.3,38.73,39.8,40400.36,159937.864
000100.SZ,20240124,4.2,4.27,4.14,4.27,2221298.92,936011.27
000037.SZ,20240124,9.1,9.6,8.89,9.52,473409.7,443891.23
300279.SZ,20240124,5.35,5.52,5.21,5.42,108357.0,58102.315
600483.SH,20240124,8.02,8.11,7.9,8.1,155956.59,124885.808
300044.SZ,20240124,4.93,5.03,4.8,5.01,298784.0,147823.951
000541.SZ,20240124,5.51,5.61,5.37,5.6,134953.61,74283.423
300853.SZ,20240124,22.22,22.51,20.87,21.54,43262.19,93348.151
000597.SZ,20240124,4.59,4.69,4.47,4.66,171115.69,78446.355
002750.SZ,20240124,8.95,9.14,8.66,9.02,80700.82,71973.234
002309.SZ,20240124,2.69,2.77,2.62,2.74,107179.0,28865.291
001269.SZ,20240124,50.37,50.92,48.08,49.75,110660.88,549151.987
300002.SZ,20240124,9.96,10.1,9.62,10.1,1249901.55,1234126.194
600469.SH,20240124,5.35,5.53,5.24,5.51,149544.68,80913.276
300937.SZ,20240124,25.87,26.5,25.01,26.2,14369.73,37291.246
688192.SH,20240124,37.6,38.1,36.21,37.39,11834.69,43844.286
600619.SH,20240124,5.7,5.99,5.63,5.88,170852.49,99175.294
300856.SZ,20240124,64.28,65.52,62.56,65.28,11607.26,74236.542
688200.SH,20240124,88.74,89.04,84.51,88.15,12489.9,107872.014
000029.SZ,20240124,9.96,10.56,9.95,10.56,68850.33,70842.663
600070.SH,20240124,2.37,2.4,2.29,2.33,72275.0,16873.846
002675.SZ,20240124,15.87,16.0,15.25,15.6,64907.05,100614.823
300405.SZ,20240124,6.87,8.11,6.8,7.75,801094.96,631369.441
301201.SZ,20240124,21.04,21.36,20.22,21.06,18689.31,38839.553
600108.SH,20240124,2.55,2.62,2.48,2.61,225386.11,57679.763
920227.BJ,20240124,27.8,28.98,26.8,28.25,15565.47,43893.714
301023.SZ,20240124,32.42,33.4,31.61,32.8,7791.5,25366.943
688678.SH,20240124,14.73,14.9,14.03,14.73,14968.77,21598.651
601899.SH,20240124,11.62,11.75,11.43,11.72,1059407.54,1229718.058
002941.SZ,20240124,11.2,11.51,10.98,11.49,102900.56,115905.2
300500.SZ,20240124,11.99,12.28,11.63,12.24,24120.0,28980.993
603993.SH,20240124,5.11,5.25,5.07,5.22,1068449.05,551046.891
600390.SH,20240124,4.43,4.84,4.38,4.84,916726.22,425648.056
688609.SH,20240124,10.41,10.8,10.09,10.38,281631.31,293603.03
603081.SH,20240124,11.54,11.72,10.83,11.33,89275.96,99988.101
002753.SZ,20240124,7.1,7.2,6.83,7.07,55811.5,39159.643
002346.SZ,20240124,9.96,10.28,9.76,10.12,21445.0,21558.882
688356.SH,20240124,88.2,88.79,82.22,85.66,5318.65,44916.815
300480.SZ,20240124,16.78,16.94,15.99,16.44,56687.11,92995.91
002283.SZ,20240124,5.13,5.25,5.0,5.19,164565.11,84279.854
300562.SZ,20240124,9.77,10.05,9.52,9.9,69268.86,67923.726
688798.SH,20240124,63.94,64.5,61.3,63.08,19409.21,122369.293
605169.SH,20240124,9.71,9.92,9.48,9.84,28251.65,27421.975
605028.SH,20240124,16.37,16.68,15.93,16.58,12213.0,19952.842
603161.SH,20240124,15.67,16.56,15.43,16.0,94389.04,149367.304
920378.BJ,20240124,5.06,5.14,4.72,5.01,45470.72,22443.06
603312.SH,20240124,36.79,37.11,33.48,34.54,132128.59,464570.58
002391.SZ,20240124,5.53,5.59,5.42,5.58,84369.0,46516.058
002207.SZ,20240124,6.01,6.26,5.92,6.25,83780.6,51397.662
600640.SH,20240124,9.35,9.86,9.32,9.77,135707.73,130345.364
300863.SZ,20240124,38.71,39.74,37.43,38.72,10480.12,40180.695
600210.SH,20240124,4.34,4.44,4.28,4.43,111231.63,48659.324
603305.SH,20240124,15.41,15.56,14.68,15.19,84228.26,126961.304
600230.SH,20240124,11.4,11.59,11.08,11.52,36908.2,42109.966
300419.SZ,20240124,4.93,5.05,4.8,5.03,130930.53,64557.704
603167.SH,20240124,9.64,10.15,9.63,10.09,129390.05,127365.36
002768.SZ,20240124,18.78,19.19,18.4,19.16,20847.08,39263.686
601811.SH,20240124,12.24,12.48,12.0,12.48,34666.0,42510.031
688216.SH,20240124,21.4,21.69,20.1,21.07,9897.19,20579.578
600123.SH,20240124,11.0,11.32,10.95,11.22,285879.76,319045.29
688669.SH,20240124,15.34,15.61,14.72,15.31,16454.53,24966.703
603189.SH,20240124,13.22,13.42,12.86,13.34,64842.0,85559.118
002043.SZ,20240124,9.07,9.22,8.82,9.12,121466.2,109620.771
002601.SZ,20240124,15.69,15.85,15.41,15.8,109443.84,171428.978
600785.SH,20240124,14.9,15.49,14.5,15.36,105294.55,157333.985
301148.SZ,20240124,18.79,19.21,18.32,19.06,10809.0,20300.806
300626.SZ,20240124,8.95,9.3,8.78,9.16,53803.8,48631.923
300876.SZ,20240124,21.22,21.5,20.13,20.96,5982.0,12440.425
603819.SH,20240124,12.58,12.84,11.89,12.32,15325.68,18707.833
000608.SZ,20240124,2.66,2.76,2.62,2.73,124731.01,33710.71
688789.SH,20240124,88.75,91.18,86.56,90.47,6857.8,60841.539
002116.SZ,20240124,8.82,9.68,8.82,9.68,94694.37,87658.186
300947.SZ,20240124,12.83,13.38,12.67,13.3,31733.75,41466.737
300119.SZ,20240124,14.22,14.4,13.64,14.3,27612.84,38758.52
600872.SH,20240124,24.52,25.11,23.65,24.45,123029.35,299226.064
603199.SH,20240124,28.99,29.95,28.53,29.82,62645.02,183795.358
300239.SZ,20240124,5.33,5.43,5.1,5.33,72004.8,37803.948
301128.SZ,20240124,37.59,37.7,35.98,37.14,8407.85,30945.177
000756.SZ,20240124,17.66,17.95,16.93,17.6,91516.68,159335.53
603599.SH,20240124,13.45,13.54,12.81,13.47,84581.51,111448.355
000995.SZ,20240124,15.08,15.17,14.21,15.16,47789.0,70659.539
688667.SH,20240124,61.8,62.32,58.57,61.25,4969.27,29975.565
300179.SZ,20240124,7.26,7.41,7.02,7.32,60133.02,43591.24
301153.SZ,20240124,61.07,61.97,58.68,61.15,11561.8,69470.682
603268.SH,20240124,20.21,20.4,18.8,20.12,55008.2,108774.587
600339.SH,20240124,2.8,2.93,2.77,2.92,408872.0,116392.649
002839.SZ,20240124,3.82,3.93,3.79,3.93,270258.52,104463.114
600257.SH,20240124,5.36,5.68,5.36,5.56,275422.88,151720.55
920575.BJ,20240124,21.55,22.0,19.9,21.02,28520.67,59627.355
603027.SH,20240124,14.56,14.97,14.11,14.62,100916.06,146657.426
300078.SZ,20240124,3.51,3.56,3.4,3.53,111369.54,38867.828
603273.SH,20240124,20.4,20.76,19.6,20.6,70530.92,142886.024
600919.SH,20240124,7.07,7.11,7.0,7.1,1308353.98,924093.063
688670.SH,20240124,22.36,22.55,21.41,22.41,9112.37,19993.857
002952.SZ,20240124,30.24,31.82,29.96,31.48,151635.47,466632.819
688533.SH,20240124,32.84,33.4,30.4,32.37,17317.33,54970.422
603877.SH,20240124,17.22,18.65,16.84,18.18,128419.48,226203.893
600831.SH,20240124,4.52,4.62,4.42,4.61,108358.0,49098.216
600628.SH,20240124,6.36,6.87,6.35,6.7,154978.01,102935.5
605598.SH,20240124,20.56,22.13,20.49,21.23,49444.96,104242.89
301358.SZ,20240124,28.32,28.77,27.43,28.49,31791.28,89448.751
920396.BJ,20240124,13.1,13.23,12.21,12.71,15973.81,20198.709
603166.SH,20240124,5.85,6.03,5.71,5.96,67312.22,39653.427
605259.SH,20240124,23.32,23.45,22.19,23.1,16111.05,36594.066
002167.SZ,20240124,5.48,5.54,5.26,5.53,118459.3,64255.339
301083.SZ,20240124,14.39,14.73,13.7,14.23,59576.85,84537.948
300567.SZ,20240124,61.61,62.28,58.06,60.13,44312.96,263626.532
600248.SH,20240124,3.65,3.83,3.64,3.82,270515.58,100516.653
688203.SH,20240124,10.74,10.95,10.3,10.74,15122.19,16039.468
301302.SZ,20240124,28.08,29.77,27.44,27.99,303415.99,862916.766
600903.SH,20240124,6.94,7.02,6.75,7.0,51121.0,35300.043
000070.SZ,20240124,9.54,9.58,9.09,9.58,932403.0,882671.127
000795.SZ,20240124,5.04,5.16,4.94,5.14,103859.0,52500.94
600157.SH,20240124,1.3,1.33,1.29,1.32,2584768.84,338696.86
600573.SH,20240124,9.12,9.31,8.87,9.29,63643.9,58067.496
688091.SH,20240124,50.32,51.28,48.26,51.2,19537.82,97358.482
002901.SZ,20240124,31.84,32.62,30.4,31.43,19281.06,60082.061
300144.SZ,20240124,9.74,9.84,9.45,9.75,204174.53,197219.377
603719.SH,20240124,17.51,18.1,16.96,17.79,90740.71,159305.824
002047.SZ,20240124,2.38,2.52,2.36,2.47,343371.18,84242.843
688629.SH,20240124,17.71,17.75,16.66,17.42,37010.71,63444.473
300041.SZ,20240124,8.85,8.94,8.58,8.91,72631.74,63895.013
001289.SZ,20240124,18.15,18.46,17.91,18.46,28663.92,52368.467
300485.SZ,20240124,8.81,9.0,8.58,8.97,38706.0,34185.049
603190.SH,20240124,25.68,26.11,25.05,25.95,6480.26,16642.494
301093.SZ,20240124,28.83,29.42,27.14,28.3,18883.84,53572.026
002780.SZ,20240124,11.67,12.35,11.58,12.01,73687.0,88185.423
601658.SH,20240124,4.44,4.49,4.41,4.48,1530860.37,680641.201
600685.SH,20240124,22.93,23.87,22.86,23.81,65365.07,152408.645
002178.SZ,20240124,6.23,6.59,6.2,6.38,1299721.98,831469.313
002535.SZ,20240124,4.19,4.28,4.06,4.24,178416.8,74818.651
002977.SZ,20240124,27.32,27.64,26.17,27.27,11555.6,31059.811
000157.SZ,20240124,7.03,7.29,7.02,7.21,675270.66,484780.191
600063.SH,20240124,3.8,3.87,3.71,3.87,128955.37,49167.869
601107.SH,20240124,4.16,4.35,4.14,4.35,173778.0,73552.732
002204.SZ,20240124,3.97,4.07,3.9,4.07,141820.6,56801.534
688152.SH,20240124,53.66,54.33,50.55,53.03,11855.42,62080.037
002007.SZ,20240124,18.58,18.65,17.97,18.53,85526.78,156817.069
301131.SZ,20240124,37.72,38.7,36.76,38.05,12103.0,45699.076
000023.SZ,20240124,5.84,5.93,5.72,5.91,4801.0,2787.796
001286.SZ,20240124,8.0,8.15,7.94,8.14,100581.25,80972.942
300826.SZ,20240124,14.24,14.56,13.85,14.44,26570.98,37847.87
600493.SH,20240124,5.82,6.55,5.76,6.17,365508.82,227401.148
603051.SH,20240124,30.88,31.2,28.9,30.1,38140.19,114330.708
600337.SH,20240124,2.65,2.68,2.56,2.65,83881.1,22046.437
600775.SH,20240124,10.7,11.42,10.7,11.21,613605.65,679808.266
300511.SZ,20240124,4.51,4.6,4.39,4.6,98116.35,44233.084
002664.SZ,20240124,13.48,13.7,12.88,13.4,56857.0,75407.619
300126.SZ,20240124,5.86,6.09,5.74,5.98,59347.88,35064.493
603777.SH,20240124,12.81,12.94,12.5,12.88,23614.66,30153.308
300598.SZ,20240124,36.8,37.0,34.98,36.86,31698.15,114031.587
300009.SZ,20240124,8.84,8.93,8.5,8.84,93195.6,81390.182
300618.SZ,20240124,24.02,24.17,23.03,24.04,28687.47,67835.039
300896.SZ,20240124,311.0,314.99,295.23,309.45,42694.5,1303622.383
688352.SH,20240124,11.57,11.58,11.03,11.37,57074.11,64341.113
300290.SZ,20240124,4.98,5.11,4.89,5.09,186179.5,93559.526
002290.SZ,20240124,11.94,12.07,11.4,11.71,25088.47,29506.444
688007.SH,20240124,20.25,20.33,19.13,19.92,42492.95,83648.045
920204.BJ,20240124,13.19,13.36,12.37,12.75,27123.94,34543.55
600985.SH,20240124,16.76,17.16,16.62,16.99,114056.63,192804.029
600850.SH,20240124,17.88,18.2,17.21,18.13,52758.85,93491.05
600604.SH,20240124,4.39,4.77,4.39,4.73,360580.65,169232.355
000610.SZ,20240124,13.04,13.29,12.61,13.2,154875.01,201641.174
600371.SH,20240124,9.25,9.4,9.01,9.39,31834.85,29458.922
300935.SZ,20240124,22.82,23.08,21.85,22.85,13623.0,30696.691
688268.SH,20240124,50.0,50.55,47.83,50.55,8944.41,43791.178
688408.SH,20240124,75.5,78.99,74.0,75.07,20858.73,157898.468
300877.SZ,20240124,14.99,15.52,14.69,15.29,16667.0,25124.383
600037.SH,20240124,6.78,7.02,6.72,7.02,132717.76,90925.492
600642.SH,20240124,6.81,6.91,6.71,6.89,218102.7,148859.194
603108.SH,20240124,17.31,17.49,16.39,17.02,216696.89,365531.41
688619.SH,20240124,11.0,11.03,10.44,10.85,27839.7,29974.736
600691.SH,20240124,2.78,2.84,2.71,2.82,167477.02,46507.513
000543.SZ,20240124,6.52,6.74,6.41,6.7,275330.0,181453.647
001216.SZ,20240124,21.7,22.76,18.97,18.97,486427.12,1003437.217
600858.SH,20240124,4.87,5.1,4.86,5.08,235122.65,117849.72
688565.SH,20240124,6.94,7.15,6.75,7.1,23320.47,16242.646
000708.SZ,20240124,12.85,13.24,12.8,13.22,85610.92,111474.941
600771.SH,20240124,21.69,21.99,20.91,21.74,59735.99,128308.352
688387.SH,20240124,6.0,6.1,5.83,6.08,97813.71,58328.676
002723.SZ,20240124,8.44,9.38,8.42,9.29,150730.0,134709.75
301182.SZ,20240124,18.75,18.93,17.9,18.51,17303.0,31809.061
603687.SH,20240124,10.05,10.37,9.61,10.33,76199.2,76189.288
600712.SH,20240124,4.3,4.55,4.3,4.48,210217.0,93309.379
600399.SH,20240124,6.6,6.61,6.28,6.58,420951.6,271322.595
601865.SH,20240124,25.74,25.74,24.67,25.1,68762.13,172727.235
000506.SZ,20240124,3.5,3.6,3.43,3.59,205315.0,72601.792
000631.SZ,20240124,3.06,3.17,3.03,3.16,231264.0,71827.462
688390.SH,20240124,126.44,126.85,118.36,120.85,39732.12,482087.149
300230.SZ,20240124,3.54,3.61,3.45,3.59,132489.0,46862.169
600298.SH,20240124,32.38,32.79,31.84,32.6,41543.89,134518.365
603180.SH,20240124,21.55,22.0,20.67,21.63,17203.85,36787.305
002045.SZ,20240124,13.01,13.16,12.55,13.11,96841.78,124889.926
000663.SZ,20240124,7.2,7.42,6.95,7.34,76077.01,54688.639
002724.SZ,20240124,6.62,6.68,6.38,6.66,50094.34,32802.353
688076.SH,20240124,38.5,39.65,38.1,39.39,18361.9,71733.029
688233.SH,20240124,27.32,27.49,25.88,27.16,12605.05,33522.481
600539.SH,20240124,6.02,6.33,5.99,6.32,69288.0,42780.871
300686.SZ,20240124,8.17,8.36,7.89,8.24,48497.0,39391.828
688686.SH,20240124,85.31,85.44,80.5,84.42,4409.71,36639.614
300539.SZ,20240124,9.84,10.05,9.49,9.86,36220.0,35293.735
300276.SZ,20240124,3.44,3.51,3.34,3.51,241262.84,82974.682
002661.SZ,20240124,8.17,8.4,8.0,8.31,45878.77,37721.976
688359.SH,20240124,66.5,67.5,64.6,66.67,2417.11,16015.403
600841.SH,20240124,5.0,5.14,4.93,5.14,82746.14,41731.893
600572.SH,20240124,4.48,4.52,4.27,4.45,570252.79,250282.261
688139.SH,20240124,31.63,31.99,30.12,31.4,26664.11,82340.645
002423.SZ,20240124,6.36,6.99,6.29,6.99,356608.02,240371.062
301021.SZ,20240124,21.07,21.19,20.0,20.79,28370.43,58574.802
000514.SZ,20240124,3.78,4.13,3.78,4.05,438724.15,175581.391
603920.SH,20240124,15.15,15.23,14.36,15.03,70720.43,104573.632
300831.SZ,20240124,10.4,10.48,9.95,10.44,25481.0,26006.918
688222.SH,20240124,12.53,12.64,11.81,12.4,35181.71,42972.31
002463.SZ,20240124,22.67,22.7,21.88,22.55,259222.08,577904.525
600615.SH,20240124,10.26,10.58,10.02,10.38,40680.1,41908.558
688366.SH,20240124,92.29,94.59,90.27,94.21,4917.36,45603.702
000820.SZ,20240124,4.04,4.16,3.93,4.04,125848.0,50893.749
301257.SZ,20240124,49.96,50.97,47.39,49.6,19650.8,95925.576
300168.SZ,20240124,7.03,7.13,6.81,7.12,118574.11,82931.52
300801.SZ,20240124,13.69,13.96,13.2,13.78,19193.81,26127.099
688595.SH,20240124,33.1,33.69,31.1,32.29,31233.73,99966.144
603519.SH,20240124,11.95,12.0,11.35,11.85,26789.96,31390.819
603688.SH,20240124,80.98,81.87,78.19,78.19,139253.68,1095925.512
300396.SZ,20240124,25.28,25.94,24.51,25.85,21132.13,53567.878
301076.SZ,20240124,26.28,26.4,24.75,25.49,73010.43,185413.331
000799.SZ,20240124,66.6,66.8,63.75,65.68,46243.09,301374.682
002087.SZ,20240124,1.43,1.56,1.43,1.46,326935.94,47593.732
300549.SZ,20240124,15.73,15.98,15.17,15.86,18291.0,28581.49
600644.SH,20240124,5.98,6.11,5.85,6.09,81182.86,48557.994
688160.SH,20240124,44.4,44.65,41.8,43.48,10540.61,45379.352
002453.SZ,20240124,9.16,9.22,8.63,9.13,96263.0,86020.91
688172.SH,20240124,15.08,15.15,14.33,15.06,30456.57,45027.239
301486.SZ,20240124,37.3,37.51,35.34,37.01,16369.76,59971.51
301163.SZ,20240124,22.36,22.66,21.0,22.1,11327.67,24726.387
920693.BJ,20240124,31.95,34.6,31.63,33.89,19741.34,66226.973
300055.SZ,20240124,5.44,5.51,5.26,5.5,45117.47,24368.873
002922.SZ,20240124,15.0,15.15,14.2,14.8,101430.81,148667.296
688597.SH,20240124,7.6,7.73,7.25,7.59,31909.67,23895.45
605389.SH,20240124,28.1,28.2,27.07,27.92,48516.0,134082.385
002310.SZ,20240124,1.73,1.77,1.69,1.77,637774.98,110641.7
600480.SH,20240124,8.35,8.41,7.96,8.3,199139.59,162750.475
002381.SZ,20240124,7.54,7.8,7.36,7.68,132441.07,100368.706
600425.SH,20240124,3.55,3.62,3.48,3.62,263411.01,93731.835
600853.SH,20240124,3.97,4.03,3.86,4.02,260379.65,102996.19
300967.SZ,20240124,11.94,12.18,11.54,12.02,16674.15,19843.058
002803.SZ,20240124,17.25,17.5,16.5,17.23,81333.55,138679.436
600606.SH,20240124,2.1,2.23,2.1,2.22,776671.5,168567.847
301151.SZ,20240124,16.28,16.59,15.99,16.51,25363.29,41527.918
600239.SH,20240124,2.44,2.65,2.43,2.57,919558.19,231183.556
000420.SZ,20240124,2.74,2.81,2.66,2.79,256134.0,70149.067
002739.SZ,20240124,11.69,11.86,11.45,11.85,191913.43,224250.802
603183.SH,20240124,4.09,4.18,3.99,4.18,97251.68,39949.231
603300.SH,20240124,5.78,6.09,5.73,6.01,263480.58,155476.23
000725.SZ,20240124,3.59,3.67,3.53,3.66,2687910.11,967834.694
601211.SH,20240124,14.32,14.84,14.18,14.74,413066.34,598711.267
002926.SZ,20240124,7.64,8.09,7.46,8.04,619106.16,480515.716
688239.SH,20240124,36.9,36.98,34.6,35.84,32492.92,114976.996
002891.SZ,20240124,23.34,23.95,22.76,23.54,27461.38,64191.696
920351.BJ,20240124,9.13,10.36,8.9,9.42,122108.53,117217.693
000837.SZ,20240124,8.08,8.19,7.84,8.17,154883.87,124683.75
920504.BJ,20240124,20.6,22.88,19.45,22.58,55570.16,118098.571
300761.SZ,20240124,18.8,19.16,18.36,18.86,16526.24,30775.294
300661.SZ,20240124,67.16,67.3,63.8,65.99,32092.33,209542.075
688690.SH,20240124,21.78,21.83,20.5,21.26,35214.92,74239.594
600246.SH,20240124,5.83,5.9,5.65,5.75,208313.62,119804.604
002459.SZ,20240124,21.01,21.34,20.1,20.98,1181088.4,2443178.41
688639.SH,20240124,105.05,107.78,102.27,104.28,8924.58,93329.085
600179.SH,20240124,2.26,2.31,2.22,2.3,214050.55,48688.112
002055.SZ,20240124,7.47,7.6,7.17,7.53,106769.44,78910.693
300735.SZ,20240124,18.0,18.3,17.35,18.15,225478.39,403156.73
000090.SZ,20240124,4.33,4.44,4.26,4.44,388599.53,169922.093
002701.SZ,20240124,3.88,3.96,3.78,3.92,150585.8,58364.316
688665.SH,20240124,54.8,55.69,52.69,55.36,3958.12,21521.783
688183.SH,20240124,8.58,8.63,8.18,8.48,34605.8,28985.499
601519.SH,20240124,7.96,8.42,7.68,8.32,1702695.8,1380162.568
000686.SZ,20240124,6.63,6.93,6.55,6.89,272637.13,183459.012
601607.SH,20240124,15.81,16.05,15.6,16.0,93614.37,148466.03
600894.SH,20240124,6.59,6.85,6.54,6.83,81037.38,54468.999
920895.BJ,20240124,12.8,12.89,12.09,12.8,18375.27,22964.928
002903.SZ,20240124,18.88,19.12,17.91,18.71,69156.71,127710.038
300315.SZ,20240124,4.65,4.68,4.43,4.6,1440133.65,655474.025
688113.SH,20240124,35.33,36.28,34.2,35.66,2320.28,8199.936
002962.SZ,20240124,15.55,15.95,14.75,15.27,271058.96,412598.723
920533.BJ,20240124,16.27,16.54,15.41,16.01,11898.42,19010.414
300004.SZ,20240124,5.21,5.32,5.05,5.26,71798.02,37196.914
002078.SZ,20240124,11.83,12.1,11.75,12.05,149094.38,178367.188
300542.SZ,20240124,10.55,10.88,10.24,10.83,48059.11,50688.547
002892.SZ,20240124,13.24,13.38,12.5,13.0,110323.75,142215.165
600406.SH,20240124,20.74,20.74,20.24,20.66,253083.62,518528.254
600234.SH,20240124,7.01,7.22,6.82,7.16,38918.0,27472.324
605122.SH,20240124,13.59,13.79,13.11,13.63,16515.8,22237.39
000338.SZ,20240124,14.36,14.76,14.31,14.7,755256.58,1097480.194
600738.SH,20240124,4.66,4.77,4.6,4.77,139820.0,65528.098
603313.SH,20240124,11.03,11.38,10.4,10.91,74616.43,81039.69
920685.BJ,20240124,11.0,11.38,10.3,11.26,12797.89,13967.135
002246.SZ,20240124,6.98,7.24,6.97,7.22,47639.02,33844.693
605555.SH,20240124,19.02,19.25,18.35,18.95,32807.32,61556.458
002861.SZ,20240124,11.18,12.0,11.01,11.52,83092.23,94787.574
002556.SZ,20240124,4.94,5.1,4.86,5.1,103466.75,51641.476
000797.SZ,20240124,2.69,2.84,2.68,2.84,330787.0,91781.219
003009.SZ,20240124,42.5,43.18,41.26,43.04,8586.68,36262.493
603998.SH,20240124,9.59,9.72,9.2,9.58,49903.8,47214.534
002772.SZ,20240124,6.94,7.11,6.75,7.08,41978.85,29181.498
300730.SZ,20240124,10.8,10.94,10.5,10.92,43276.0,46425.857
002642.SZ,20240124,6.45,6.55,6.23,6.5,199482.0,128074.291
002530.SZ,20240124,7.13,7.26,6.85,7.21,148855.83,105900.18
301075.SZ,20240124,22.05,22.54,21.25,22.36,12799.8,28082.805
000534.SZ,20240124,10.9,10.95,10.45,10.91,24822.88,26614.762
603323.SH,20240124,4.27,4.34,4.2,4.34,279613.92,119860.679
300988.SZ,20240124,16.5,17.04,16.03,16.67,18172.8,30011.021
605086.SH,20240124,22.34,22.56,21.58,22.4,20989.0,46515.423
300354.SZ,20240124,40.0,40.79,38.47,40.09,12747.58,50312.901
300360.SZ,20240124,15.0,15.35,14.76,15.26,125841.64,189294.0
002376.SZ,20240124,6.14,6.24,5.95,6.21,93825.05,57241.608
000906.SZ,20240124,6.64,6.87,6.57,6.86,58934.78,39647.384
300382.SZ,20240124,7.99,8.04,7.61,7.94,62264.0,48638.571
600740.SH,20240124,4.57,4.65,4.48,4.64,123285.61,56490.539
002588.SZ,20240124,5.76,5.91,5.66,5.89,131516.14,76088.985
002276.SZ,20240124,8.5,8.62,8.21,8.58,123362.0,104287.411
600789.SH,20240124,5.98,6.09,5.85,6.08,242952.5,145702.8
920799.BJ,20240124,14.58,16.44,13.48,15.58,194929.43,284047.128
301189.SZ,20240124,23.18,23.33,22.31,23.18,9090.56,20804.61
603587.SH,20240124,12.65,13.07,12.55,12.98,34292.64,43919.394
300218.SZ,20240124,11.4,11.72,11.0,11.47,42959.0,48831.014
300897.SZ,20240124,27.79,28.47,27.07,28.3,7740.0,21556.868
601995.SH,20240124,32.69,33.78,31.96,33.44,283111.49,932504.845
603130.SH,20240124,20.0,21.15,19.85,21.1,35624.48,73866.274
603680.SH,20240124,7.93,8.2,7.8,8.17,24691.64,19832.162
002179.SZ,20240124,31.73,32.26,31.33,32.19,126671.78,403471.919
300229.SZ,20240124,13.85,14.1,13.44,14.02,219998.16,303532.297
600736.SH,20240124,4.28,4.45,4.28,4.44,96889.0,42289.551
601336.SH,20240124,28.21,29.75,28.02,29.49,211094.54,609412.174
920957.BJ,20240124,8.23,8.35,7.83,8.11,6219.6,4993.91
605266.SH,20240124,55.0,55.0,51.68,53.97,10612.76,56341.881
000937.SZ,20240124,7.16,7.3,7.12,7.3,484212.77,349549.77
600616.SH,20240124,5.59,5.8,5.56,5.79,79467.6,45409.763
300905.SZ,20240124,15.02,15.27,14.45,14.97,31555.07,46860.067
603986.SH,20240124,73.8,73.94,69.9,72.1,131248.61,938844.736
605080.SH,20240124,18.93,19.89,18.9,19.56,36776.05,71572.239
600787.SH,20240124,4.61,4.83,4.6,4.83,174980.0,82418.242
603700.SH,20240124,12.14,12.41,11.69,12.18,28538.0,34463.411
688353.SH,20240124,25.18,25.5,24.04,25.45,10790.29,26836.168
300535.SZ,20240124,14.63,15.23,14.29,14.92,36758.78,54241.304
001373.SZ,20240124,34.22,34.89,32.9,34.22,11166.34,37925.831
300435.SZ,20240124,12.15,12.49,11.88,12.36,42331.0,51866.304
600215.SH,20240124,8.45,8.86,8.06,8.58,193611.95,163911.095
000065.SZ,20240124,9.84,10.22,9.7,10.2,112232.25,111962.119
601128.SH,20240124,6.69,6.81,6.6,6.77,237629.0,159384.292
603289.SH,20240124,8.22,8.48,8.05,8.48,58378.0,48517.547
300034.SZ,20240124,16.35,16.58,15.71,16.47,120832.77,194567.829
600989.SH,20240124,13.75,13.94,13.55,13.8,167743.29,231010.641
300389.SZ,20240124,15.51,15.79,14.8,15.37,46045.94,70359.313
301186.SZ,20240124,33.6,34.09,32.2,33.56,6611.84,21857.777
601319.SH,20240124,4.68,4.93,4.68,4.89,1092782.63,524369.961
603829.SH,20240124,13.59,13.68,12.69,13.18,44459.0,58669.246
002240.SZ,20240124,23.02,23.23,22.05,23.14,337266.15,765647.409
920971.BJ,20240124,14.47,14.83,13.31,13.89,25109.89,34732.018
300737.SZ,20240124,5.3,5.44,5.16,5.42,110276.05,58663.953
300313.SZ,20240124,10.5,11.14,10.44,10.75,147063.0,159361.647
301345.SZ,20240124,56.71,59.33,56.37,59.25,8553.87,49559.787
002158.SZ,20240124,19.56,19.9,19.16,19.86,40190.92,78589.514
000785.SZ,20240124,2.86,2.96,2.84,2.96,247070.3,71729.494
600711.SH,20240124,3.71,3.8,3.64,3.79,266599.03,99515.685
002893.SZ,20240124,9.42,9.57,9.11,9.46,69580.0,65110.559
688199.SH,20240124,22.18,22.45,21.3,22.3,13523.68,29643.827
688061.SH,20240124,29.05,29.45,27.95,29.16,6910.87,19902.221
601225.SH,20240124,22.85,23.55,22.85,23.33,376382.34,873246.21
300895.SZ,20240124,26.95,27.34,25.92,27.2,27776.88,74330.647
603373.SH,20240124,35.9,39.0,35.2,37.65,72126.39,266027.407
600686.SH,20240124,6.5,6.57,6.29,6.53,179483.74,115844.865
300585.SZ,20240124,13.11,13.28,12.55,13.06,44042.0,56786.734
002316.SZ,20240124,4.55,4.67,4.41,4.65,191159.0,87246.946
002390.SZ,20240124,3.91,3.98,3.81,3.96,180798.62,70547.482
688355.SH,20240124,15.53,15.89,14.96,15.57,9897.74,15201.826
603069.SH,20240124,15.78,16.06,15.46,16.03,30364.45,48116.565
002263.SZ,20240124,2.25,2.3,2.19,2.28,131881.0,29706.591
603023.SH,20240124,3.75,3.84,3.63,3.77,153042.56,57193.998
920367.BJ,20240124,13.99,14.17,13.22,13.82,13644.65,18653.537
600315.SH,20240124,18.89,19.29,18.58,19.2,48983.57,93005.023
603798.SH,20240124,10.61,11.31,10.45,10.7,270092.48,293378.613
002517.SZ,20240124,11.08,11.29,10.85,11.26,1342313.96,1490616.961
001326.SZ,20240124,44.11,44.9,42.1,43.45,15571.36,67431.512
301418.SZ,20240124,42.44,42.75,40.46,42.12,7963.63,33133.667
002255.SZ,20240124,4.76,4.9,4.68,4.88,232475.02,111413.867
920837.BJ,20240124,8.21,9.56,7.83,9.29,111559.39,97041.889
600238.SH,20240124,8.61,8.9,8.46,8.87,58784.0,51205.752
600815.SH,20240124,2.77,3.03,2.74,2.93,649479.15,189077.456
002383.SZ,20240124,6.62,6.72,6.38,6.68,97746.48,64125.724
300381.SZ,20240124,5.98,6.04,5.69,5.98,65720.23,38575.158
920870.BJ,20240124,13.01,13.14,11.9,12.37,35029.24,43464.286
688339.SH,20240124,38.56,40.11,37.61,38.6,19757.19,76686.191
603880.SH,20240124,4.8,4.9,4.74,4.88,9497.6,4587.309
688513.SH,20240124,55.05,55.2,53.41,54.39,2400.54,12989.812
002692.SZ,20240124,4.12,4.23,3.99,4.16,80064.07,32902.778
002878.SZ,20240124,15.36,15.62,14.87,15.54,55184.0,84407.769
300858.SZ,20240124,17.12,17.28,16.5,17.15,17386.15,29584.135
002960.SZ,20240124,12.62,12.67,12.04,12.5,46772.24,57804.939
301391.SZ,20240124,105.79,105.79,100.12,103.31,4075.19,41752.335
300208.SZ,20240124,5.84,5.88,5.59,5.85,47879.0,27522.631
603856.SH,20240124,12.1,12.42,11.52,12.34,44289.0,53392.872
688603.SH,20240124,52.58,52.75,49.28,51.38,6642.78,33735.631
600528.SH,20240124,6.83,7.16,6.78,7.14,174448.72,121525.559
301226.SZ,20240124,18.2,18.38,17.48,18.12,13895.83,24890.823
300791.SZ,20240124,31.0,31.9,30.4,31.05,17855.0,55531.611
600025.SH,20240124,8.44,8.59,8.42,8.59,312314.18,266144.954
688058.SH,20240124,38.1,38.3,35.88,37.7,8415.59,31057.728
688509.SH,20240124,4.0,4.17,3.96,4.15,135539.41,55064.644
300643.SZ,20240124,10.18,10.36,9.82,10.26,38771.99,39164.073
300334.SZ,20240124,6.6,6.82,6.5,6.81,45695.1,30539.923
601233.SH,20240124,12.6,12.9,12.32,12.72,169354.5,214114.277
002728.SZ,20240124,15.58,16.0,15.28,15.84,179283.93,281593.196
600258.SH,20240124,14.5,14.7,14.18,14.6,95247.55,137747.5
603065.SH,20240124,11.61,12.0,11.48,12.0,40230.62,47222.884
600882.SH,20240124,14.66,15.5,14.66,15.22,99466.64,149977.014
301167.SZ,20240124,14.2,14.66,13.87,14.58,21519.64,30769.484
603338.SH,20240124,52.47,52.92,50.58,52.25,18943.38,98199.028
002267.SZ,20240124,6.59,6.81,6.56,6.79,42060.56,28136.619
688084.SH,20240124,63.5,64.29,60.61,63.5,1765.14,11026.324
688053.SH,20240124,36.11,36.8,34.46,35.71,7283.38,25586.159
301287.SZ,20240124,32.28,33.9,31.77,32.68,21493.98,70626.636
300368.SZ,20240124,6.84,7.29,6.83,7.22,444519.49,313636.319
002671.SZ,20240124,4.46,4.55,4.36,4.5,155778.0,69567.983
600020.SH,20240124,3.49,3.64,3.48,3.64,145177.53,51588.23
603477.SH,20240124,31.99,32.08,31.23,31.91,41402.77,131116.102
688478.SH,20240124,40.17,40.57,36.46,38.26,25177.28,95653.5
603662.SH,20240124,27.78,27.78,26.0,27.18,87601.7,234315.51
603518.SH,20240124,10.33,11.03,10.22,10.61,267941.28,285435.916
000573.SZ,20240124,3.1,3.25,3.04,3.18,187855.0,59027.979
002501.SZ,20240124,1.26,1.31,1.24,1.29,220792.49,28230.703
002822.SZ,20240124,3.74,3.85,3.66,3.83,126072.0,47435.679
688401.SH,20240124,26.0,26.19,24.6,25.3,21752.86,54711.918
605303.SH,20240124,10.2,10.77,10.11,10.6,58057.0,61180.285
300139.SZ,20240124,8.45,8.57,8.18,8.49,61265.0,51589.704
603018.SH,20240124,7.02,7.06,6.8,7.02,85386.76,59395.817
603933.SH,20240124,12.58,12.82,12.2,12.75,33866.0,42463.749
002611.SZ,20240124,4.97,5.05,4.66,4.9,606471.59,293423.238
002657.SZ,20240124,15.18,15.49,14.58,15.36,109138.82,164282.99
603260.SH,20240124,48.9,48.9,46.69,47.86,34933.49,166222.653
920982.BJ,20240124,213.0,227.21,213.0,222.83,2516.09,55751.639
300898.SZ,20240124,19.98,21.38,19.63,21.15,49602.7,101545.062
002057.SZ,20240124,6.7,6.96,6.55,6.93,124993.07,84118.683
688153.SH,20240124,54.0,55.29,53.23,54.4,11824.76,64226.533
002067.SZ,20240124,3.0,3.08,2.93,3.06,205845.15,62014.458
000830.SZ,20240124,9.12,9.27,8.95,9.25,87980.1,80438.981
000669.SZ,20240124,2.14,2.14,2.14,2.14,32763.98,7011.492
603990.SH,20240124,10.39,10.57,10.07,10.51,61432.33,63604.168
603337.SH,20240124,19.59,19.84,19.12,19.53,17856.0,34764.934
002032.SZ,20240124,50.04,50.73,49.57,50.5,19745.37,99079.069
603927.SH,20240124,24.69,24.7,23.38,24.58,67623.02,162815.925
603701.SH,20240124,12.88,12.88,11.88,12.57,46542.62,57660.483
000965.SZ,20240124,2.84,3.0,2.84,3.0,209977.32,61825.264
600461.SH,20240124,8.57,8.72,8.39,8.67,109791.3,94155.982
603021.SH,20240124,5.22,5.36,5.06,5.22,84348.6,44037.877
601857.SH,20240124,7.02,7.27,6.99,7.26,1699854.31,1215700.399
000996.SZ,20240124,2.87,3.05,2.86,2.97,123257.75,36184.377
601100.SH,20240124,52.65,53.2,51.5,52.95,51498.17,269593.962
002386.SZ,20240124,4.44,4.52,4.34,4.52,98468.18,43880.732
000518.SZ,20240124,2.85,2.95,2.79,2.9,178380.14,51319.36
688231.SH,20240124,18.37,18.63,17.63,18.42,14927.08,27006.894
002647.SZ,20240124,5.73,6.0,5.63,5.96,208864.0,121458.582
603006.SH,20240124,10.97,11.12,10.6,11.0,43446.0,47217.066
002083.SZ,20240124,4.46,4.61,4.36,4.54,175050.69,78922.937
300453.SZ,20240124,6.62,6.76,6.38,6.63,61118.54,40109.8
300462.SZ,20240124,9.58,9.92,9.36,9.8,60876.0,58690.728
601012.SH,20240124,22.09,22.19,21.11,21.78,1663237.71,3595040.079
300582.SZ,20240124,9.6,9.78,9.17,9.67,46819.64,44393.917
603275.SH,20240124,33.88,34.15,32.99,34.05,9784.69,32973.907
002051.SZ,20240124,7.04,7.33,6.91,7.32,205514.37,146808.431
300102.SZ,20240124,6.51,6.55,6.18,6.47,233383.2,148589.727
300020.SZ,20240124,6.32,6.47,6.15,6.44,232469.46,146804.183
688602.SH,20240124,9.25,9.26,8.76,9.09,43452.32,39105.556
920239.BJ,20240124,14.15,14.5,13.43,13.99,15874.58,21982.62
688623.SH,20240124,64.8,64.8,62.44,64.3,2316.96,14749.796
600794.SH,20240124,3.69,3.85,3.66,3.84,159091.2,59927.052
301377.SZ,20240124,17.57,17.77,16.82,17.65,29955.71,51879.978
000564.SZ,20240124,1.94,1.99,1.87,1.89,3731595.53,707705.406
600698.SH,20240124,4.7,4.82,4.58,4.78,115756.9,54572.964
002153.SZ,20240124,7.8,7.94,7.54,7.92,205730.97,159510.611
688073.SH,20240124,46.46,46.79,43.67,45.56,5944.87,26772.602
302132.SZ,20240124,35.8,36.59,35.0,36.5,59583.55,213414.991
